Timestamp,Value (KW)
29-Jul-18 1:00:01 PM AST,553
29-Jul-18 1:15:01 PM AST,553
29-Jul-18 1:30:01 PM AST,554
29-Jul-18 1:45:01 PM AST,552
29-Jul-18 2:00:01 PM AST,490
29-Jul-18 2:15:01 PM AST,502
29-Jul-18 2:30:01 PM AST,434
29-Jul-18 2:45:01 PM AST,382
29-Jul-18 3:00:01 PM AST,378
29-Jul-18 3:15:01 PM AST,406
29-Jul-18 3:30:01 PM AST,406
29-Jul-18 3:45:02 PM AST,240
29-Jul-18 4:00:01 PM AST,239
29-Jul-18 4:15:01 PM AST,337
29-Jul-18 4:30:02 PM AST,277
29-Jul-18 4:45:01 PM AST,99
29-Jul-18 5:00:01 PM AST,184
29-Jul-18 5:15:01 PM AST,149
29-Jul-18 5:30:01 PM AST,120
29-Jul-18 5:45:01 PM AST,100
29-Jul-18 6:00:01 PM AST,68
29-Jul-18 6:15:02 PM AST,38
29-Jul-18 6:30:01 PM AST,13
29-Jul-18 6:45:01 PM AST,1
29-Jul-18 7:00:01 PM AST,1
29-Jul-18 7:15:01 PM AST,1
29-Jul-18 7:30:01 PM AST,0
29-Jul-18 7:45:01 PM AST,0
29-Jul-18 8:00:03 PM AST,0
29-Jul-18 8:15:01 PM AST,0
29-Jul-18 8:30:01 PM AST,0
29-Jul-18 8:45:01 PM AST,0
29-Jul-18 9:00:01 PM AST,0
29-Jul-18 9:15:01 PM AST,0
29-Jul-18 9:30:01 PM AST,0
29-Jul-18 9:45:01 PM AST,0
29-Jul-18 10:00:01 PM AST,0
29-Jul-18 10:15:01 PM AST,0
29-Jul-18 10:30:01 PM AST,0
29-Jul-18 10:45:01 PM AST,0
29-Jul-18 11:00:01 PM AST,0
29-Jul-18 11:15:01 PM AST,0
29-Jul-18 11:30:01 PM AST,0
29-Jul-18 11:45:01 PM AST,0
30-Jul-18 12:00:01 AM AST,0
30-Jul-18 12:15:02 AM AST,0
30-Jul-18 12:30:01 AM AST,0
30-Jul-18 12:45:01 AM AST,0
30-Jul-18 1:00:01 AM AST,0
30-Jul-18 1:15:01 AM AST,0
30-Jul-18 1:30:01 AM AST,0
30-Jul-18 1:45:01 AM AST,0
30-Jul-18 2:00:01 AM AST,0
30-Jul-18 2:15:03 AM AST,0
30-Jul-18 2:30:01 AM AST,0
30-Jul-18 2:45:01 AM AST,0
30-Jul-18 3:00:02 AM AST,0
30-Jul-18 3:15:01 AM AST,0
30-Jul-18 3:30:01 AM AST,0
30-Jul-18 3:45:01 AM AST,0
30-Jul-18 4:00:01 AM AST,0
30-Jul-18 4:15:02 AM AST,0
30-Jul-18 4:30:01 AM AST,0
30-Jul-18 4:45:02 AM AST,0
30-Jul-18 5:00:01 AM AST,0
30-Jul-18 5:15:01 AM AST,0
30-Jul-18 5:30:01 AM AST,0
30-Jul-18 5:45:01 AM AST,0
30-Jul-18 6:00:01 AM AST,4
30-Jul-18 6:15:01 AM AST,1
30-Jul-18 6:30:01 AM AST,14
30-Jul-18 6:45:01 AM AST,37
30-Jul-18 7:00:01 AM AST,61
30-Jul-18 7:15:01 AM AST,87
30-Jul-18 7:30:01 AM AST,122
30-Jul-18 7:45:01 AM AST,142
30-Jul-18 8:00:01 AM AST,163
30-Jul-18 8:15:01 AM AST,197
30-Jul-18 8:30:01 AM AST,231
30-Jul-18 8:45:05 AM AST,261
30-Jul-18 9:00:02 AM AST,291
30-Jul-18 9:15:01 AM AST,317
30-Jul-18 9:30:01 AM AST,311
30-Jul-18 9:45:01 AM AST,337
30-Jul-18 10:00:01 AM AST,393
30-Jul-18 10:15:01 AM AST,472
30-Jul-18 10:30:02 AM AST,458
30-Jul-18 10:45:01 AM AST,472
30-Jul-18 11:00:01 AM AST,493
30-Jul-18 11:15:01 AM AST,507
30-Jul-18 11:30:02 AM AST,518
30-Jul-18 11:45:01 AM AST,532
30-Jul-18 12:00:01 PM AST,541
30-Jul-18 12:15:01 PM AST,544
30-Jul-18 12:30:02 PM AST,542
30-Jul-18 12:45:01 PM AST,547
30-Jul-18 1:00:01 PM AST,545
30-Jul-18 1:15:01 PM AST,539
30-Jul-18 1:30:02 PM AST,541
30-Jul-18 1:45:01 PM AST,528
30-Jul-18 2:00:01 PM AST,532
30-Jul-18 2:15:01 PM AST,436
30-Jul-18 2:30:01 PM AST,492
30-Jul-18 2:45:01 PM AST,465
30-Jul-18 3:00:01 PM AST,441
30-Jul-18 3:15:01 PM AST,422
30-Jul-18 3:30:01 PM AST,387
30-Jul-18 3:45:01 PM AST,363
30-Jul-18 4:00:01 PM AST,329
30-Jul-18 4:15:01 PM AST,296
30-Jul-18 4:30:01 PM AST,257
30-Jul-18 4:45:01 PM AST,231
30-Jul-18 5:00:02 PM AST,190
30-Jul-18 5:15:01 PM AST,163
30-Jul-18 5:30:01 PM AST,129
30-Jul-18 5:45:01 PM AST,97
30-Jul-18 6:00:01 PM AST,67
30-Jul-18 6:15:01 PM AST,39
30-Jul-18 6:30:01 PM AST,17
30-Jul-18 6:45:01 PM AST,2
30-Jul-18 7:00:02 PM AST,0
30-Jul-18 7:15:01 PM AST,0
30-Jul-18 7:30:01 PM AST,0
30-Jul-18 7:45:01 PM AST,0
30-Jul-18 8:00:01 PM AST,0
30-Jul-18 8:15:01 PM AST,0
30-Jul-18 8:30:01 PM AST,0
30-Jul-18 8:45:01 PM AST,0
30-Jul-18 9:00:01 PM AST,0
30-Jul-18 9:15:01 PM AST,0
30-Jul-18 9:30:01 PM AST,0
30-Jul-18 9:45:01 PM AST,0
30-Jul-18 10:00:05 PM AST,0
30-Jul-18 10:15:01 PM AST,0
30-Jul-18 10:30:01 PM AST,0
30-Jul-18 10:45:01 PM AST,0
30-Jul-18 11:00:01 PM AST,0
30-Jul-18 11:15:02 PM AST,0
30-Jul-18 11:30:01 PM AST,0
30-Jul-18 11:45:01 PM AST,0
31-Jul-18 12:00:01 AM AST,0
31-Jul-18 12:15:01 AM AST,0
31-Jul-18 12:30:01 AM AST,0
31-Jul-18 12:45:01 AM AST,0
31-Jul-18 1:00:02 AM AST,0
31-Jul-18 1:15:01 AM AST,0
31-Jul-18 1:30:01 AM AST,0
31-Jul-18 1:45:01 AM AST,0
31-Jul-18 2:00:01 AM AST,0
31-Jul-18 2:15:01 AM AST,0
31-Jul-18 2:30:01 AM AST,0
31-Jul-18 2:45:01 AM AST,0
31-Jul-18 3:00:01 AM AST,0
31-Jul-18 3:15:01 AM AST,0
31-Jul-18 3:30:01 AM AST,0
31-Jul-18 3:45:02 AM AST,0
31-Jul-18 4:00:01 AM AST,0
31-Jul-18 4:15:02 AM AST,0
31-Jul-18 4:30:01 AM AST,0
31-Jul-18 4:45:01 AM AST,0
31-Jul-18 5:00:01 AM AST,0
31-Jul-18 5:15:01 AM AST,0
31-Jul-18 5:30:01 AM AST,0
31-Jul-18 5:45:01 AM AST,0
31-Jul-18 6:00:01 AM AST,4
31-Jul-18 6:15:01 AM AST,3
31-Jul-18 6:30:01 AM AST,25
31-Jul-18 6:45:01 AM AST,45
31-Jul-18 7:00:01 AM AST,71
31-Jul-18 7:15:01 AM AST,89
31-Jul-18 7:30:01 AM AST,115
31-Jul-18 7:45:02 AM AST,142
31-Jul-18 8:00:01 AM AST,169
31-Jul-18 8:15:01 AM AST,205
31-Jul-18 8:30:01 AM AST,238
31-Jul-18 8:45:01 AM AST,252
31-Jul-18 9:00:01 AM AST,289
31-Jul-18 9:15:01 AM AST,316
31-Jul-18 9:30:01 AM AST,348
31-Jul-18 9:45:01 AM AST,387
31-Jul-18 10:00:01 AM AST,411
31-Jul-18 10:15:01 AM AST,439
31-Jul-18 10:30:01 AM AST,469
31-Jul-18 10:45:01 AM AST,483
31-Jul-18 11:00:01 AM AST,498
31-Jul-18 11:15:01 AM AST,510
31-Jul-18 11:30:01 AM AST,521
31-Jul-18 11:45:01 AM AST,532
31-Jul-18 12:00:00 PM AST,543
31-Jul-18 12:15:01 PM AST,543
31-Jul-18 12:30:01 PM AST,551
31-Jul-18 12:45:01 PM AST,549
31-Jul-18 1:00:01 PM AST,550
31-Jul-18 1:15:01 PM AST,546
31-Jul-18 1:30:01 PM AST,543
31-Jul-18 1:45:01 PM AST,531
31-Jul-18 2:00:01 PM AST,506
31-Jul-18 2:15:01 PM AST,443
31-Jul-18 2:30:01 PM AST,415
31-Jul-18 2:45:01 PM AST,460
31-Jul-18 3:00:01 PM AST,441
31-Jul-18 3:15:01 PM AST,423
31-Jul-18 3:30:01 PM AST,392
31-Jul-18 3:45:01 PM AST,359
31-Jul-18 4:00:01 PM AST,322
31-Jul-18 4:15:01 PM AST,289
31-Jul-18 4:30:02 PM AST,252
31-Jul-18 4:45:01 PM AST,225
31-Jul-18 5:00:01 PM AST,197
31-Jul-18 5:15:02 PM AST,165
31-Jul-18 5:30:01 PM AST,130
31-Jul-18 5:45:01 PM AST,100
31-Jul-18 6:00:01 PM AST,66
31-Jul-18 6:15:01 PM AST,39
31-Jul-18 6:30:01 PM AST,17
31-Jul-18 6:45:02 PM AST,3
31-Jul-18 7:00:01 PM AST,0
31-Jul-18 7:15:01 PM AST,0
31-Jul-18 7:30:01 PM AST,0
31-Jul-18 7:45:01 PM AST,0
31-Jul-18 8:00:02 PM AST,0
31-Jul-18 8:15:01 PM AST,0
31-Jul-18 8:30:01 PM AST,0
31-Jul-18 8:45:01 PM AST,0
31-Jul-18 9:00:01 PM AST,0
31-Jul-18 9:15:01 PM AST,0
31-Jul-18 9:30:02 PM AST,0
31-Jul-18 9:45:02 PM AST,0
31-Jul-18 10:00:01 PM AST,0
31-Jul-18 10:15:01 PM AST,0
31-Jul-18 10:30:01 PM AST,0
31-Jul-18 10:45:01 PM AST,0
31-Jul-18 11:00:02 PM AST,0
31-Jul-18 11:15:02 PM AST,0
31-Jul-18 11:30:03 PM AST,0
31-Jul-18 11:45:01 PM AST,0
01-Aug-18 12:00:01 AM AST,0
01-Aug-18 12:15:01 AM AST,0
01-Aug-18 12:30:01 AM AST,0
01-Aug-18 12:45:01 AM AST,0
01-Aug-18 1:00:01 AM AST,0
01-Aug-18 1:15:01 AM AST,0
01-Aug-18 1:30:02 AM AST,0
01-Aug-18 1:45:01 AM AST,0
01-Aug-18 2:00:02 AM AST,0
01-Aug-18 2:15:01 AM AST,0
01-Aug-18 2:30:01 AM AST,0
01-Aug-18 2:45:01 AM AST,0
01-Aug-18 3:00:01 AM AST,0
01-Aug-18 3:15:01 AM AST,0
01-Aug-18 3:30:01 AM AST,0
01-Aug-18 3:45:01 AM AST,0
01-Aug-18 4:00:01 AM AST,0
01-Aug-18 4:15:01 AM AST,0
01-Aug-18 4:30:01 AM AST,0
01-Aug-18 4:45:01 AM AST,0
01-Aug-18 5:00:01 AM AST,0
01-Aug-18 5:15:01 AM AST,0
01-Aug-18 5:30:02 AM AST,0
01-Aug-18 5:45:01 AM AST,0
01-Aug-18 6:00:02 AM AST,4
01-Aug-18 6:15:01 AM AST,3
01-Aug-18 6:30:02 AM AST,22
01-Aug-18 6:45:01 AM AST,51
01-Aug-18 7:00:01 AM AST,71
01-Aug-18 7:15:01 AM AST,91
01-Aug-18 7:30:01 AM AST,118
01-Aug-18 7:45:01 AM AST,146
01-Aug-18 8:00:01 AM AST,171
01-Aug-18 8:15:01 AM AST,202
01-Aug-18 8:30:01 AM AST,236
01-Aug-18 8:45:01 AM AST,255
01-Aug-18 9:00:01 AM AST,290
01-Aug-18 9:15:01 AM AST,319
01-Aug-18 9:30:01 AM AST,353
01-Aug-18 9:45:01 AM AST,379
01-Aug-18 10:00:01 AM AST,405
01-Aug-18 10:15:01 AM AST,408
01-Aug-18 10:30:01 AM AST,459
01-Aug-18 10:45:01 AM AST,479
01-Aug-18 11:00:02 AM AST,499
01-Aug-18 11:15:02 AM AST,522
01-Aug-18 11:30:01 AM AST,531
01-Aug-18 11:45:01 AM AST,540
01-Aug-18 12:00:02 PM AST,532
01-Aug-18 12:15:01 PM AST,544
01-Aug-18 12:30:01 PM AST,549
01-Aug-18 12:45:01 PM AST,558
01-Aug-18 1:00:01 PM AST,562
01-Aug-18 1:15:01 PM AST,556
01-Aug-18 1:30:01 PM AST,550
01-Aug-18 1:45:01 PM AST,537
01-Aug-18 2:00:01 PM AST,525
01-Aug-18 2:15:02 PM AST,509
01-Aug-18 2:30:01 PM AST,496
01-Aug-18 2:45:01 PM AST,474
01-Aug-18 3:00:01 PM AST,447
01-Aug-18 3:15:01 PM AST,425
01-Aug-18 3:30:01 PM AST,399
01-Aug-18 3:45:02 PM AST,367
01-Aug-18 4:00:01 PM AST,334
01-Aug-18 4:15:01 PM AST,303
01-Aug-18 4:30:01 PM AST,274
01-Aug-18 4:45:01 PM AST,235
01-Aug-18 5:00:01 PM AST,211
01-Aug-18 5:15:01 PM AST,175
01-Aug-18 5:30:01 PM AST,140
01-Aug-18 5:45:01 PM AST,105
01-Aug-18 6:00:01 PM AST,73
01-Aug-18 6:15:01 PM AST,45
01-Aug-18 6:30:01 PM AST,19
01-Aug-18 6:45:01 PM AST,2
01-Aug-18 7:00:01 PM AST,2
01-Aug-18 7:15:01 PM AST,2
01-Aug-18 7:30:01 PM AST,0
01-Aug-18 7:45:01 PM AST,0
01-Aug-18 8:00:01 PM AST,0
01-Aug-18 8:15:01 PM AST,0
01-Aug-18 8:30:01 PM AST,0
01-Aug-18 8:45:01 PM AST,0
01-Aug-18 9:00:02 PM AST,0
01-Aug-18 9:15:01 PM AST,0
01-Aug-18 9:30:01 PM AST,0
01-Aug-18 9:45:01 PM AST,0
01-Aug-18 10:00:01 PM AST,0
01-Aug-18 10:15:01 PM AST,0
01-Aug-18 10:30:01 PM AST,0
01-Aug-18 10:45:01 PM AST,0
01-Aug-18 11:00:01 PM AST,0
01-Aug-18 11:15:01 PM AST,0
01-Aug-18 11:30:01 PM AST,0
01-Aug-18 11:45:01 PM AST,0
02-Aug-18 12:00:01 AM AST,0
02-Aug-18 12:15:02 AM AST,0
02-Aug-18 12:30:01 AM AST,0
02-Aug-18 12:45:01 AM AST,0
02-Aug-18 1:00:01 AM AST,0
02-Aug-18 1:15:01 AM AST,0
02-Aug-18 1:30:01 AM AST,0
02-Aug-18 1:45:01 AM AST,0
02-Aug-18 2:00:01 AM AST,0
02-Aug-18 2:15:01 AM AST,0
02-Aug-18 2:30:01 AM AST,0
02-Aug-18 2:45:01 AM AST,0
02-Aug-18 3:00:02 AM AST,0
02-Aug-18 3:15:01 AM AST,0
02-Aug-18 3:30:01 AM AST,0
02-Aug-18 3:45:01 AM AST,0
02-Aug-18 4:00:01 AM AST,0
02-Aug-18 4:15:01 AM AST,0
02-Aug-18 4:30:02 AM AST,0
02-Aug-18 4:45:01 AM AST,0
02-Aug-18 5:00:01 AM AST,0
02-Aug-18 5:15:01 AM AST,0
02-Aug-18 5:30:01 AM AST,0
02-Aug-18 5:45:01 AM AST,0
02-Aug-18 6:00:01 AM AST,0
02-Aug-18 6:15:01 AM AST,0
02-Aug-18 6:30:01 AM AST,15
02-Aug-18 6:45:01 AM AST,39
02-Aug-18 7:00:01 AM AST,62
02-Aug-18 7:15:01 AM AST,95
02-Aug-18 7:30:01 AM AST,130
02-Aug-18 7:45:02 AM AST,170
02-Aug-18 8:00:01 AM AST,197
02-Aug-18 8:15:02 AM AST,232
02-Aug-18 8:30:01 AM AST,264
02-Aug-18 8:45:01 AM AST,294
02-Aug-18 9:00:02 AM AST,324
02-Aug-18 9:15:02 AM AST,357
02-Aug-18 9:30:01 AM AST,393
02-Aug-18 9:45:01 AM AST,426
02-Aug-18 10:00:01 AM AST,466
02-Aug-18 10:15:01 AM AST,485
02-Aug-18 10:30:01 AM AST,513
02-Aug-18 10:45:01 AM AST,525
02-Aug-18 11:00:01 AM AST,542
02-Aug-18 11:15:01 AM AST,559
02-Aug-18 11:30:01 AM AST,571
02-Aug-18 11:45:01 AM AST,577
02-Aug-18 12:00:01 PM AST,585
02-Aug-18 12:15:01 PM AST,590
02-Aug-18 12:30:01 PM AST,592
02-Aug-18 12:45:01 PM AST,588
02-Aug-18 1:00:01 PM AST,597
02-Aug-18 1:15:01 PM AST,591
02-Aug-18 1:30:01 PM AST,586
02-Aug-18 1:45:01 PM AST,572
02-Aug-18 2:00:02 PM AST,562
02-Aug-18 2:15:01 PM AST,551
02-Aug-18 2:30:01 PM AST,534
02-Aug-18 2:45:01 PM AST,509
02-Aug-18 3:00:01 PM AST,492
02-Aug-18 3:15:02 PM AST,468
02-Aug-18 3:30:01 PM AST,437
02-Aug-18 3:45:01 PM AST,400
02-Aug-18 4:00:02 PM AST,367
02-Aug-18 4:15:01 PM AST,329
02-Aug-18 4:30:01 PM AST,303
02-Aug-18 4:45:01 PM AST,264
02-Aug-18 5:00:02 PM AST,233
02-Aug-18 5:15:01 PM AST,195
02-Aug-18 5:30:01 PM AST,152
02-Aug-18 5:45:01 PM AST,111
02-Aug-18 6:00:01 PM AST,77
02-Aug-18 6:15:01 PM AST,48
02-Aug-18 6:30:01 PM AST,20
02-Aug-18 6:45:01 PM AST,2
02-Aug-18 7:00:01 PM AST,0
02-Aug-18 7:15:02 PM AST,3
02-Aug-18 7:30:01 PM AST,0
02-Aug-18 7:45:02 PM AST,0
02-Aug-18 8:00:01 PM AST,0
02-Aug-18 8:15:01 PM AST,0
02-Aug-18 8:30:01 PM AST,0
02-Aug-18 8:45:01 PM AST,0
02-Aug-18 9:00:01 PM AST,0
02-Aug-18 9:15:01 PM AST,0
02-Aug-18 9:30:01 PM AST,0
02-Aug-18 9:45:06 PM AST,0
02-Aug-18 10:00:02 PM AST,0
02-Aug-18 10:15:01 PM AST,0
02-Aug-18 10:30:01 PM AST,0
02-Aug-18 10:45:01 PM AST,0
02-Aug-18 11:00:01 PM AST,0
02-Aug-18 11:15:01 PM AST,0
02-Aug-18 11:30:02 PM AST,0
02-Aug-18 11:45:01 PM AST,0
03-Aug-18 12:00:01 AM AST,0
03-Aug-18 12:15:01 AM AST,0
03-Aug-18 12:30:01 AM AST,0
03-Aug-18 12:45:01 AM AST,0
03-Aug-18 1:00:01 AM AST,0
03-Aug-18 1:15:01 AM AST,0
03-Aug-18 1:30:01 AM AST,0
03-Aug-18 1:45:01 AM AST,0
03-Aug-18 2:00:01 AM AST,0
03-Aug-18 2:15:01 AM AST,0
03-Aug-18 2:30:01 AM AST,0
03-Aug-18 2:45:01 AM AST,0
03-Aug-18 3:00:01 AM AST,0
03-Aug-18 3:15:01 AM AST,0
03-Aug-18 3:30:01 AM AST,0
03-Aug-18 3:45:01 AM AST,0
03-Aug-18 4:00:01 AM AST,0
03-Aug-18 4:15:01 AM AST,0
03-Aug-18 4:30:01 AM AST,0
03-Aug-18 4:45:01 AM AST,0
03-Aug-18 5:00:01 AM AST,0
03-Aug-18 5:15:01 AM AST,0
03-Aug-18 5:30:01 AM AST,0
03-Aug-18 5:45:01 AM AST,0
03-Aug-18 6:00:01 AM AST,0
03-Aug-18 6:15:01 AM AST,1
03-Aug-18 6:30:01 AM AST,15
03-Aug-18 6:45:01 AM AST,42
03-Aug-18 7:00:01 AM AST,69
03-Aug-18 7:15:01 AM AST,100
03-Aug-18 7:30:01 AM AST,133
03-Aug-18 7:45:01 AM AST,169
03-Aug-18 8:00:01 AM AST,204
03-Aug-18 8:15:01 AM AST,228
03-Aug-18 8:30:02 AM AST,262
03-Aug-18 8:45:01 AM AST,283
03-Aug-18 9:00:01 AM AST,319
03-Aug-18 9:15:01 AM AST,358
03-Aug-18 9:30:01 AM AST,385
03-Aug-18 9:45:01 AM AST,418
03-Aug-18 10:00:01 AM AST,457
03-Aug-18 10:15:01 AM AST,481
03-Aug-18 10:30:01 AM AST,500
03-Aug-18 10:45:01 AM AST,520
03-Aug-18 11:00:05 AM AST,541
03-Aug-18 11:15:01 AM AST,554
03-Aug-18 11:30:01 AM AST,570
03-Aug-18 11:45:01 AM AST,579
03-Aug-18 12:00:01 PM AST,591
03-Aug-18 12:15:01 PM AST,592
03-Aug-18 12:30:01 PM AST,591
03-Aug-18 12:45:01 PM AST,594
03-Aug-18 1:00:01 PM AST,591
03-Aug-18 1:15:01 PM AST,587
03-Aug-18 1:30:01 PM AST,577
03-Aug-18 1:45:01 PM AST,570
03-Aug-18 2:00:01 PM AST,554
03-Aug-18 2:15:01 PM AST,537
03-Aug-18 2:30:01 PM AST,524
03-Aug-18 2:45:01 PM AST,511
03-Aug-18 3:00:01 PM AST,477
03-Aug-18 3:15:01 PM AST,461
03-Aug-18 3:30:01 PM AST,435
03-Aug-18 3:45:01 PM AST,399
03-Aug-18 4:00:01 PM AST,366
03-Aug-18 4:15:01 PM AST,342
03-Aug-18 4:30:01 PM AST,301
03-Aug-18 4:45:01 PM AST,275
03-Aug-18 5:00:01 PM AST,236
03-Aug-18 5:15:01 PM AST,196
03-Aug-18 5:30:01 PM AST,156
03-Aug-18 5:45:01 PM AST,111
03-Aug-18 6:00:01 PM AST,77
03-Aug-18 6:15:02 PM AST,44
03-Aug-18 6:30:01 PM AST,17
03-Aug-18 6:45:01 PM AST,1
03-Aug-18 7:00:01 PM AST,1
03-Aug-18 7:15:01 PM AST,0
03-Aug-18 7:30:01 PM AST,0
03-Aug-18 7:45:02 PM AST,0
03-Aug-18 8:00:01 PM AST,0
03-Aug-18 8:15:01 PM AST,0
03-Aug-18 8:30:02 PM AST,0
03-Aug-18 8:45:01 PM AST,0
03-Aug-18 9:00:02 PM AST,0
03-Aug-18 9:15:01 PM AST,0
03-Aug-18 9:30:01 PM AST,0
03-Aug-18 9:45:01 PM AST,0
03-Aug-18 10:00:01 PM AST,0
03-Aug-18 10:15:01 PM AST,0
03-Aug-18 10:30:01 PM AST,0
03-Aug-18 10:45:01 PM AST,0
03-Aug-18 11:00:01 PM AST,0
03-Aug-18 11:15:01 PM AST,0
03-Aug-18 11:30:01 PM AST,0
03-Aug-18 11:45:01 PM AST,0
04-Aug-18 12:00:01 AM AST,0
04-Aug-18 12:15:01 AM AST,0
04-Aug-18 12:30:01 AM AST,0
04-Aug-18 12:45:01 AM AST,0
04-Aug-18 1:00:01 AM AST,0
04-Aug-18 1:15:01 AM AST,0
04-Aug-18 1:30:01 AM AST,0
04-Aug-18 1:45:01 AM AST,0
04-Aug-18 2:00:01 AM AST,0
04-Aug-18 2:15:01 AM AST,0
04-Aug-18 2:30:01 AM AST,0
04-Aug-18 2:45:01 AM AST,0
04-Aug-18 3:00:01 AM AST,0
04-Aug-18 3:15:01 AM AST,0
04-Aug-18 3:30:01 AM AST,0
04-Aug-18 3:45:01 AM AST,0
04-Aug-18 4:00:01 AM AST,0
04-Aug-18 4:15:02 AM AST,0
04-Aug-18 4:30:01 AM AST,0
04-Aug-18 4:45:02 AM AST,0
04-Aug-18 5:00:02 AM AST,0
04-Aug-18 5:15:01 AM AST,0
04-Aug-18 5:30:01 AM AST,0
04-Aug-18 5:45:01 AM AST,0
04-Aug-18 6:00:01 AM AST,0
04-Aug-18 6:15:03 AM AST,0
04-Aug-18 6:30:01 AM AST,15
04-Aug-18 6:45:01 AM AST,41
04-Aug-18 7:00:01 AM AST,72
04-Aug-18 7:15:01 AM AST,107
04-Aug-18 7:30:01 AM AST,140
04-Aug-18 7:45:01 AM AST,168
04-Aug-18 8:00:01 AM AST,204
04-Aug-18 8:15:01 AM AST,231
04-Aug-18 8:30:01 AM AST,265
04-Aug-18 8:45:01 AM AST,285
04-Aug-18 9:00:01 AM AST,325
04-Aug-18 9:15:01 AM AST,361
04-Aug-18 9:30:02 AM AST,393
04-Aug-18 9:45:02 AM AST,419
04-Aug-18 10:00:02 AM AST,458
04-Aug-18 10:15:02 AM AST,484
04-Aug-18 10:30:02 AM AST,507
04-Aug-18 10:45:02 AM AST,522
04-Aug-18 11:00:02 AM AST,539
04-Aug-18 11:15:01 AM AST,556
04-Aug-18 11:30:01 AM AST,572
04-Aug-18 11:45:02 AM AST,583
04-Aug-18 12:00:01 PM AST,591
04-Aug-18 12:15:02 PM AST,594
04-Aug-18 12:30:03 PM AST,593
04-Aug-18 12:45:01 PM AST,594
04-Aug-18 1:00:01 PM AST,591
04-Aug-18 1:15:01 PM AST,583
04-Aug-18 1:30:01 PM AST,572
04-Aug-18 1:45:01 PM AST,552
04-Aug-18 2:00:02 PM AST,548
04-Aug-18 2:15:01 PM AST,525
04-Aug-18 2:30:01 PM AST,504
04-Aug-18 2:45:02 PM AST,485
04-Aug-18 3:00:01 PM AST,464
04-Aug-18 3:15:02 PM AST,436
04-Aug-18 3:30:01 PM AST,403
04-Aug-18 3:45:01 PM AST,378
04-Aug-18 4:00:01 PM AST,346
04-Aug-18 4:15:01 PM AST,317
04-Aug-18 4:30:02 PM AST,283
04-Aug-18 4:45:01 PM AST,253
04-Aug-18 5:00:02 PM AST,216
04-Aug-18 5:15:01 PM AST,174
04-Aug-18 5:30:01 PM AST,136
04-Aug-18 5:45:01 PM AST,102
04-Aug-18 6:00:01 PM AST,72
04-Aug-18 6:15:02 PM AST,43
04-Aug-18 6:30:00 PM AST,17
04-Aug-18 6:45:00 PM AST,4
04-Aug-18 7:00:00 PM AST,0
04-Aug-18 7:15:00 PM AST,0
04-Aug-18 7:30:00 PM AST,0
04-Aug-18 7:45:00 PM AST,0
04-Aug-18 8:00:00 PM AST,0
04-Aug-18 8:15:00 PM AST,0
04-Aug-18 8:30:00 PM AST,0
04-Aug-18 8:45:00 PM AST,0
04-Aug-18 9:00:00 PM AST,0
04-Aug-18 9:15:00 PM AST,0
04-Aug-18 9:30:00 PM AST,0
04-Aug-18 9:45:00 PM AST,0
04-Aug-18 10:00:00 PM AST,0
04-Aug-18 10:15:00 PM AST,0
04-Aug-18 10:30:00 PM AST,0
04-Aug-18 10:45:00 PM AST,0
04-Aug-18 11:00:00 PM AST,0
04-Aug-18 11:15:00 PM AST,0
04-Aug-18 11:30:00 PM AST,0
04-Aug-18 11:45:00 PM AST,0
05-Aug-18 12:00:00 AM AST,0
05-Aug-18 12:15:00 AM AST,0
05-Aug-18 12:30:00 AM AST,0
05-Aug-18 12:45:00 AM AST,0
05-Aug-18 1:00:00 AM AST,0
05-Aug-18 1:15:00 AM AST,0
05-Aug-18 1:30:00 AM AST,0
05-Aug-18 1:45:00 AM AST,0
05-Aug-18 2:00:01 AM AST,0
05-Aug-18 2:15:01 AM AST,0
05-Aug-18 2:30:00 AM AST,0
05-Aug-18 2:45:01 AM AST,0
05-Aug-18 3:00:01 AM AST,0
05-Aug-18 3:15:00 AM AST,0
05-Aug-18 3:30:00 AM AST,0
05-Aug-18 3:45:00 AM AST,0
05-Aug-18 4:00:00 AM AST,0
05-Aug-18 4:15:00 AM AST,0
05-Aug-18 4:30:01 AM AST,0
05-Aug-18 4:45:00 AM AST,0
05-Aug-18 5:00:00 AM AST,0
05-Aug-18 5:15:00 AM AST,0
05-Aug-18 5:30:00 AM AST,0
05-Aug-18 5:45:00 AM AST,0
05-Aug-18 6:00:00 AM AST,0
05-Aug-18 6:15:01 AM AST,0
05-Aug-18 6:30:00 AM AST,16
05-Aug-18 6:45:00 AM AST,43
05-Aug-18 7:00:00 AM AST,67
05-Aug-18 7:15:01 AM AST,94
05-Aug-18 7:30:00 AM AST,128
05-Aug-18 7:45:00 AM AST,155
05-Aug-18 8:00:00 AM AST,183
05-Aug-18 8:15:00 AM AST,222
05-Aug-18 8:30:00 AM AST,246
05-Aug-18 8:45:00 AM AST,284
05-Aug-18 9:00:01 AM AST,319
05-Aug-18 9:15:00 AM AST,349
05-Aug-18 9:30:01 AM AST,383
05-Aug-18 9:45:00 AM AST,403
05-Aug-18 10:00:00 AM AST,440
05-Aug-18 10:15:01 AM AST,466
05-Aug-18 10:30:00 AM AST,482
05-Aug-18 10:45:00 AM AST,505
05-Aug-18 11:00:00 AM AST,520
05-Aug-18 11:15:00 AM AST,532
05-Aug-18 11:30:01 AM AST,545
05-Aug-18 11:45:00 AM AST,550
05-Aug-18 12:00:00 PM AST,556
05-Aug-18 12:15:00 PM AST,563
05-Aug-18 12:30:01 PM AST,566
05-Aug-18 12:45:00 PM AST,566
05-Aug-18 1:00:00 PM AST,565
05-Aug-18 1:15:00 PM AST,561
05-Aug-18 1:30:00 PM AST,559
05-Aug-18 1:45:00 PM AST,552
05-Aug-18 2:00:01 PM AST,542
05-Aug-18 2:15:01 PM AST,532
05-Aug-18 2:30:00 PM AST,511
05-Aug-18 2:45:00 PM AST,492
05-Aug-18 3:00:00 PM AST,468
05-Aug-18 3:15:00 PM AST,444
05-Aug-18 3:30:00 PM AST,419
05-Aug-18 3:45:00 PM AST,390
05-Aug-18 4:00:00 PM AST,360
05-Aug-18 4:15:00 PM AST,334
05-Aug-18 4:30:00 PM AST,302
05-Aug-18 4:45:01 PM AST,259
05-Aug-18 5:00:01 PM AST,221
05-Aug-18 5:15:00 PM AST,179
05-Aug-18 5:30:00 PM AST,138
05-Aug-18 5:45:01 PM AST,98
05-Aug-18 6:00:00 PM AST,65
05-Aug-18 6:15:00 PM AST,38
05-Aug-18 6:30:00 PM AST,17
05-Aug-18 6:45:00 PM AST,0
05-Aug-18 7:00:00 PM AST,0
05-Aug-18 7:15:00 PM AST,0
05-Aug-18 7:30:00 PM AST,0
05-Aug-18 7:45:00 PM AST,0
05-Aug-18 8:00:00 PM AST,0
05-Aug-18 8:15:01 PM AST,0
05-Aug-18 8:30:01 PM AST,0
05-Aug-18 8:45:00 PM AST,0
05-Aug-18 9:00:00 PM AST,0
05-Aug-18 9:15:00 PM AST,0
05-Aug-18 9:30:00 PM AST,0
05-Aug-18 9:45:01 PM AST,0
05-Aug-18 10:00:01 PM AST,0
05-Aug-18 10:15:00 PM AST,0
05-Aug-18 10:30:00 PM AST,0
05-Aug-18 10:45:01 PM AST,0
05-Aug-18 11:00:00 PM AST,0
05-Aug-18 11:15:01 PM AST,0
05-Aug-18 11:30:00 PM AST,0
05-Aug-18 11:45:00 PM AST,0
06-Aug-18 12:00:00 AM AST,0
06-Aug-18 12:15:00 AM AST,0
06-Aug-18 12:30:01 AM AST,0
06-Aug-18 12:45:00 AM AST,0
06-Aug-18 1:00:00 AM AST,0
06-Aug-18 1:15:00 AM AST,0
06-Aug-18 1:30:00 AM AST,0
06-Aug-18 1:45:00 AM AST,0
06-Aug-18 2:00:00 AM AST,0
06-Aug-18 2:15:00 AM AST,0
06-Aug-18 2:30:00 AM AST,0
06-Aug-18 2:45:00 AM AST,0
06-Aug-18 3:00:00 AM AST,0
06-Aug-18 3:15:00 AM AST,0
06-Aug-18 3:30:01 AM AST,0
06-Aug-18 3:45:00 AM AST,0
06-Aug-18 4:00:00 AM AST,0
06-Aug-18 4:15:01 AM AST,0
06-Aug-18 4:30:00 AM AST,0
06-Aug-18 4:45:00 AM AST,0
06-Aug-18 5:00:01 AM AST,0
06-Aug-18 5:15:00 AM AST,0
06-Aug-18 5:30:00 AM AST,0
06-Aug-18 5:45:00 AM AST,0
06-Aug-18 6:00:00 AM AST,0
06-Aug-18 6:15:00 AM AST,0
06-Aug-18 6:30:00 AM AST,12
06-Aug-18 6:45:01 AM AST,20
06-Aug-18 7:00:00 AM AST,38
06-Aug-18 7:15:00 AM AST,96
06-Aug-18 7:30:00 AM AST,113
06-Aug-18 7:45:01 AM AST,158
06-Aug-18 8:00:01 AM AST,159
06-Aug-18 8:15:00 AM AST,217
06-Aug-18 8:30:00 AM AST,204
06-Aug-18 8:45:00 AM AST,288
06-Aug-18 9:00:00 AM AST,300
06-Aug-18 9:15:01 AM AST,340
06-Aug-18 9:30:00 AM AST,369
06-Aug-18 9:45:00 AM AST,401
06-Aug-18 10:00:00 AM AST,437
06-Aug-18 10:15:00 AM AST,456
06-Aug-18 10:30:00 AM AST,477
06-Aug-18 10:45:00 AM AST,463
06-Aug-18 11:00:00 AM AST,506
06-Aug-18 11:15:01 AM AST,530
06-Aug-18 11:30:00 AM AST,558
06-Aug-18 11:45:00 AM AST,556
06-Aug-18 12:00:01 PM AST,573
06-Aug-18 12:15:00 PM AST,573
06-Aug-18 12:30:00 PM AST,581
06-Aug-18 12:45:00 PM AST,585
06-Aug-18 1:00:00 PM AST,577
06-Aug-18 1:15:00 PM AST,570
06-Aug-18 1:30:01 PM AST,559
06-Aug-18 1:45:00 PM AST,555
06-Aug-18 2:00:00 PM AST,541
06-Aug-18 2:15:00 PM AST,528
06-Aug-18 2:30:00 PM AST,510
06-Aug-18 2:45:00 PM AST,486
06-Aug-18 3:00:00 PM AST,458
06-Aug-18 3:15:00 PM AST,440
06-Aug-18 3:30:01 PM AST,414
06-Aug-18 3:45:00 PM AST,382
06-Aug-18 4:00:00 PM AST,356
06-Aug-18 4:15:00 PM AST,317
06-Aug-18 4:30:00 PM AST,282
06-Aug-18 4:45:01 PM AST,244
06-Aug-18 5:00:00 PM AST,207
06-Aug-18 5:15:00 PM AST,165
06-Aug-18 5:30:00 PM AST,127
06-Aug-18 5:45:00 PM AST,92
06-Aug-18 6:00:00 PM AST,70
06-Aug-18 6:15:00 PM AST,40
06-Aug-18 6:30:00 PM AST,15
06-Aug-18 6:45:00 PM AST,3
06-Aug-18 7:00:00 PM AST,0
06-Aug-18 7:15:00 PM AST,0
06-Aug-18 7:30:01 PM AST,0
06-Aug-18 7:45:00 PM AST,0
06-Aug-18 8:00:00 PM AST,0
06-Aug-18 8:15:00 PM AST,0
06-Aug-18 8:30:00 PM AST,0
06-Aug-18 8:45:00 PM AST,0
06-Aug-18 9:00:00 PM AST,0
06-Aug-18 9:15:00 PM AST,0
06-Aug-18 9:30:00 PM AST,0
06-Aug-18 9:45:00 PM AST,0
06-Aug-18 10:00:00 PM AST,0
06-Aug-18 10:15:00 PM AST,0
06-Aug-18 10:30:00 PM AST,0
06-Aug-18 10:45:00 PM AST,0
06-Aug-18 11:00:01 PM AST,0
06-Aug-18 11:15:00 PM AST,0
06-Aug-18 11:30:00 PM AST,0
06-Aug-18 11:45:00 PM AST,0
07-Aug-18 12:00:01 AM AST,0
07-Aug-18 12:15:00 AM AST,0
07-Aug-18 12:30:00 AM AST,0
07-Aug-18 12:45:00 AM AST,0
07-Aug-18 1:00:00 AM AST,0
07-Aug-18 1:15:00 AM AST,0
07-Aug-18 1:30:00 AM AST,0
07-Aug-18 1:45:00 AM AST,0
07-Aug-18 2:00:00 AM AST,0
07-Aug-18 2:15:00 AM AST,0
07-Aug-18 2:30:00 AM AST,0
07-Aug-18 2:45:00 AM AST,0
07-Aug-18 3:00:00 AM AST,0
07-Aug-18 3:15:01 AM AST,0
07-Aug-18 3:30:00 AM AST,0
07-Aug-18 3:45:00 AM AST,0
07-Aug-18 4:00:00 AM AST,0
07-Aug-18 4:15:00 AM AST,0
07-Aug-18 4:30:00 AM AST,0
07-Aug-18 4:45:00 AM AST,0
07-Aug-18 5:00:00 AM AST,0
07-Aug-18 5:15:00 AM AST,0
07-Aug-18 5:30:00 AM AST,0
07-Aug-18 5:45:01 AM AST,0
07-Aug-18 6:00:01 AM AST,0
07-Aug-18 6:15:00 AM AST,2
07-Aug-18 6:30:00 AM AST,19
07-Aug-18 6:45:00 AM AST,45
07-Aug-18 7:00:00 AM AST,70
07-Aug-18 7:15:00 AM AST,95
07-Aug-18 7:30:00 AM AST,120
07-Aug-18 7:45:00 AM AST,141
07-Aug-18 8:00:00 AM AST,178
07-Aug-18 8:15:00 AM AST,205
07-Aug-18 8:30:00 AM AST,232
07-Aug-18 8:45:00 AM AST,263
07-Aug-18 9:00:00 AM AST,299
07-Aug-18 9:15:00 AM AST,334
07-Aug-18 9:30:01 AM AST,371
07-Aug-18 9:45:01 AM AST,405
07-Aug-18 10:00:00 AM AST,431
07-Aug-18 10:15:00 AM AST,464
07-Aug-18 10:30:00 AM AST,477
07-Aug-18 10:45:00 AM AST,508
07-Aug-18 11:00:00 AM AST,527
07-Aug-18 11:15:00 AM AST,546
07-Aug-18 11:30:00 AM AST,559
07-Aug-18 11:45:01 AM AST,562
07-Aug-18 12:00:01 PM AST,574
07-Aug-18 12:15:01 PM AST,576
07-Aug-18 12:30:00 PM AST,577
07-Aug-18 12:45:00 PM AST,581
07-Aug-18 1:00:00 PM AST,578
07-Aug-18 1:15:00 PM AST,577
07-Aug-18 1:30:00 PM AST,571
07-Aug-18 1:45:00 PM AST,558
07-Aug-18 2:00:00 PM AST,543
07-Aug-18 2:15:01 PM AST,521
07-Aug-18 2:30:01 PM AST,507
07-Aug-18 2:45:00 PM AST,482
07-Aug-18 3:00:00 PM AST,466
07-Aug-18 3:15:00 PM AST,438
07-Aug-18 3:30:00 PM AST,418
07-Aug-18 3:45:00 PM AST,385
07-Aug-18 4:00:00 PM AST,351
07-Aug-18 4:15:01 PM AST,315
07-Aug-18 4:30:00 PM AST,279
07-Aug-18 4:45:00 PM AST,240
07-Aug-18 5:00:00 PM AST,202
07-Aug-18 5:15:00 PM AST,164
07-Aug-18 5:30:00 PM AST,132
07-Aug-18 5:45:00 PM AST,96
07-Aug-18 6:00:00 PM AST,73
07-Aug-18 6:15:00 PM AST,41
07-Aug-18 6:30:01 PM AST,20
07-Aug-18 6:45:00 PM AST,2
07-Aug-18 7:00:00 PM AST,1
07-Aug-18 7:15:01 PM AST,0
07-Aug-18 7:30:00 PM AST,0
07-Aug-18 7:45:00 PM AST,0
07-Aug-18 8:00:01 PM AST,0
07-Aug-18 8:15:00 PM AST,0
07-Aug-18 8:30:00 PM AST,0
07-Aug-18 8:45:00 PM AST,0
07-Aug-18 9:00:00 PM AST,0
07-Aug-18 9:15:00 PM AST,0
07-Aug-18 9:30:00 PM AST,0
07-Aug-18 9:45:00 PM AST,0
07-Aug-18 10:00:00 PM AST,0
07-Aug-18 10:15:00 PM AST,0
07-Aug-18 10:30:00 PM AST,0
07-Aug-18 10:45:00 PM AST,0
07-Aug-18 11:00:00 PM AST,0
07-Aug-18 11:15:00 PM AST,0
07-Aug-18 11:30:00 PM AST,0
07-Aug-18 11:45:00 PM AST,0
08-Aug-18 12:00:00 AM AST,0
08-Aug-18 12:15:00 AM AST,0
08-Aug-18 12:30:00 AM AST,0
08-Aug-18 12:45:00 AM AST,0
08-Aug-18 1:00:00 AM AST,0
08-Aug-18 1:15:00 AM AST,0
08-Aug-18 1:30:01 AM AST,0
08-Aug-18 1:45:00 AM AST,0
08-Aug-18 2:00:00 AM AST,0
08-Aug-18 2:15:01 AM AST,0
08-Aug-18 2:30:01 AM AST,0
08-Aug-18 2:45:00 AM AST,0
08-Aug-18 3:00:00 AM AST,0
08-Aug-18 3:15:00 AM AST,0
08-Aug-18 3:30:00 AM AST,0
08-Aug-18 3:45:00 AM AST,0
08-Aug-18 4:00:00 AM AST,0
08-Aug-18 4:15:00 AM AST,0
08-Aug-18 4:30:00 AM AST,0
08-Aug-18 4:45:00 AM AST,0
08-Aug-18 5:00:00 AM AST,0
08-Aug-18 5:15:01 AM AST,0
08-Aug-18 5:30:00 AM AST,0
08-Aug-18 5:45:00 AM AST,0
08-Aug-18 6:00:00 AM AST,7
08-Aug-18 6:15:00 AM AST,1
08-Aug-18 6:30:00 AM AST,8
08-Aug-18 6:45:00 AM AST,25
08-Aug-18 7:00:01 AM AST,55
08-Aug-18 7:15:00 AM AST,102
08-Aug-18 7:30:00 AM AST,91
08-Aug-18 7:45:00 AM AST,107
08-Aug-18 8:00:01 AM AST,144
08-Aug-18 8:15:00 AM AST,88
08-Aug-18 8:30:00 AM AST,238
08-Aug-18 8:45:00 AM AST,269
08-Aug-18 9:00:00 AM AST,133
08-Aug-18 9:15:00 AM AST,351
08-Aug-18 9:30:00 AM AST,364
08-Aug-18 9:45:00 AM AST,387
08-Aug-18 10:00:00 AM AST,383
08-Aug-18 10:15:00 AM AST,335
08-Aug-18 10:30:00 AM AST,427
08-Aug-18 10:45:00 AM AST,474
08-Aug-18 11:00:00 AM AST,523
08-Aug-18 11:15:00 AM AST,518
08-Aug-18 11:30:00 AM AST,542
08-Aug-18 11:45:00 AM AST,549
08-Aug-18 12:00:00 PM AST,558
08-Aug-18 12:15:00 PM AST,564
08-Aug-18 12:30:01 PM AST,573
08-Aug-18 12:45:01 PM AST,567
08-Aug-18 1:00:00 PM AST,569
08-Aug-18 1:15:00 PM AST,563
08-Aug-18 1:30:00 PM AST,559
08-Aug-18 1:45:00 PM AST,546
08-Aug-18 2:00:00 PM AST,533
08-Aug-18 2:15:00 PM AST,525
08-Aug-18 2:30:00 PM AST,499
08-Aug-18 2:45:00 PM AST,475
08-Aug-18 3:00:00 PM AST,467
08-Aug-18 3:15:01 PM AST,442
08-Aug-18 3:30:00 PM AST,409
08-Aug-18 3:45:00 PM AST,376
08-Aug-18 4:00:00 PM AST,342
08-Aug-18 4:15:00 PM AST,312
08-Aug-18 4:30:00 PM AST,277
08-Aug-18 4:45:00 PM AST,251
08-Aug-18 5:00:01 PM AST,218
08-Aug-18 5:15:00 PM AST,183
08-Aug-18 5:30:01 PM AST,141
08-Aug-18 5:45:00 PM AST,89
08-Aug-18 6:00:00 PM AST,30
08-Aug-18 6:15:00 PM AST,15
08-Aug-18 6:30:00 PM AST,7
08-Aug-18 6:45:00 PM AST,0
08-Aug-18 7:00:00 PM AST,0
08-Aug-18 7:15:00 PM AST,0
08-Aug-18 7:30:00 PM AST,0
08-Aug-18 7:45:00 PM AST,0
08-Aug-18 8:00:00 PM AST,0
08-Aug-18 8:15:00 PM AST,0
08-Aug-18 8:30:00 PM AST,0
08-Aug-18 8:45:00 PM AST,0
08-Aug-18 9:00:00 PM AST,0
08-Aug-18 9:15:00 PM AST,0
08-Aug-18 9:30:00 PM AST,0
08-Aug-18 9:45:00 PM AST,0
08-Aug-18 10:00:00 PM AST,0
08-Aug-18 10:15:00 PM AST,0
08-Aug-18 10:30:00 PM AST,0
08-Aug-18 10:45:01 PM AST,0
08-Aug-18 11:00:00 PM AST,0
08-Aug-18 11:15:00 PM AST,0
08-Aug-18 11:30:01 PM AST,0
08-Aug-18 11:45:00 PM AST,0
09-Aug-18 12:00:00 AM AST,0
09-Aug-18 12:15:01 AM AST,0
09-Aug-18 12:30:01 AM AST,0
09-Aug-18 12:45:00 AM AST,0
09-Aug-18 1:00:00 AM AST,0
09-Aug-18 1:15:01 AM AST,0
09-Aug-18 1:30:01 AM AST,0
09-Aug-18 1:45:00 AM AST,0
09-Aug-18 2:00:00 AM AST,0
09-Aug-18 2:15:00 AM AST,0
09-Aug-18 2:30:00 AM AST,0
09-Aug-18 2:45:00 AM AST,0
09-Aug-18 3:00:01 AM AST,0
09-Aug-18 3:15:02 AM AST,0
09-Aug-18 3:30:00 AM AST,0
09-Aug-18 3:45:00 AM AST,0
09-Aug-18 4:00:00 AM AST,0
09-Aug-18 4:15:01 AM AST,0
09-Aug-18 4:30:00 AM AST,0
09-Aug-18 4:45:00 AM AST,0
09-Aug-18 5:00:00 AM AST,0
09-Aug-18 5:15:00 AM AST,0
09-Aug-18 5:30:00 AM AST,0
09-Aug-18 5:45:01 AM AST,0
09-Aug-18 6:00:00 AM AST,0
09-Aug-18 6:15:00 AM AST,1
09-Aug-18 6:30:00 AM AST,6
09-Aug-18 6:45:01 AM AST,29
09-Aug-18 7:00:00 AM AST,43
09-Aug-18 7:15:00 AM AST,43
09-Aug-18 7:30:00 AM AST,65
09-Aug-18 7:45:00 AM AST,91
09-Aug-18 8:00:00 AM AST,79
09-Aug-18 8:15:00 AM AST,103
09-Aug-18 8:30:00 AM AST,120
09-Aug-18 8:45:00 AM AST,124
09-Aug-18 9:00:01 AM AST,123
09-Aug-18 9:15:01 AM AST,177
09-Aug-18 9:30:01 AM AST,260
09-Aug-18 9:45:00 AM AST,258
09-Aug-18 10:00:01 AM AST,250
09-Aug-18 10:15:00 AM AST,187
09-Aug-18 10:30:00 AM AST,252
09-Aug-18 10:45:00 AM AST,632
09-Aug-18 11:00:01 AM AST,584
09-Aug-18 11:15:01 AM AST,563
09-Aug-18 11:30:00 AM AST,388
09-Aug-18 11:45:01 AM AST,365
09-Aug-18 12:00:01 PM AST,461
09-Aug-18 12:15:00 PM AST,610
09-Aug-18 12:30:00 PM AST,588
09-Aug-18 12:45:00 PM AST,590
09-Aug-18 1:00:00 PM AST,589
09-Aug-18 1:15:01 PM AST,424
09-Aug-18 1:30:00 PM AST,488
09-Aug-18 1:45:01 PM AST,315
09-Aug-18 2:00:00 PM AST,536
09-Aug-18 2:15:00 PM AST,422
09-Aug-18 2:30:00 PM AST,268
09-Aug-18 2:45:00 PM AST,510
09-Aug-18 3:00:00 PM AST,381
09-Aug-18 3:15:00 PM AST,233
09-Aug-18 3:30:00 PM AST,219
09-Aug-18 3:45:00 PM AST,129
09-Aug-18 4:00:00 PM AST,401
09-Aug-18 4:15:00 PM AST,189
09-Aug-18 4:30:01 PM AST,269
09-Aug-18 4:45:00 PM AST,189
09-Aug-18 5:00:00 PM AST,116
09-Aug-18 5:15:01 PM AST,173
09-Aug-18 5:30:00 PM AST,117
09-Aug-18 5:45:00 PM AST,88
09-Aug-18 6:00:01 PM AST,52
09-Aug-18 6:15:00 PM AST,35
09-Aug-18 6:30:00 PM AST,20
09-Aug-18 6:45:01 PM AST,0
09-Aug-18 7:00:00 PM AST,3
09-Aug-18 7:15:00 PM AST,0
09-Aug-18 7:30:00 PM AST,0
09-Aug-18 7:45:01 PM AST,0
09-Aug-18 8:00:00 PM AST,0
09-Aug-18 8:15:00 PM AST,0
09-Aug-18 8:30:00 PM AST,0
09-Aug-18 8:45:00 PM AST,0
09-Aug-18 9:00:00 PM AST,0
09-Aug-18 9:15:00 PM AST,0
09-Aug-18 9:30:00 PM AST,0
09-Aug-18 9:45:00 PM AST,0
09-Aug-18 10:00:00 PM AST,0
09-Aug-18 10:15:00 PM AST,0
09-Aug-18 10:30:00 PM AST,0
09-Aug-18 10:45:00 PM AST,0
09-Aug-18 11:00:00 PM AST,0
09-Aug-18 11:15:00 PM AST,0
09-Aug-18 11:30:01 PM AST,0
09-Aug-18 11:45:00 PM AST,0
10-Aug-18 12:00:00 AM AST,0
10-Aug-18 12:15:00 AM AST,0
10-Aug-18 12:30:00 AM AST,0
10-Aug-18 12:45:00 AM AST,0
10-Aug-18 1:00:00 AM AST,0
10-Aug-18 1:15:01 AM AST,0
10-Aug-18 1:30:01 AM AST,0
10-Aug-18 1:45:00 AM AST,0
10-Aug-18 2:00:00 AM AST,0
10-Aug-18 2:15:00 AM AST,0
10-Aug-18 2:30:00 AM AST,0
10-Aug-18 2:45:00 AM AST,0
10-Aug-18 3:00:00 AM AST,0
10-Aug-18 3:15:00 AM AST,0
10-Aug-18 3:30:00 AM AST,0
10-Aug-18 3:45:01 AM AST,0
10-Aug-18 4:00:00 AM AST,0
10-Aug-18 4:15:00 AM AST,0
10-Aug-18 4:30:00 AM AST,0
10-Aug-18 4:45:00 AM AST,0
10-Aug-18 5:00:00 AM AST,0
10-Aug-18 5:15:00 AM AST,0
10-Aug-18 5:30:00 AM AST,0
10-Aug-18 5:45:00 AM AST,0
10-Aug-18 6:00:00 AM AST,0
10-Aug-18 6:15:00 AM AST,0
10-Aug-18 6:30:00 AM AST,21
10-Aug-18 6:45:00 AM AST,51
10-Aug-18 7:00:00 AM AST,58
10-Aug-18 7:15:00 AM AST,64
10-Aug-18 7:30:00 AM AST,76
10-Aug-18 7:45:00 AM AST,78
10-Aug-18 8:00:00 AM AST,121
10-Aug-18 8:15:00 AM AST,219
10-Aug-18 8:30:00 AM AST,195
10-Aug-18 8:45:00 AM AST,257
10-Aug-18 9:00:00 AM AST,323
10-Aug-18 9:15:00 AM AST,410
10-Aug-18 9:30:01 AM AST,445
10-Aug-18 9:45:01 AM AST,445
10-Aug-18 10:00:00 AM AST,421
10-Aug-18 10:15:00 AM AST,457
10-Aug-18 10:30:00 AM AST,480
10-Aug-18 10:45:00 AM AST,503
10-Aug-18 11:00:00 AM AST,516
10-Aug-18 11:15:00 AM AST,532
10-Aug-18 11:30:01 AM AST,544
10-Aug-18 11:45:00 AM AST,560
10-Aug-18 12:00:00 PM AST,566
10-Aug-18 12:15:00 PM AST,570
10-Aug-18 12:30:00 PM AST,573
10-Aug-18 12:45:00 PM AST,571
10-Aug-18 1:00:00 PM AST,571
10-Aug-18 1:15:00 PM AST,569
10-Aug-18 1:30:00 PM AST,563
10-Aug-18 1:45:00 PM AST,548
10-Aug-18 2:00:01 PM AST,540
10-Aug-18 2:15:00 PM AST,525
10-Aug-18 2:30:00 PM AST,514
10-Aug-18 2:45:00 PM AST,495
10-Aug-18 3:00:00 PM AST,468
10-Aug-18 3:15:00 PM AST,444
10-Aug-18 3:30:00 PM AST,403
10-Aug-18 3:45:00 PM AST,381
10-Aug-18 4:00:00 PM AST,349
10-Aug-18 4:15:01 PM AST,311
10-Aug-18 4:30:00 PM AST,282
10-Aug-18 4:45:00 PM AST,243
10-Aug-18 5:00:00 PM AST,214
10-Aug-18 5:15:00 PM AST,175
10-Aug-18 5:30:00 PM AST,139
10-Aug-18 5:45:00 PM AST,97
10-Aug-18 6:00:00 PM AST,68
10-Aug-18 6:15:00 PM AST,43
10-Aug-18 6:30:01 PM AST,24
10-Aug-18 6:45:01 PM AST,1
10-Aug-18 7:00:01 PM AST,1
10-Aug-18 7:15:01 PM AST,0
10-Aug-18 7:30:00 PM AST,0
10-Aug-18 7:45:00 PM AST,0
10-Aug-18 8:00:00 PM AST,0
10-Aug-18 8:15:00 PM AST,0
10-Aug-18 8:30:00 PM AST,0
10-Aug-18 8:45:00 PM AST,0
10-Aug-18 9:00:00 PM AST,0
10-Aug-18 9:15:00 PM AST,0
10-Aug-18 9:30:00 PM AST,0
10-Aug-18 9:45:00 PM AST,0
10-Aug-18 10:00:00 PM AST,0
10-Aug-18 10:15:00 PM AST,0
10-Aug-18 10:30:01 PM AST,0
10-Aug-18 10:45:01 PM AST,0
10-Aug-18 11:00:00 PM AST,0
10-Aug-18 11:15:00 PM AST,0
10-Aug-18 11:30:00 PM AST,0
10-Aug-18 11:45:00 PM AST,0
11-Aug-18 12:00:00 AM AST,0
11-Aug-18 12:15:01 AM AST,0
11-Aug-18 12:30:00 AM AST,0
11-Aug-18 12:45:00 AM AST,0
11-Aug-18 1:00:01 AM AST,0
11-Aug-18 1:15:00 AM AST,0
11-Aug-18 1:30:00 AM AST,0
11-Aug-18 1:45:00 AM AST,0
11-Aug-18 2:00:00 AM AST,0
11-Aug-18 2:15:00 AM AST,0
11-Aug-18 2:30:00 AM AST,0
11-Aug-18 2:45:00 AM AST,0
11-Aug-18 3:00:00 AM AST,0
11-Aug-18 3:15:00 AM AST,0
11-Aug-18 3:30:00 AM AST,0
11-Aug-18 3:45:00 AM AST,0
11-Aug-18 4:00:00 AM AST,0
11-Aug-18 4:15:00 AM AST,0
11-Aug-18 4:30:00 AM AST,0
11-Aug-18 4:45:01 AM AST,0
11-Aug-18 5:00:00 AM AST,0
11-Aug-18 5:15:00 AM AST,0
11-Aug-18 5:30:00 AM AST,0
11-Aug-18 5:45:00 AM AST,0
11-Aug-18 6:00:00 AM AST,0
11-Aug-18 6:15:00 AM AST,0
11-Aug-18 6:30:00 AM AST,12
11-Aug-18 6:45:00 AM AST,16
11-Aug-18 7:00:00 AM AST,28
11-Aug-18 7:15:00 AM AST,62
11-Aug-18 7:30:00 AM AST,76
11-Aug-18 7:45:00 AM AST,83
11-Aug-18 8:00:00 AM AST,114
11-Aug-18 8:15:01 AM AST,125
11-Aug-18 8:30:00 AM AST,224
11-Aug-18 8:45:00 AM AST,174
11-Aug-18 9:00:01 AM AST,273
11-Aug-18 9:15:00 AM AST,261
11-Aug-18 9:30:00 AM AST,311
11-Aug-18 9:45:00 AM AST,404
11-Aug-18 10:00:00 AM AST,462
11-Aug-18 10:15:00 AM AST,453
11-Aug-18 10:30:00 AM AST,500
11-Aug-18 10:45:00 AM AST,508
11-Aug-18 11:00:00 AM AST,531
11-Aug-18 11:15:00 AM AST,539
11-Aug-18 11:30:00 AM AST,524
11-Aug-18 11:45:00 AM AST,554
11-Aug-18 12:00:00 PM AST,570
11-Aug-18 12:15:01 PM AST,574
11-Aug-18 12:30:00 PM AST,578
11-Aug-18 12:45:00 PM AST,582
11-Aug-18 1:00:00 PM AST,584
11-Aug-18 1:15:00 PM AST,546
11-Aug-18 1:30:00 PM AST,591
11-Aug-18 1:45:00 PM AST,431
11-Aug-18 2:00:00 PM AST,424
11-Aug-18 2:15:00 PM AST,502
11-Aug-18 2:30:02 PM AST,328
11-Aug-18 2:45:00 PM AST,413
11-Aug-18 3:00:00 PM AST,379
11-Aug-18 3:15:01 PM AST,472
11-Aug-18 3:30:00 PM AST,381
11-Aug-18 3:45:00 PM AST,393
11-Aug-18 4:00:00 PM AST,353
11-Aug-18 4:15:00 PM AST,313
11-Aug-18 4:30:00 PM AST,280
11-Aug-18 4:45:00 PM AST,242
11-Aug-18 5:00:00 PM AST,211
11-Aug-18 5:15:00 PM AST,175
11-Aug-18 5:30:00 PM AST,142
11-Aug-18 5:45:00 PM AST,120
11-Aug-18 6:00:00 PM AST,91
11-Aug-18 6:15:01 PM AST,62
11-Aug-18 6:30:00 PM AST,44
11-Aug-18 6:45:00 PM AST,15
11-Aug-18 7:00:00 PM AST,0
11-Aug-18 7:15:01 PM AST,0
11-Aug-18 7:30:00 PM AST,0
11-Aug-18 7:45:00 PM AST,0
11-Aug-18 8:00:00 PM AST,0
11-Aug-18 8:15:01 PM AST,0
11-Aug-18 8:30:00 PM AST,0
11-Aug-18 8:45:00 PM AST,0
11-Aug-18 9:00:01 PM AST,0
11-Aug-18 9:15:00 PM AST,0
11-Aug-18 9:30:00 PM AST,0
11-Aug-18 9:45:00 PM AST,0
11-Aug-18 10:00:00 PM AST,0
11-Aug-18 10:15:00 PM AST,0
11-Aug-18 10:30:00 PM AST,0
11-Aug-18 10:45:00 PM AST,0
11-Aug-18 11:00:01 PM AST,0
11-Aug-18 11:15:00 PM AST,0
11-Aug-18 11:30:00 PM AST,0
11-Aug-18 11:45:00 PM AST,0
12-Aug-18 12:00:00 AM AST,0
12-Aug-18 12:15:00 AM AST,0
12-Aug-18 12:30:00 AM AST,0
12-Aug-18 12:45:00 AM AST,0
12-Aug-18 1:00:00 AM AST,0
12-Aug-18 1:15:01 AM AST,0
12-Aug-18 1:30:00 AM AST,0
12-Aug-18 1:45:00 AM AST,0
12-Aug-18 2:00:01 AM AST,0
12-Aug-18 2:15:00 AM AST,0
12-Aug-18 2:30:00 AM AST,0
12-Aug-18 2:45:00 AM AST,0
12-Aug-18 3:00:00 AM AST,0
12-Aug-18 3:15:00 AM AST,0
12-Aug-18 3:30:00 AM AST,0
12-Aug-18 3:45:00 AM AST,0
12-Aug-18 4:00:00 AM AST,0
12-Aug-18 4:15:00 AM AST,0
12-Aug-18 4:30:00 AM AST,0
12-Aug-18 4:45:00 AM AST,0
12-Aug-18 5:00:00 AM AST,0
12-Aug-18 5:15:00 AM AST,0
12-Aug-18 5:30:00 AM AST,0
12-Aug-18 5:45:00 AM AST,0
12-Aug-18 6:00:00 AM AST,0
12-Aug-18 6:15:00 AM AST,0
12-Aug-18 6:30:00 AM AST,2
12-Aug-18 6:45:00 AM AST,10
12-Aug-18 7:00:00 AM AST,21
12-Aug-18 7:15:00 AM AST,49
12-Aug-18 7:30:00 AM AST,66
12-Aug-18 7:45:00 AM AST,67
12-Aug-18 8:00:00 AM AST,85
12-Aug-18 8:15:00 AM AST,105
12-Aug-18 8:30:00 AM AST,108
12-Aug-18 8:45:00 AM AST,121
12-Aug-18 9:00:00 AM AST,133
12-Aug-18 9:15:01 AM AST,139
12-Aug-18 9:30:00 AM AST,142
12-Aug-18 9:45:00 AM AST,160
12-Aug-18 10:00:00 AM AST,174
12-Aug-18 10:15:00 AM AST,322
12-Aug-18 10:30:00 AM AST,430
12-Aug-18 10:45:01 AM AST,455
12-Aug-18 11:00:00 AM AST,473
12-Aug-18 11:15:01 AM AST,494
12-Aug-18 11:30:00 AM AST,509
12-Aug-18 11:45:00 AM AST,523
12-Aug-18 12:00:00 PM AST,534
12-Aug-18 12:15:01 PM AST,537
12-Aug-18 12:30:00 PM AST,541
12-Aug-18 12:45:00 PM AST,542
12-Aug-18 1:00:00 PM AST,545
12-Aug-18 1:15:00 PM AST,544
12-Aug-18 1:30:02 PM AST,536
12-Aug-18 1:45:00 PM AST,526
12-Aug-18 2:00:00 PM AST,524
12-Aug-18 2:15:00 PM AST,482
12-Aug-18 2:30:00 PM AST,410
12-Aug-18 2:45:00 PM AST,526
12-Aug-18 3:00:00 PM AST,475
12-Aug-18 3:15:01 PM AST,445
12-Aug-18 3:30:01 PM AST,406
12-Aug-18 3:45:00 PM AST,374
12-Aug-18 4:00:01 PM AST,337
12-Aug-18 4:15:01 PM AST,304
12-Aug-18 4:30:01 PM AST,276
12-Aug-18 4:45:01 PM AST,237
12-Aug-18 5:00:01 PM AST,207
12-Aug-18 5:15:00 PM AST,166
12-Aug-18 5:30:00 PM AST,127
12-Aug-18 5:45:00 PM AST,92
12-Aug-18 6:00:00 PM AST,58
12-Aug-18 6:15:00 PM AST,31
12-Aug-18 6:30:00 PM AST,10
12-Aug-18 6:45:00 PM AST,0
12-Aug-18 7:00:00 PM AST,0
12-Aug-18 7:15:00 PM AST,0
12-Aug-18 7:30:00 PM AST,0
12-Aug-18 7:45:01 PM AST,0
12-Aug-18 8:00:00 PM AST,0
12-Aug-18 8:15:00 PM AST,0
12-Aug-18 8:30:00 PM AST,0
12-Aug-18 8:45:00 PM AST,0
12-Aug-18 9:00:00 PM AST,0
12-Aug-18 9:15:00 PM AST,0
12-Aug-18 9:30:00 PM AST,0
12-Aug-18 9:45:00 PM AST,0
12-Aug-18 10:00:00 PM AST,0
12-Aug-18 10:15:01 PM AST,0
12-Aug-18 10:30:01 PM AST,0
12-Aug-18 10:45:00 PM AST,0
12-Aug-18 11:00:00 PM AST,0
12-Aug-18 11:15:00 PM AST,0
12-Aug-18 11:30:00 PM AST,0
12-Aug-18 11:45:00 PM AST,0
13-Aug-18 12:00:01 AM AST,0
13-Aug-18 12:15:00 AM AST,0
13-Aug-18 12:30:00 AM AST,0
13-Aug-18 12:45:01 AM AST,0
13-Aug-18 1:00:00 AM AST,0
13-Aug-18 1:15:00 AM AST,0
13-Aug-18 1:30:00 AM AST,0
13-Aug-18 1:45:00 AM AST,0
13-Aug-18 2:00:00 AM AST,0
13-Aug-18 2:15:00 AM AST,0
13-Aug-18 2:30:00 AM AST,0
13-Aug-18 2:45:00 AM AST,0
13-Aug-18 3:00:00 AM AST,0
13-Aug-18 3:15:00 AM AST,0
13-Aug-18 3:30:00 AM AST,0
13-Aug-18 3:45:00 AM AST,0
13-Aug-18 4:00:00 AM AST,0
13-Aug-18 4:15:00 AM AST,0
13-Aug-18 4:30:00 AM AST,0
13-Aug-18 4:45:00 AM AST,0
13-Aug-18 5:00:00 AM AST,0
13-Aug-18 5:15:00 AM AST,0
13-Aug-18 5:30:00 AM AST,0
13-Aug-18 5:45:00 AM AST,0
13-Aug-18 6:00:00 AM AST,0
13-Aug-18 6:15:01 AM AST,0
13-Aug-18 6:30:00 AM AST,14
13-Aug-18 6:45:00 AM AST,39
13-Aug-18 7:00:01 AM AST,63
13-Aug-18 7:15:00 AM AST,87
13-Aug-18 7:30:00 AM AST,117
13-Aug-18 7:45:01 AM AST,141
13-Aug-18 8:00:00 AM AST,172
13-Aug-18 8:15:00 AM AST,198
13-Aug-18 8:30:00 AM AST,234
13-Aug-18 8:45:00 AM AST,270
13-Aug-18 9:00:00 AM AST,305
13-Aug-18 9:15:00 AM AST,338
13-Aug-18 9:30:00 AM AST,371
13-Aug-18 9:45:00 AM AST,407
13-Aug-18 10:00:00 AM AST,441
13-Aug-18 10:15:00 AM AST,463
13-Aug-18 10:30:01 AM AST,482
13-Aug-18 10:45:00 AM AST,497
13-Aug-18 11:00:00 AM AST,526
13-Aug-18 11:15:00 AM AST,544
13-Aug-18 11:30:00 AM AST,551
13-Aug-18 11:45:00 AM AST,564
13-Aug-18 12:00:01 PM AST,558
13-Aug-18 12:15:00 PM AST,578
13-Aug-18 12:30:00 PM AST,576
13-Aug-18 12:45:00 PM AST,584
13-Aug-18 1:00:00 PM AST,583
13-Aug-18 1:15:00 PM AST,575
13-Aug-18 1:30:00 PM AST,569
13-Aug-18 1:45:00 PM AST,555
13-Aug-18 2:00:01 PM AST,538
13-Aug-18 2:15:00 PM AST,521
13-Aug-18 2:30:00 PM AST,515
13-Aug-18 2:45:00 PM AST,494
13-Aug-18 3:00:00 PM AST,468
13-Aug-18 3:15:00 PM AST,447
13-Aug-18 3:30:01 PM AST,413
13-Aug-18 3:45:00 PM AST,388
13-Aug-18 4:00:00 PM AST,349
13-Aug-18 4:15:00 PM AST,309
13-Aug-18 4:30:01 PM AST,275
13-Aug-18 4:45:00 PM AST,231
13-Aug-18 5:00:00 PM AST,192
13-Aug-18 5:15:00 PM AST,147
13-Aug-18 5:30:00 PM AST,112
13-Aug-18 5:45:00 PM AST,88
13-Aug-18 6:00:00 PM AST,58
13-Aug-18 6:15:00 PM AST,35
13-Aug-18 6:30:00 PM AST,13
13-Aug-18 6:45:01 PM AST,0
13-Aug-18 7:00:00 PM AST,0
13-Aug-18 7:15:01 PM AST,0
13-Aug-18 7:30:01 PM AST,0
13-Aug-18 7:45:00 PM AST,0
13-Aug-18 8:00:00 PM AST,0
13-Aug-18 8:15:00 PM AST,0
13-Aug-18 8:30:00 PM AST,0
13-Aug-18 8:45:00 PM AST,0
13-Aug-18 9:00:00 PM AST,0
13-Aug-18 9:15:00 PM AST,0
13-Aug-18 9:30:00 PM AST,0
13-Aug-18 9:45:00 PM AST,0
13-Aug-18 10:00:00 PM AST,0
13-Aug-18 10:15:00 PM AST,0
13-Aug-18 10:30:00 PM AST,0
13-Aug-18 10:45:01 PM AST,0
13-Aug-18 11:00:00 PM AST,0
13-Aug-18 11:15:00 PM AST,0
13-Aug-18 11:30:00 PM AST,0
13-Aug-18 11:45:00 PM AST,0
14-Aug-18 12:00:00 AM AST,0
14-Aug-18 12:15:00 AM AST,0
14-Aug-18 12:30:00 AM AST,0
14-Aug-18 12:45:01 AM AST,0
14-Aug-18 1:00:00 AM AST,0
14-Aug-18 1:15:00 AM AST,0
14-Aug-18 1:30:00 AM AST,0
14-Aug-18 1:45:00 AM AST,0
14-Aug-18 2:00:00 AM AST,0
14-Aug-18 2:15:00 AM AST,0
14-Aug-18 2:30:00 AM AST,0
14-Aug-18 2:45:00 AM AST,0
14-Aug-18 3:00:00 AM AST,0
14-Aug-18 3:15:00 AM AST,0
14-Aug-18 3:30:01 AM AST,0
14-Aug-18 3:45:00 AM AST,0
14-Aug-18 4:00:00 AM AST,0
14-Aug-18 4:15:00 AM AST,0
14-Aug-18 4:30:00 AM AST,0
14-Aug-18 4:45:00 AM AST,0
14-Aug-18 5:00:00 AM AST,0
14-Aug-18 5:15:01 AM AST,0
14-Aug-18 5:30:00 AM AST,0
14-Aug-18 5:45:00 AM AST,0
14-Aug-18 6:00:00 AM AST,0
14-Aug-18 6:15:00 AM AST,4
14-Aug-18 6:30:00 AM AST,15
14-Aug-18 6:45:00 AM AST,39
14-Aug-18 7:00:01 AM AST,60
14-Aug-18 7:15:00 AM AST,85
14-Aug-18 7:30:00 AM AST,118
14-Aug-18 7:45:01 AM AST,141
14-Aug-18 8:00:01 AM AST,170
14-Aug-18 8:15:00 AM AST,207
14-Aug-18 8:30:00 AM AST,239
14-Aug-18 8:45:00 AM AST,277
14-Aug-18 9:00:00 AM AST,307
14-Aug-18 9:15:00 AM AST,342
14-Aug-18 9:30:00 AM AST,361
14-Aug-18 9:45:00 AM AST,393
14-Aug-18 10:00:00 AM AST,423
14-Aug-18 10:15:00 AM AST,455
14-Aug-18 10:30:00 AM AST,485
14-Aug-18 10:45:00 AM AST,508
14-Aug-18 11:00:00 AM AST,524
14-Aug-18 11:15:00 AM AST,540
14-Aug-18 11:30:00 AM AST,553
14-Aug-18 11:45:00 AM AST,562
14-Aug-18 12:00:00 PM AST,566
14-Aug-18 12:15:00 PM AST,577
14-Aug-18 12:30:00 PM AST,581
14-Aug-18 12:45:01 PM AST,576
14-Aug-18 1:00:00 PM AST,572
14-Aug-18 1:15:00 PM AST,571
14-Aug-18 1:30:00 PM AST,563
14-Aug-18 1:45:00 PM AST,552
14-Aug-18 2:00:01 PM AST,545
14-Aug-18 2:15:00 PM AST,529
14-Aug-18 2:30:00 PM AST,514
14-Aug-18 2:45:00 PM AST,489
14-Aug-18 3:00:00 PM AST,462
14-Aug-18 3:15:00 PM AST,445
14-Aug-18 3:30:00 PM AST,412
14-Aug-18 3:45:00 PM AST,384
14-Aug-18 4:00:00 PM AST,349
14-Aug-18 4:15:00 PM AST,316
14-Aug-18 4:30:00 PM AST,288
14-Aug-18 4:45:01 PM AST,248
14-Aug-18 5:00:01 PM AST,219
14-Aug-18 5:15:00 PM AST,177
14-Aug-18 5:30:00 PM AST,143
14-Aug-18 5:45:00 PM AST,98
14-Aug-18 6:00:00 PM AST,66
14-Aug-18 6:15:00 PM AST,35
14-Aug-18 6:30:00 PM AST,9
14-Aug-18 6:45:00 PM AST,0
14-Aug-18 7:00:01 PM AST,0
14-Aug-18 7:15:00 PM AST,0
14-Aug-18 7:30:00 PM AST,0
14-Aug-18 7:45:00 PM AST,0
14-Aug-18 8:00:00 PM AST,0
14-Aug-18 8:15:00 PM AST,0
14-Aug-18 8:30:00 PM AST,0
14-Aug-18 8:45:00 PM AST,0
14-Aug-18 9:00:00 PM AST,0
14-Aug-18 9:15:01 PM AST,0
14-Aug-18 9:30:00 PM AST,0
14-Aug-18 9:45:00 PM AST,0
14-Aug-18 10:00:01 PM AST,0
14-Aug-18 10:15:00 PM AST,0
14-Aug-18 10:30:00 PM AST,0
14-Aug-18 10:45:00 PM AST,0
14-Aug-18 11:00:00 PM AST,0
14-Aug-18 11:15:00 PM AST,0
14-Aug-18 11:30:00 PM AST,0
14-Aug-18 11:45:00 PM AST,0
15-Aug-18 12:00:00 AM AST,0
15-Aug-18 12:15:00 AM AST,0
15-Aug-18 12:30:00 AM AST,0
15-Aug-18 12:45:00 AM AST,0
15-Aug-18 1:00:00 AM AST,0
15-Aug-18 1:15:00 AM AST,0
15-Aug-18 1:30:00 AM AST,0
15-Aug-18 1:45:00 AM AST,0
15-Aug-18 2:00:00 AM AST,0
15-Aug-18 2:15:00 AM AST,0
15-Aug-18 2:30:00 AM AST,0
15-Aug-18 2:45:00 AM AST,0
15-Aug-18 3:00:00 AM AST,0
15-Aug-18 3:15:00 AM AST,0
15-Aug-18 3:30:01 AM AST,0
15-Aug-18 3:45:00 AM AST,0
15-Aug-18 4:00:00 AM AST,0
15-Aug-18 4:15:02 AM AST,0
15-Aug-18 4:30:00 AM AST,0
15-Aug-18 4:45:00 AM AST,0
15-Aug-18 5:00:00 AM AST,0
15-Aug-18 5:15:00 AM AST,0
15-Aug-18 5:30:00 AM AST,0
15-Aug-18 5:45:00 AM AST,0
15-Aug-18 6:00:01 AM AST,0
15-Aug-18 6:15:00 AM AST,0
15-Aug-18 6:30:00 AM AST,17
15-Aug-18 6:45:00 AM AST,38
15-Aug-18 7:00:00 AM AST,55
15-Aug-18 7:15:00 AM AST,96
15-Aug-18 7:30:00 AM AST,128
15-Aug-18 7:45:00 AM AST,154
15-Aug-18 8:00:00 AM AST,184
15-Aug-18 8:15:00 AM AST,209
15-Aug-18 8:30:00 AM AST,233
15-Aug-18 8:45:00 AM AST,254
15-Aug-18 9:00:00 AM AST,326
15-Aug-18 9:15:00 AM AST,359
15-Aug-18 9:30:00 AM AST,397
15-Aug-18 9:45:00 AM AST,431
15-Aug-18 10:00:00 AM AST,461
15-Aug-18 10:15:00 AM AST,480
15-Aug-18 10:30:00 AM AST,507
15-Aug-18 10:45:01 AM AST,521
15-Aug-18 11:00:00 AM AST,545
15-Aug-18 11:15:00 AM AST,562
15-Aug-18 11:30:00 AM AST,576
15-Aug-18 11:45:00 AM AST,587
15-Aug-18 12:00:00 PM AST,592
15-Aug-18 12:15:00 PM AST,596
15-Aug-18 12:30:00 PM AST,603
15-Aug-18 12:45:00 PM AST,600
15-Aug-18 1:00:00 PM AST,599
15-Aug-18 1:15:00 PM AST,593
15-Aug-18 1:30:00 PM AST,580
15-Aug-18 1:45:00 PM AST,569
15-Aug-18 2:00:00 PM AST,556
15-Aug-18 2:15:00 PM AST,542
15-Aug-18 2:30:00 PM AST,525
15-Aug-18 2:45:00 PM AST,506
15-Aug-18 3:00:01 PM AST,485
15-Aug-18 3:15:00 PM AST,462
15-Aug-18 3:30:00 PM AST,425
15-Aug-18 3:45:00 PM AST,399
15-Aug-18 4:00:00 PM AST,367
15-Aug-18 4:15:00 PM AST,325
15-Aug-18 4:30:00 PM AST,288
15-Aug-18 4:45:00 PM AST,250
15-Aug-18 5:00:00 PM AST,207
15-Aug-18 5:15:01 PM AST,166
15-Aug-18 5:30:01 PM AST,125
15-Aug-18 5:45:00 PM AST,99
15-Aug-18 6:00:00 PM AST,65
15-Aug-18 6:15:00 PM AST,40
15-Aug-18 6:30:00 PM AST,15
15-Aug-18 6:45:00 PM AST,0
15-Aug-18 7:00:00 PM AST,0
15-Aug-18 7:15:00 PM AST,0
15-Aug-18 7:30:00 PM AST,0
15-Aug-18 7:45:00 PM AST,0
15-Aug-18 8:00:00 PM AST,0
15-Aug-18 8:15:00 PM AST,0
15-Aug-18 8:30:00 PM AST,0
15-Aug-18 8:45:00 PM AST,0
15-Aug-18 9:00:00 PM AST,0
15-Aug-18 9:15:00 PM AST,0
15-Aug-18 9:30:00 PM AST,0
15-Aug-18 9:45:00 PM AST,0
15-Aug-18 10:00:01 PM AST,0
15-Aug-18 10:15:00 PM AST,0
15-Aug-18 10:30:00 PM AST,0
15-Aug-18 10:45:00 PM AST,0
15-Aug-18 11:00:01 PM AST,0
15-Aug-18 11:15:00 PM AST,0
15-Aug-18 11:30:00 PM AST,0
15-Aug-18 11:45:00 PM AST,0
16-Aug-18 12:00:00 AM AST,0
16-Aug-18 12:15:00 AM AST,0
16-Aug-18 12:30:00 AM AST,0
16-Aug-18 12:45:00 AM AST,0
16-Aug-18 1:00:00 AM AST,0
16-Aug-18 1:15:00 AM AST,0
16-Aug-18 1:30:00 AM AST,0
16-Aug-18 1:45:00 AM AST,0
16-Aug-18 2:00:00 AM AST,0
16-Aug-18 2:15:00 AM AST,0
16-Aug-18 2:30:01 AM AST,0
16-Aug-18 2:45:00 AM AST,0
16-Aug-18 3:00:00 AM AST,0
16-Aug-18 3:15:00 AM AST,0
16-Aug-18 3:30:00 AM AST,0
16-Aug-18 3:45:00 AM AST,0
16-Aug-18 4:00:00 AM AST,0
16-Aug-18 4:15:00 AM AST,0
16-Aug-18 4:30:00 AM AST,0
16-Aug-18 4:45:00 AM AST,0
16-Aug-18 5:00:01 AM AST,0
16-Aug-18 5:15:01 AM AST,0
16-Aug-18 5:30:00 AM AST,0
16-Aug-18 5:45:00 AM AST,0
16-Aug-18 6:00:00 AM AST,0
16-Aug-18 6:15:01 AM AST,3
16-Aug-18 6:30:00 AM AST,14
16-Aug-18 6:45:00 AM AST,36
16-Aug-18 7:00:00 AM AST,56
16-Aug-18 7:15:00 AM AST,86
16-Aug-18 7:30:00 AM AST,119
16-Aug-18 7:45:01 AM AST,149
16-Aug-18 8:00:00 AM AST,181
16-Aug-18 8:15:01 AM AST,218
16-Aug-18 8:30:00 AM AST,252
16-Aug-18 8:45:01 AM AST,286
16-Aug-18 9:00:00 AM AST,317
16-Aug-18 9:15:00 AM AST,354
16-Aug-18 9:30:00 AM AST,380
16-Aug-18 9:45:00 AM AST,412
16-Aug-18 10:00:00 AM AST,448
16-Aug-18 10:15:00 AM AST,472
16-Aug-18 10:30:00 AM AST,494
16-Aug-18 10:45:00 AM AST,516
16-Aug-18 11:00:00 AM AST,534
16-Aug-18 11:15:01 AM AST,550
16-Aug-18 11:30:01 AM AST,559
16-Aug-18 11:45:00 AM AST,572
16-Aug-18 12:00:00 PM AST,575
16-Aug-18 12:15:00 PM AST,576
16-Aug-18 12:30:00 PM AST,579
16-Aug-18 12:45:00 PM AST,585
16-Aug-18 1:00:01 PM AST,591
16-Aug-18 1:15:00 PM AST,582
16-Aug-18 1:30:00 PM AST,575
16-Aug-18 1:45:01 PM AST,564
16-Aug-18 2:00:00 PM AST,554
16-Aug-18 2:15:00 PM AST,535
16-Aug-18 2:30:00 PM AST,520
16-Aug-18 2:45:01 PM AST,506
16-Aug-18 3:00:00 PM AST,475
16-Aug-18 3:15:00 PM AST,451
16-Aug-18 3:30:00 PM AST,422
16-Aug-18 3:45:01 PM AST,388
16-Aug-18 4:00:00 PM AST,349
16-Aug-18 4:15:00 PM AST,309
16-Aug-18 4:30:00 PM AST,285
16-Aug-18 4:45:00 PM AST,248
16-Aug-18 5:00:00 PM AST,217
16-Aug-18 5:15:00 PM AST,179
16-Aug-18 5:30:01 PM AST,134
16-Aug-18 5:45:00 PM AST,109
16-Aug-18 6:00:00 PM AST,71
16-Aug-18 6:15:00 PM AST,38
16-Aug-18 6:30:00 PM AST,13
16-Aug-18 6:45:00 PM AST,0
16-Aug-18 7:00:00 PM AST,0
16-Aug-18 7:15:01 PM AST,0
16-Aug-18 7:30:00 PM AST,0
16-Aug-18 7:45:00 PM AST,0
16-Aug-18 8:00:01 PM AST,0
16-Aug-18 8:15:00 PM AST,0
16-Aug-18 8:30:00 PM AST,0
16-Aug-18 8:45:00 PM AST,0
16-Aug-18 9:00:00 PM AST,0
16-Aug-18 9:15:00 PM AST,0
16-Aug-18 9:30:00 PM AST,0
16-Aug-18 9:45:01 PM AST,0
16-Aug-18 10:00:00 PM AST,0
16-Aug-18 10:15:00 PM AST,0
16-Aug-18 10:30:00 PM AST,0
16-Aug-18 10:45:00 PM AST,0
16-Aug-18 11:00:00 PM AST,0
16-Aug-18 11:15:00 PM AST,0
16-Aug-18 11:30:00 PM AST,0
16-Aug-18 11:45:00 PM AST,0
17-Aug-18 12:00:00 AM AST,0
17-Aug-18 12:15:00 AM AST,0
17-Aug-18 12:30:00 AM AST,0
17-Aug-18 12:45:00 AM AST,0
17-Aug-18 1:00:00 AM AST,0
17-Aug-18 1:15:00 AM AST,0
17-Aug-18 1:30:00 AM AST,0
17-Aug-18 1:45:01 AM AST,0
17-Aug-18 2:00:00 AM AST,0
17-Aug-18 2:15:00 AM AST,0
17-Aug-18 2:30:00 AM AST,0
17-Aug-18 2:45:00 AM AST,0
17-Aug-18 3:00:00 AM AST,0
17-Aug-18 3:15:01 AM AST,0
17-Aug-18 3:30:00 AM AST,0
17-Aug-18 3:45:00 AM AST,0
17-Aug-18 4:00:00 AM AST,0
17-Aug-18 4:15:00 AM AST,0
17-Aug-18 4:30:00 AM AST,0
17-Aug-18 4:45:00 AM AST,0
17-Aug-18 5:00:00 AM AST,0
17-Aug-18 5:15:00 AM AST,0
17-Aug-18 5:30:00 AM AST,0
17-Aug-18 5:45:00 AM AST,0
17-Aug-18 6:00:00 AM AST,0
17-Aug-18 6:15:00 AM AST,0
17-Aug-18 6:30:00 AM AST,17
17-Aug-18 6:45:00 AM AST,43
17-Aug-18 7:00:00 AM AST,67
17-Aug-18 7:15:00 AM AST,95
17-Aug-18 7:30:00 AM AST,125
17-Aug-18 7:45:00 AM AST,150
17-Aug-18 8:00:00 AM AST,184
17-Aug-18 8:15:00 AM AST,204
17-Aug-18 8:30:00 AM AST,236
17-Aug-18 8:45:00 AM AST,272
17-Aug-18 9:00:00 AM AST,302
17-Aug-18 9:15:00 AM AST,336
17-Aug-18 9:30:00 AM AST,369
17-Aug-18 9:45:00 AM AST,399
17-Aug-18 10:00:00 AM AST,437
17-Aug-18 10:15:00 AM AST,456
17-Aug-18 10:30:00 AM AST,484
17-Aug-18 10:45:01 AM AST,500
17-Aug-18 11:00:00 AM AST,518
17-Aug-18 11:15:00 AM AST,540
17-Aug-18 11:30:00 AM AST,554
17-Aug-18 11:45:00 AM AST,563
17-Aug-18 12:00:00 PM AST,569
17-Aug-18 12:15:00 PM AST,575
17-Aug-18 12:30:00 PM AST,582
17-Aug-18 12:45:00 PM AST,581
17-Aug-18 1:00:00 PM AST,581
17-Aug-18 1:15:00 PM AST,571
17-Aug-18 1:30:00 PM AST,567
17-Aug-18 1:45:00 PM AST,554
17-Aug-18 2:00:00 PM AST,548
17-Aug-18 2:15:00 PM AST,532
17-Aug-18 2:30:01 PM AST,512
17-Aug-18 2:45:00 PM AST,491
17-Aug-18 3:00:00 PM AST,465
17-Aug-18 3:15:00 PM AST,444
17-Aug-18 3:30:01 PM AST,413
17-Aug-18 3:45:00 PM AST,377
17-Aug-18 4:00:00 PM AST,346
17-Aug-18 4:15:00 PM AST,313
17-Aug-18 4:30:00 PM AST,271
17-Aug-18 4:45:00 PM AST,233
17-Aug-18 5:00:00 PM AST,193
17-Aug-18 5:15:00 PM AST,155
17-Aug-18 5:30:00 PM AST,117
17-Aug-18 5:45:00 PM AST,81
17-Aug-18 6:00:00 PM AST,56
17-Aug-18 6:15:01 PM AST,29
17-Aug-18 6:30:00 PM AST,13
17-Aug-18 6:45:00 PM AST,0
17-Aug-18 7:00:00 PM AST,0
17-Aug-18 7:15:01 PM AST,0
17-Aug-18 7:30:00 PM AST,0
17-Aug-18 7:45:00 PM AST,0
17-Aug-18 8:00:00 PM AST,0
17-Aug-18 8:15:00 PM AST,0
17-Aug-18 8:30:00 PM AST,0
17-Aug-18 8:45:01 PM AST,0
17-Aug-18 9:00:02 PM AST,0
17-Aug-18 9:15:00 PM AST,0
17-Aug-18 9:30:00 PM AST,0
17-Aug-18 9:45:01 PM AST,0
17-Aug-18 10:00:00 PM AST,0
17-Aug-18 10:15:00 PM AST,0
17-Aug-18 10:30:00 PM AST,0
17-Aug-18 10:45:01 PM AST,0
17-Aug-18 11:00:00 PM AST,0
17-Aug-18 11:15:00 PM AST,0
17-Aug-18 11:30:00 PM AST,0
17-Aug-18 11:45:00 PM AST,0
18-Aug-18 12:00:00 AM AST,0
18-Aug-18 12:15:00 AM AST,0
18-Aug-18 12:30:02 AM AST,0
18-Aug-18 12:45:00 AM AST,0
18-Aug-18 1:00:01 AM AST,0
18-Aug-18 1:15:00 AM AST,0
18-Aug-18 1:30:00 AM AST,0
18-Aug-18 1:45:00 AM AST,0
18-Aug-18 2:00:00 AM AST,0
18-Aug-18 2:15:00 AM AST,0
18-Aug-18 2:30:00 AM AST,0
18-Aug-18 2:45:01 AM AST,0
18-Aug-18 3:00:02 AM AST,0
18-Aug-18 3:15:01 AM AST,0
18-Aug-18 3:30:00 AM AST,0
18-Aug-18 3:45:00 AM AST,0
18-Aug-18 4:00:00 AM AST,0
18-Aug-18 4:15:00 AM AST,0
18-Aug-18 4:30:00 AM AST,0
18-Aug-18 4:45:00 AM AST,0
18-Aug-18 5:00:00 AM AST,0
18-Aug-18 5:15:00 AM AST,0
18-Aug-18 5:30:00 AM AST,0
18-Aug-18 5:45:01 AM AST,0
18-Aug-18 6:00:00 AM AST,0
18-Aug-18 6:15:00 AM AST,4
18-Aug-18 6:30:00 AM AST,13
18-Aug-18 6:45:00 AM AST,38
18-Aug-18 7:00:00 AM AST,58
18-Aug-18 7:15:01 AM AST,87
18-Aug-18 7:30:00 AM AST,119
18-Aug-18 7:45:00 AM AST,150
18-Aug-18 8:00:00 AM AST,181
18-Aug-18 8:15:00 AM AST,208
18-Aug-18 8:30:00 AM AST,241
18-Aug-18 8:45:00 AM AST,280
18-Aug-18 9:00:00 AM AST,309
18-Aug-18 9:15:00 AM AST,344
18-Aug-18 9:30:00 AM AST,357
18-Aug-18 9:45:00 AM AST,391
18-Aug-18 10:00:00 AM AST,434
18-Aug-18 10:15:01 AM AST,466
18-Aug-18 10:30:00 AM AST,494
18-Aug-18 10:45:00 AM AST,514
18-Aug-18 11:00:01 AM AST,537
18-Aug-18 11:15:00 AM AST,545
18-Aug-18 11:30:00 AM AST,559
18-Aug-18 11:45:00 AM AST,570
18-Aug-18 12:00:00 PM AST,573
18-Aug-18 12:15:00 PM AST,580
18-Aug-18 12:30:00 PM AST,584
18-Aug-18 12:45:00 PM AST,588
18-Aug-18 1:00:00 PM AST,583
18-Aug-18 1:15:00 PM AST,575
18-Aug-18 1:30:00 PM AST,569
18-Aug-18 1:45:00 PM AST,564
18-Aug-18 2:00:00 PM AST,547
18-Aug-18 2:15:00 PM AST,532
18-Aug-18 2:30:00 PM AST,516
18-Aug-18 2:45:00 PM AST,495
18-Aug-18 3:00:00 PM AST,468
18-Aug-18 3:15:00 PM AST,440
18-Aug-18 3:30:00 PM AST,412
18-Aug-18 3:45:01 PM AST,377
18-Aug-18 4:00:00 PM AST,340
18-Aug-18 4:15:00 PM AST,304
18-Aug-18 4:30:01 PM AST,264
18-Aug-18 4:45:00 PM AST,233
18-Aug-18 5:00:00 PM AST,197
18-Aug-18 5:15:01 PM AST,167
18-Aug-18 5:30:01 PM AST,124
18-Aug-18 5:45:00 PM AST,87
18-Aug-18 6:00:01 PM AST,54
18-Aug-18 6:15:00 PM AST,28
18-Aug-18 6:30:00 PM AST,8
18-Aug-18 6:45:00 PM AST,0
18-Aug-18 7:00:00 PM AST,0
18-Aug-18 7:15:00 PM AST,0
18-Aug-18 7:30:00 PM AST,0
18-Aug-18 7:45:00 PM AST,0
18-Aug-18 8:00:00 PM AST,0
18-Aug-18 8:15:00 PM AST,0
18-Aug-18 8:30:01 PM AST,0
18-Aug-18 8:45:00 PM AST,0
18-Aug-18 9:00:00 PM AST,0
18-Aug-18 9:15:00 PM AST,0
18-Aug-18 9:30:00 PM AST,0
18-Aug-18 9:45:00 PM AST,0
18-Aug-18 10:00:00 PM AST,0
18-Aug-18 10:15:00 PM AST,0
18-Aug-18 10:30:00 PM AST,0
18-Aug-18 10:45:00 PM AST,0
18-Aug-18 11:00:00 PM AST,0
18-Aug-18 11:15:00 PM AST,0
18-Aug-18 11:30:00 PM AST,0
18-Aug-18 11:45:00 PM AST,0
19-Aug-18 12:00:00 AM AST,0
19-Aug-18 12:15:00 AM AST,0
19-Aug-18 12:30:00 AM AST,0
19-Aug-18 12:45:00 AM AST,0
19-Aug-18 1:00:00 AM AST,0
19-Aug-18 1:15:00 AM AST,0
19-Aug-18 1:30:00 AM AST,0
19-Aug-18 1:45:00 AM AST,0
19-Aug-18 2:00:00 AM AST,0
19-Aug-18 2:15:00 AM AST,0
19-Aug-18 2:30:00 AM AST,0
19-Aug-18 2:45:00 AM AST,0
19-Aug-18 3:00:01 AM AST,0
19-Aug-18 3:15:00 AM AST,0
19-Aug-18 3:30:00 AM AST,0
19-Aug-18 3:45:00 AM AST,0
19-Aug-18 4:00:00 AM AST,0
19-Aug-18 4:15:00 AM AST,0
19-Aug-18 4:30:00 AM AST,0
19-Aug-18 4:45:00 AM AST,0
19-Aug-18 5:00:00 AM AST,0
19-Aug-18 5:15:00 AM AST,0
19-Aug-18 5:30:00 AM AST,0
19-Aug-18 5:45:01 AM AST,0
19-Aug-18 6:00:00 AM AST,0
19-Aug-18 6:15:00 AM AST,0
19-Aug-18 6:30:00 AM AST,19
19-Aug-18 6:45:00 AM AST,59
19-Aug-18 7:00:00 AM AST,98
19-Aug-18 7:15:00 AM AST,109
19-Aug-18 7:30:00 AM AST,74
19-Aug-18 7:45:01 AM AST,141
19-Aug-18 8:00:00 AM AST,197
19-Aug-18 8:15:00 AM AST,207
19-Aug-18 8:30:00 AM AST,220
19-Aug-18 8:45:00 AM AST,166
19-Aug-18 9:00:00 AM AST,296
19-Aug-18 9:15:00 AM AST,344
19-Aug-18 9:30:00 AM AST,372
19-Aug-18 9:45:00 AM AST,283
19-Aug-18 10:00:00 AM AST,197
19-Aug-18 10:15:00 AM AST,321.5
19-Aug-18 10:30:01 AM AST,480
19-Aug-18 10:45:01 AM AST,492
19-Aug-18 11:00:01 AM AST,505
19-Aug-18 11:15:01 AM AST,517
19-Aug-18 11:30:01 AM AST,533
19-Aug-18 11:45:01 AM AST,543
19-Aug-18 12:00:01 PM AST,550
19-Aug-18 12:15:01 PM AST,555
19-Aug-18 12:30:01 PM AST,564
19-Aug-18 12:45:01 PM AST,567
19-Aug-18 1:00:01 PM AST,557
19-Aug-18 1:15:01 PM AST,559
19-Aug-18 1:30:01 PM AST,553
19-Aug-18 1:45:01 PM AST,548
19-Aug-18 2:00:00 PM AST,540
19-Aug-18 2:15:01 PM AST,519
19-Aug-18 2:30:01 PM AST,496
19-Aug-18 2:45:00 PM AST,479
19-Aug-18 3:00:00 PM AST,452
19-Aug-18 3:15:00 PM AST,425
19-Aug-18 3:30:01 PM AST,403
19-Aug-18 3:45:00 PM AST,370
19-Aug-18 4:00:00 PM AST,344
19-Aug-18 4:15:00 PM AST,310
19-Aug-18 4:30:00 PM AST,269
19-Aug-18 4:45:00 PM AST,229
19-Aug-18 5:00:00 PM AST,188
19-Aug-18 5:15:00 PM AST,145
19-Aug-18 5:30:00 PM AST,113
19-Aug-18 5:45:00 PM AST,78
19-Aug-18 6:00:01 PM AST,57
19-Aug-18 6:15:01 PM AST,32
19-Aug-18 6:30:01 PM AST,21
19-Aug-18 6:45:00 PM AST,1
19-Aug-18 7:00:00 PM AST,2
19-Aug-18 7:15:00 PM AST,0
19-Aug-18 7:30:00 PM AST,0
19-Aug-18 7:45:00 PM AST,0
19-Aug-18 8:00:00 PM AST,0
19-Aug-18 8:15:00 PM AST,0
19-Aug-18 8:30:00 PM AST,0
19-Aug-18 8:45:00 PM AST,0
19-Aug-18 9:00:00 PM AST,0
19-Aug-18 9:15:00 PM AST,0
19-Aug-18 9:30:00 PM AST,0
19-Aug-18 9:45:01 PM AST,0
19-Aug-18 10:00:00 PM AST,0
19-Aug-18 10:15:00 PM AST,0
19-Aug-18 10:30:00 PM AST,0
19-Aug-18 10:45:00 PM AST,0
19-Aug-18 11:00:00 PM AST,0
19-Aug-18 11:15:00 PM AST,0
19-Aug-18 11:30:00 PM AST,0
19-Aug-18 11:45:00 PM AST,0
20-Aug-18 12:00:00 AM AST,0
20-Aug-18 12:15:01 AM AST,0
20-Aug-18 12:30:01 AM AST,0
20-Aug-18 12:45:00 AM AST,0
20-Aug-18 1:00:00 AM AST,0
20-Aug-18 1:15:00 AM AST,0
20-Aug-18 1:30:00 AM AST,0
20-Aug-18 1:45:00 AM AST,0
20-Aug-18 2:00:01 AM AST,0
20-Aug-18 2:15:00 AM AST,0
20-Aug-18 2:30:00 AM AST,0
20-Aug-18 2:45:01 AM AST,0
20-Aug-18 3:00:00 AM AST,0
20-Aug-18 3:15:00 AM AST,0
20-Aug-18 3:30:00 AM AST,0
20-Aug-18 3:45:00 AM AST,0
20-Aug-18 4:00:00 AM AST,0
20-Aug-18 4:15:00 AM AST,0
20-Aug-18 4:30:00 AM AST,0
20-Aug-18 4:45:00 AM AST,0
20-Aug-18 5:00:00 AM AST,0
20-Aug-18 5:15:00 AM AST,0
20-Aug-18 5:30:00 AM AST,0
20-Aug-18 5:45:00 AM AST,0
20-Aug-18 6:00:00 AM AST,0
20-Aug-18 6:15:01 AM AST,0
20-Aug-18 6:30:00 AM AST,13
20-Aug-18 6:45:00 AM AST,31
20-Aug-18 7:00:00 AM AST,52
20-Aug-18 7:15:00 AM AST,52
20-Aug-18 7:30:01 AM AST,44
20-Aug-18 7:45:00 AM AST,55
20-Aug-18 8:00:00 AM AST,65
20-Aug-18 8:15:01 AM AST,83
20-Aug-18 8:30:00 AM AST,107
20-Aug-18 8:45:00 AM AST,126
20-Aug-18 9:00:01 AM AST,151
20-Aug-18 9:15:01 AM AST,255
20-Aug-18 9:30:00 AM AST,375
20-Aug-18 9:45:00 AM AST,400
20-Aug-18 10:00:00 AM AST,421
20-Aug-18 10:15:00 AM AST,427
20-Aug-18 10:30:00 AM AST,464
20-Aug-18 10:45:00 AM AST,510
20-Aug-18 11:00:00 AM AST,440
20-Aug-18 11:15:00 AM AST,562
20-Aug-18 11:30:00 AM AST,535
20-Aug-18 11:45:00 AM AST,546
20-Aug-18 12:00:00 PM AST,554
20-Aug-18 12:15:00 PM AST,556
20-Aug-18 12:30:00 PM AST,558
20-Aug-18 12:45:00 PM AST,560
20-Aug-18 1:00:00 PM AST,558
20-Aug-18 1:15:00 PM AST,558
20-Aug-18 1:30:00 PM AST,547
20-Aug-18 1:45:01 PM AST,546
20-Aug-18 2:00:00 PM AST,527
20-Aug-18 2:15:00 PM AST,516
20-Aug-18 2:30:00 PM AST,444
20-Aug-18 2:45:00 PM AST,482
20-Aug-18 3:00:00 PM AST,446
20-Aug-18 3:15:00 PM AST,420
20-Aug-18 3:30:00 PM AST,395
20-Aug-18 3:45:00 PM AST,359
20-Aug-18 4:00:00 PM AST,324
20-Aug-18 4:15:00 PM AST,285
20-Aug-18 4:30:00 PM AST,246
20-Aug-18 4:45:01 PM AST,215
20-Aug-18 5:00:00 PM AST,182
20-Aug-18 5:15:00 PM AST,147
20-Aug-18 5:30:00 PM AST,113
20-Aug-18 5:45:00 PM AST,81
20-Aug-18 6:00:00 PM AST,42
20-Aug-18 6:15:00 PM AST,18
20-Aug-18 6:30:00 PM AST,4
20-Aug-18 6:45:00 PM AST,1
20-Aug-18 7:00:00 PM AST,1
20-Aug-18 7:15:00 PM AST,0
20-Aug-18 7:30:00 PM AST,0
20-Aug-18 7:45:00 PM AST,0
20-Aug-18 8:00:00 PM AST,0
20-Aug-18 8:15:00 PM AST,0
20-Aug-18 8:30:00 PM AST,0
20-Aug-18 8:45:00 PM AST,0
20-Aug-18 9:00:00 PM AST,0
20-Aug-18 9:15:00 PM AST,0
20-Aug-18 9:30:00 PM AST,0
20-Aug-18 9:45:00 PM AST,0
20-Aug-18 10:00:00 PM AST,0
20-Aug-18 10:15:00 PM AST,0
20-Aug-18 10:30:01 PM AST,0
20-Aug-18 10:45:00 PM AST,0
20-Aug-18 11:00:01 PM AST,0
20-Aug-18 11:15:00 PM AST,0
20-Aug-18 11:30:00 PM AST,0
20-Aug-18 11:45:00 PM AST,0
21-Aug-18 12:00:00 AM AST,0
21-Aug-18 12:15:00 AM AST,0
21-Aug-18 12:30:00 AM AST,0
21-Aug-18 12:45:00 AM AST,0
21-Aug-18 1:00:00 AM AST,0
21-Aug-18 1:15:00 AM AST,0
21-Aug-18 1:30:00 AM AST,0
21-Aug-18 1:45:00 AM AST,0
21-Aug-18 2:00:00 AM AST,0
21-Aug-18 2:15:00 AM AST,0
21-Aug-18 2:30:00 AM AST,0
21-Aug-18 2:45:00 AM AST,0
21-Aug-18 3:00:00 AM AST,0
21-Aug-18 3:15:00 AM AST,0
21-Aug-18 3:30:00 AM AST,0
21-Aug-18 3:45:00 AM AST,0
21-Aug-18 4:00:00 AM AST,0
21-Aug-18 4:15:00 AM AST,0
21-Aug-18 4:30:00 AM AST,0
21-Aug-18 4:45:00 AM AST,0
21-Aug-18 5:00:01 AM AST,0
21-Aug-18 5:15:00 AM AST,0
21-Aug-18 5:30:00 AM AST,0
21-Aug-18 5:45:00 AM AST,0
21-Aug-18 6:00:00 AM AST,0
21-Aug-18 6:15:00 AM AST,4
21-Aug-18 6:30:00 AM AST,1
21-Aug-18 6:45:00 AM AST,8
21-Aug-18 7:00:00 AM AST,21
21-Aug-18 7:15:01 AM AST,32
21-Aug-18 7:30:00 AM AST,45
21-Aug-18 7:45:00 AM AST,52
21-Aug-18 8:00:00 AM AST,61
21-Aug-18 8:15:00 AM AST,72
21-Aug-18 8:30:00 AM AST,78
21-Aug-18 8:45:00 AM AST,102
21-Aug-18 9:00:00 AM AST,126
21-Aug-18 9:15:00 AM AST,147
21-Aug-18 9:30:00 AM AST,202
21-Aug-18 9:45:01 AM AST,284
21-Aug-18 10:00:01 AM AST,310
21-Aug-18 10:15:00 AM AST,411
21-Aug-18 10:30:00 AM AST,443
21-Aug-18 10:45:00 AM AST,470
21-Aug-18 11:00:00 AM AST,485
21-Aug-18 11:15:00 AM AST,502
21-Aug-18 11:30:01 AM AST,535
21-Aug-18 11:45:01 AM AST,538
21-Aug-18 12:00:01 PM AST,545
21-Aug-18 12:15:01 PM AST,559
21-Aug-18 12:30:01 PM AST,551
21-Aug-18 12:45:01 PM AST,552
21-Aug-18 1:00:00 PM AST,550
21-Aug-18 1:15:00 PM AST,546
21-Aug-18 1:30:00 PM AST,538
21-Aug-18 1:45:00 PM AST,529
21-Aug-18 2:00:01 PM AST,516
21-Aug-18 2:15:00 PM AST,504
21-Aug-18 2:30:00 PM AST,484
21-Aug-18 2:45:00 PM AST,464
21-Aug-18 3:00:00 PM AST,439
21-Aug-18 3:15:00 PM AST,412
21-Aug-18 3:30:00 PM AST,390
21-Aug-18 3:45:00 PM AST,357
21-Aug-18 4:00:01 PM AST,333
21-Aug-18 4:15:01 PM AST,299
21-Aug-18 4:30:00 PM AST,259
21-Aug-18 4:45:00 PM AST,220
21-Aug-18 5:00:01 PM AST,182
21-Aug-18 5:15:00 PM AST,141
21-Aug-18 5:30:00 PM AST,106
21-Aug-18 5:45:00 PM AST,75
21-Aug-18 6:00:01 PM AST,65
21-Aug-18 6:15:00 PM AST,42
21-Aug-18 6:30:00 PM AST,18
21-Aug-18 6:45:00 PM AST,0
21-Aug-18 7:00:01 PM AST,0
21-Aug-18 7:15:00 PM AST,0
21-Aug-18 7:30:01 PM AST,0
21-Aug-18 7:45:00 PM AST,0
21-Aug-18 8:00:00 PM AST,0
21-Aug-18 8:15:00 PM AST,0
21-Aug-18 8:30:00 PM AST,0
21-Aug-18 8:45:00 PM AST,0
21-Aug-18 9:00:00 PM AST,0
21-Aug-18 9:15:00 PM AST,0
21-Aug-18 9:30:00 PM AST,0
21-Aug-18 9:45:00 PM AST,0
21-Aug-18 10:00:00 PM AST,0
21-Aug-18 10:15:00 PM AST,0
21-Aug-18 10:30:00 PM AST,0
21-Aug-18 10:45:00 PM AST,0
21-Aug-18 11:00:00 PM AST,0
21-Aug-18 11:15:01 PM AST,0
21-Aug-18 11:30:00 PM AST,0
21-Aug-18 11:45:00 PM AST,0
22-Aug-18 12:00:01 AM AST,0
22-Aug-18 12:15:00 AM AST,0
22-Aug-18 12:30:00 AM AST,0
22-Aug-18 12:45:01 AM AST,0
22-Aug-18 1:00:00 AM AST,0
22-Aug-18 1:15:00 AM AST,0
22-Aug-18 1:30:00 AM AST,0
22-Aug-18 1:45:01 AM AST,0
22-Aug-18 2:00:00 AM AST,0
22-Aug-18 2:15:00 AM AST,0
22-Aug-18 2:30:00 AM AST,0
22-Aug-18 2:45:00 AM AST,0
22-Aug-18 3:00:00 AM AST,0
22-Aug-18 3:15:00 AM AST,0
22-Aug-18 3:30:01 AM AST,0
22-Aug-18 3:45:00 AM AST,0
22-Aug-18 4:00:00 AM AST,0
22-Aug-18 4:15:00 AM AST,0
22-Aug-18 4:30:00 AM AST,0
22-Aug-18 4:45:00 AM AST,0
22-Aug-18 5:00:00 AM AST,0
22-Aug-18 5:15:00 AM AST,0
22-Aug-18 5:30:01 AM AST,0
22-Aug-18 5:45:00 AM AST,0
22-Aug-18 6:00:00 AM AST,0
22-Aug-18 6:15:01 AM AST,0
22-Aug-18 6:30:00 AM AST,16
22-Aug-18 6:45:00 AM AST,36
22-Aug-18 7:00:00 AM AST,53
22-Aug-18 7:15:00 AM AST,55
22-Aug-18 7:30:00 AM AST,66
22-Aug-18 7:45:01 AM AST,73
22-Aug-18 8:00:00 AM AST,76
22-Aug-18 8:15:00 AM AST,193
22-Aug-18 8:30:00 AM AST,174
22-Aug-18 8:45:00 AM AST,132
22-Aug-18 9:00:00 AM AST,178
22-Aug-18 9:15:00 AM AST,130
22-Aug-18 9:30:00 AM AST,210
22-Aug-18 9:45:00 AM AST,217
22-Aug-18 10:00:00 AM AST,393
22-Aug-18 10:15:00 AM AST,465
22-Aug-18 10:30:00 AM AST,517
22-Aug-18 10:45:00 AM AST,473
22-Aug-18 11:00:00 AM AST,564
22-Aug-18 11:15:00 AM AST,499
22-Aug-18 11:30:00 AM AST,565
22-Aug-18 11:45:01 AM AST,565
22-Aug-18 12:00:00 PM AST,572
22-Aug-18 12:15:00 PM AST,575
22-Aug-18 12:30:00 PM AST,576
22-Aug-18 12:45:00 PM AST,574
22-Aug-18 1:00:00 PM AST,575
22-Aug-18 1:15:00 PM AST,562
22-Aug-18 1:30:00 PM AST,566
22-Aug-18 1:45:01 PM AST,542
22-Aug-18 2:00:00 PM AST,534
22-Aug-18 2:15:00 PM AST,520
22-Aug-18 2:30:00 PM AST,502
22-Aug-18 2:45:00 PM AST,484
22-Aug-18 3:00:00 PM AST,457
22-Aug-18 3:15:00 PM AST,431
22-Aug-18 3:30:00 PM AST,399
22-Aug-18 3:45:00 PM AST,361
22-Aug-18 4:00:00 PM AST,326
22-Aug-18 4:15:00 PM AST,289
22-Aug-18 4:30:00 PM AST,248
22-Aug-18 4:45:00 PM AST,220
22-Aug-18 5:00:00 PM AST,180
22-Aug-18 5:15:00 PM AST,150
22-Aug-18 5:30:01 PM AST,113
22-Aug-18 5:45:00 PM AST,78
22-Aug-18 6:00:00 PM AST,47
22-Aug-18 6:15:00 PM AST,20
22-Aug-18 6:30:00 PM AST,3
22-Aug-18 6:45:00 PM AST,0
22-Aug-18 7:00:01 PM AST,0
22-Aug-18 7:15:00 PM AST,0
22-Aug-18 7:30:00 PM AST,0
22-Aug-18 7:45:01 PM AST,0
22-Aug-18 8:00:00 PM AST,0
22-Aug-18 8:15:00 PM AST,0
22-Aug-18 8:30:00 PM AST,0
22-Aug-18 8:45:01 PM AST,0
22-Aug-18 9:00:00 PM AST,0
22-Aug-18 9:15:00 PM AST,0
22-Aug-18 9:30:00 PM AST,0
22-Aug-18 9:45:01 PM AST,0
22-Aug-18 10:00:00 PM AST,0
22-Aug-18 10:15:00 PM AST,0
22-Aug-18 10:30:00 PM AST,0
22-Aug-18 10:45:00 PM AST,0
22-Aug-18 11:00:00 PM AST,0
22-Aug-18 11:15:00 PM AST,0
22-Aug-18 11:30:00 PM AST,0
22-Aug-18 11:45:00 PM AST,0
23-Aug-18 12:00:00 AM AST,0
23-Aug-18 12:15:00 AM AST,0
23-Aug-18 12:30:00 AM AST,0
23-Aug-18 12:45:00 AM AST,0
23-Aug-18 1:00:00 AM AST,0
23-Aug-18 1:15:00 AM AST,0
23-Aug-18 1:30:00 AM AST,0
23-Aug-18 1:45:00 AM AST,0
23-Aug-18 2:00:00 AM AST,0
23-Aug-18 2:15:00 AM AST,0
23-Aug-18 2:30:00 AM AST,0
23-Aug-18 2:45:00 AM AST,0
23-Aug-18 3:00:00 AM AST,0
23-Aug-18 3:15:00 AM AST,0
23-Aug-18 3:30:00 AM AST,0
23-Aug-18 3:45:00 AM AST,0
23-Aug-18 4:00:00 AM AST,0
23-Aug-18 4:15:00 AM AST,0
23-Aug-18 4:30:01 AM AST,0
23-Aug-18 4:45:00 AM AST,0
23-Aug-18 5:00:00 AM AST,0
23-Aug-18 5:15:00 AM AST,0
23-Aug-18 5:30:00 AM AST,0
23-Aug-18 5:45:01 AM AST,0
23-Aug-18 6:00:00 AM AST,0
23-Aug-18 6:15:01 AM AST,0
23-Aug-18 6:30:00 AM AST,19
23-Aug-18 6:45:00 AM AST,46
23-Aug-18 7:00:01 AM AST,60
23-Aug-18 7:15:01 AM AST,85
23-Aug-18 7:30:00 AM AST,107
23-Aug-18 7:45:00 AM AST,149
23-Aug-18 8:00:00 AM AST,172
23-Aug-18 8:15:00 AM AST,209
23-Aug-18 8:30:01 AM AST,242
23-Aug-18 8:45:01 AM AST,300
23-Aug-18 9:00:01 AM AST,352
23-Aug-18 9:15:00 AM AST,342
23-Aug-18 9:30:00 AM AST,417
23-Aug-18 9:45:00 AM AST,402
23-Aug-18 10:00:00 AM AST,546
23-Aug-18 10:15:00 AM AST,218
23-Aug-18 10:30:00 AM AST,216
23-Aug-18 10:45:01 AM AST,217
23-Aug-18 11:00:00 AM AST,206
23-Aug-18 11:15:00 AM AST,249
23-Aug-18 11:30:00 AM AST,252
23-Aug-18 11:45:00 AM AST,553
23-Aug-18 12:00:00 PM AST,488
23-Aug-18 12:15:01 PM AST,591
23-Aug-18 12:30:01 PM AST,572
23-Aug-18 12:45:00 PM AST,554
23-Aug-18 1:00:00 PM AST,548
23-Aug-18 1:15:01 PM AST,553
23-Aug-18 1:30:01 PM AST,544
23-Aug-18 1:45:00 PM AST,540
23-Aug-18 2:00:00 PM AST,526
23-Aug-18 2:15:00 PM AST,511
23-Aug-18 2:30:00 PM AST,494
23-Aug-18 2:45:00 PM AST,471
23-Aug-18 3:00:01 PM AST,451
23-Aug-18 3:15:01 PM AST,423
23-Aug-18 3:30:00 PM AST,399
23-Aug-18 3:45:01 PM AST,359
23-Aug-18 4:00:00 PM AST,337
23-Aug-18 4:15:01 PM AST,300
23-Aug-18 4:30:00 PM AST,260
23-Aug-18 4:45:00 PM AST,221
23-Aug-18 5:00:00 PM AST,183
23-Aug-18 5:15:00 PM AST,143
23-Aug-18 5:30:00 PM AST,103
23-Aug-18 5:45:00 PM AST,71
23-Aug-18 6:00:00 PM AST,47
23-Aug-18 6:15:00 PM AST,20
23-Aug-18 6:30:01 PM AST,6
23-Aug-18 6:45:00 PM AST,1
23-Aug-18 7:00:00 PM AST,0
23-Aug-18 7:15:00 PM AST,0
23-Aug-18 7:30:00 PM AST,0
23-Aug-18 7:45:00 PM AST,0
23-Aug-18 8:00:00 PM AST,0
23-Aug-18 8:15:00 PM AST,0
23-Aug-18 8:30:00 PM AST,0
23-Aug-18 8:45:01 PM AST,0
23-Aug-18 9:00:00 PM AST,0
23-Aug-18 9:15:02 PM AST,0
23-Aug-18 9:30:00 PM AST,0
23-Aug-18 9:45:00 PM AST,0
23-Aug-18 10:00:00 PM AST,0
23-Aug-18 10:15:00 PM AST,0
23-Aug-18 10:30:01 PM AST,0
23-Aug-18 10:45:00 PM AST,0
23-Aug-18 11:00:00 PM AST,0
23-Aug-18 11:15:00 PM AST,0
23-Aug-18 11:30:00 PM AST,0
23-Aug-18 11:45:00 PM AST,0
24-Aug-18 12:00:00 AM AST,0
24-Aug-18 12:15:00 AM AST,0
24-Aug-18 12:30:00 AM AST,0
24-Aug-18 12:45:00 AM AST,0
24-Aug-18 1:00:00 AM AST,0
24-Aug-18 1:15:00 AM AST,0
24-Aug-18 1:30:00 AM AST,0
24-Aug-18 1:45:00 AM AST,0
24-Aug-18 2:00:00 AM AST,0
24-Aug-18 2:15:00 AM AST,0
24-Aug-18 2:30:00 AM AST,0
24-Aug-18 2:45:00 AM AST,0
24-Aug-18 3:00:00 AM AST,0
24-Aug-18 3:15:00 AM AST,0
24-Aug-18 3:30:00 AM AST,0
24-Aug-18 3:45:00 AM AST,0
24-Aug-18 4:00:00 AM AST,0
24-Aug-18 4:15:00 AM AST,0
24-Aug-18 4:30:00 AM AST,0
24-Aug-18 4:45:00 AM AST,0
24-Aug-18 5:00:00 AM AST,0
24-Aug-18 5:15:00 AM AST,0
24-Aug-18 5:30:00 AM AST,0
24-Aug-18 5:45:00 AM AST,0
24-Aug-18 6:00:00 AM AST,0
24-Aug-18 6:15:00 AM AST,0
24-Aug-18 6:30:00 AM AST,14
24-Aug-18 6:45:00 AM AST,32
24-Aug-18 7:00:00 AM AST,59
24-Aug-18 7:15:00 AM AST,83
24-Aug-18 7:30:00 AM AST,112
24-Aug-18 7:45:00 AM AST,134
24-Aug-18 8:00:00 AM AST,166
24-Aug-18 8:15:00 AM AST,200
24-Aug-18 8:30:00 AM AST,231
24-Aug-18 8:45:00 AM AST,266
24-Aug-18 9:00:01 AM AST,302
24-Aug-18 9:15:00 AM AST,326
24-Aug-18 9:30:00 AM AST,356
24-Aug-18 9:45:00 AM AST,381
24-Aug-18 10:00:00 AM AST,406
24-Aug-18 10:15:00 AM AST,444
24-Aug-18 10:30:00 AM AST,467
24-Aug-18 10:45:00 AM AST,492
24-Aug-18 11:00:00 AM AST,512
24-Aug-18 11:15:00 AM AST,533
24-Aug-18 11:30:00 AM AST,547
24-Aug-18 11:45:00 AM AST,553
24-Aug-18 12:00:00 PM AST,559
24-Aug-18 12:15:00 PM AST,558
24-Aug-18 12:30:00 PM AST,565
24-Aug-18 12:45:00 PM AST,565
24-Aug-18 1:00:00 PM AST,559
24-Aug-18 1:15:00 PM AST,556
24-Aug-18 1:30:00 PM AST,547
24-Aug-18 1:45:00 PM AST,534
24-Aug-18 2:00:00 PM AST,518
24-Aug-18 2:15:00 PM AST,506
24-Aug-18 2:30:00 PM AST,478
24-Aug-18 2:45:00 PM AST,469
24-Aug-18 3:00:00 PM AST,441
24-Aug-18 3:15:00 PM AST,418
24-Aug-18 3:30:00 PM AST,386
24-Aug-18 3:45:00 PM AST,351
24-Aug-18 4:00:00 PM AST,316
24-Aug-18 4:15:00 PM AST,281
24-Aug-18 4:30:00 PM AST,243
24-Aug-18 4:45:00 PM AST,214
24-Aug-18 5:00:00 PM AST,173
24-Aug-18 5:15:00 PM AST,143
24-Aug-18 5:30:00 PM AST,107
24-Aug-18 5:45:00 PM AST,74
24-Aug-18 6:00:00 PM AST,45
24-Aug-18 6:15:00 PM AST,20
24-Aug-18 6:30:00 PM AST,2
24-Aug-18 6:45:00 PM AST,3
24-Aug-18 7:00:00 PM AST,0
24-Aug-18 7:15:00 PM AST,0
24-Aug-18 7:30:01 PM AST,0
24-Aug-18 7:45:00 PM AST,0
24-Aug-18 8:00:00 PM AST,0
24-Aug-18 8:15:01 PM AST,0
24-Aug-18 8:30:00 PM AST,0
24-Aug-18 8:45:00 PM AST,0
24-Aug-18 9:00:00 PM AST,0
24-Aug-18 9:15:00 PM AST,0
24-Aug-18 9:30:00 PM AST,0
24-Aug-18 9:45:00 PM AST,0
24-Aug-18 10:00:00 PM AST,0
24-Aug-18 10:15:00 PM AST,0
24-Aug-18 10:30:00 PM AST,0
24-Aug-18 10:45:01 PM AST,0
24-Aug-18 11:00:01 PM AST,0
24-Aug-18 11:15:00 PM AST,0
24-Aug-18 11:30:00 PM AST,0
24-Aug-18 11:45:00 PM AST,0
25-Aug-18 12:00:00 AM AST,0
25-Aug-18 12:15:00 AM AST,0
25-Aug-18 12:30:00 AM AST,0
25-Aug-18 12:45:00 AM AST,0
25-Aug-18 1:00:00 AM AST,0
25-Aug-18 1:15:00 AM AST,0
25-Aug-18 1:30:00 AM AST,0
25-Aug-18 1:45:00 AM AST,0
25-Aug-18 2:00:00 AM AST,0
25-Aug-18 2:15:00 AM AST,0
25-Aug-18 2:30:01 AM AST,0
25-Aug-18 2:45:00 AM AST,0
25-Aug-18 3:00:00 AM AST,0
25-Aug-18 3:15:00 AM AST,0
25-Aug-18 3:30:00 AM AST,0
25-Aug-18 3:45:00 AM AST,0
25-Aug-18 4:00:00 AM AST,0
25-Aug-18 4:15:00 AM AST,0
25-Aug-18 4:30:00 AM AST,0
25-Aug-18 4:45:00 AM AST,0
25-Aug-18 5:00:01 AM AST,0
25-Aug-18 5:15:01 AM AST,0
25-Aug-18 5:30:00 AM AST,0
25-Aug-18 5:45:00 AM AST,0
25-Aug-18 6:00:00 AM AST,0
25-Aug-18 6:15:00 AM AST,0
25-Aug-18 6:30:00 AM AST,11
25-Aug-18 6:45:00 AM AST,33
25-Aug-18 7:00:00 AM AST,60
25-Aug-18 7:15:00 AM AST,88
25-Aug-18 7:30:00 AM AST,114
25-Aug-18 7:45:00 AM AST,144
25-Aug-18 8:00:00 AM AST,163
25-Aug-18 8:15:01 AM AST,189
25-Aug-18 8:30:00 AM AST,208
25-Aug-18 8:45:00 AM AST,237
25-Aug-18 9:00:00 AM AST,237
25-Aug-18 9:15:00 AM AST,292
25-Aug-18 9:30:00 AM AST,336
25-Aug-18 9:45:00 AM AST,373
25-Aug-18 10:00:00 AM AST,357
25-Aug-18 10:15:00 AM AST,430
25-Aug-18 10:30:00 AM AST,442
25-Aug-18 10:45:00 AM AST,463
25-Aug-18 11:00:00 AM AST,475
25-Aug-18 11:15:00 AM AST,494
25-Aug-18 11:30:01 AM AST,508
25-Aug-18 11:45:00 AM AST,538
25-Aug-18 12:00:00 PM AST,535
25-Aug-18 12:15:01 PM AST,536
25-Aug-18 12:30:00 PM AST,539
25-Aug-18 12:45:00 PM AST,542
25-Aug-18 1:00:01 PM AST,540
25-Aug-18 1:15:00 PM AST,539
25-Aug-18 1:30:00 PM AST,527
25-Aug-18 1:45:00 PM AST,524
25-Aug-18 2:00:00 PM AST,510
25-Aug-18 2:15:00 PM AST,485
25-Aug-18 2:30:01 PM AST,471
25-Aug-18 2:45:00 PM AST,442
25-Aug-18 3:00:00 PM AST,415
25-Aug-18 3:15:00 PM AST,390
25-Aug-18 3:30:00 PM AST,368
25-Aug-18 3:45:00 PM AST,337
25-Aug-18 4:00:01 PM AST,311
25-Aug-18 4:15:00 PM AST,276
25-Aug-18 4:30:00 PM AST,239
25-Aug-18 4:45:00 PM AST,202
25-Aug-18 5:00:00 PM AST,167
25-Aug-18 5:15:00 PM AST,130
25-Aug-18 5:30:00 PM AST,95
25-Aug-18 5:45:00 PM AST,66
25-Aug-18 6:00:00 PM AST,46
25-Aug-18 6:15:00 PM AST,22
25-Aug-18 6:30:01 PM AST,6
25-Aug-18 6:45:00 PM AST,1
25-Aug-18 7:00:00 PM AST,0
25-Aug-18 7:15:01 PM AST,0
25-Aug-18 7:30:00 PM AST,0
25-Aug-18 7:45:00 PM AST,0
25-Aug-18 8:00:00 PM AST,0
25-Aug-18 8:15:00 PM AST,0
25-Aug-18 8:30:00 PM AST,0
25-Aug-18 8:45:00 PM AST,0
25-Aug-18 9:00:00 PM AST,0
25-Aug-18 9:15:00 PM AST,0
25-Aug-18 9:30:00 PM AST,0
25-Aug-18 9:45:00 PM AST,0
25-Aug-18 10:00:00 PM AST,0
25-Aug-18 10:15:00 PM AST,0
25-Aug-18 10:30:01 PM AST,0
25-Aug-18 10:45:00 PM AST,0
25-Aug-18 11:00:00 PM AST,0
25-Aug-18 11:15:00 PM AST,0
25-Aug-18 11:30:00 PM AST,0
25-Aug-18 11:45:00 PM AST,0
26-Aug-18 12:00:00 AM AST,0
26-Aug-18 12:15:00 AM AST,0
26-Aug-18 12:30:00 AM AST,0
26-Aug-18 12:45:00 AM AST,0
26-Aug-18 1:00:00 AM AST,0
26-Aug-18 1:15:00 AM AST,0
26-Aug-18 1:30:00 AM AST,0
26-Aug-18 1:45:00 AM AST,0
26-Aug-18 2:00:00 AM AST,0
26-Aug-18 2:15:00 AM AST,0
26-Aug-18 2:30:00 AM AST,0
26-Aug-18 2:45:00 AM AST,0
26-Aug-18 3:00:00 AM AST,0
26-Aug-18 3:15:00 AM AST,0
26-Aug-18 3:30:00 AM AST,0
26-Aug-18 3:45:00 AM AST,0
26-Aug-18 4:00:01 AM AST,0
26-Aug-18 4:15:00 AM AST,0
26-Aug-18 4:30:00 AM AST,0
26-Aug-18 4:45:00 AM AST,0
26-Aug-18 5:00:00 AM AST,0
26-Aug-18 5:15:00 AM AST,0
26-Aug-18 5:30:00 AM AST,0
26-Aug-18 5:45:00 AM AST,0
26-Aug-18 6:00:00 AM AST,0
26-Aug-18 6:15:00 AM AST,0
26-Aug-18 6:30:00 AM AST,9
26-Aug-18 6:45:00 AM AST,20
26-Aug-18 7:00:00 AM AST,42
26-Aug-18 7:15:00 AM AST,69
26-Aug-18 7:30:00 AM AST,106
26-Aug-18 7:45:00 AM AST,133
26-Aug-18 8:00:00 AM AST,154
26-Aug-18 8:15:00 AM AST,120
26-Aug-18 8:30:00 AM AST,91
26-Aug-18 8:45:00 AM AST,84
26-Aug-18 9:00:01 AM AST,85
26-Aug-18 9:15:00 AM AST,124
26-Aug-18 9:30:00 AM AST,175
26-Aug-18 9:45:00 AM AST,255
26-Aug-18 10:00:00 AM AST,379
26-Aug-18 10:15:00 AM AST,419
26-Aug-18 10:30:00 AM AST,368
26-Aug-18 10:45:00 AM AST,510
26-Aug-18 11:00:00 AM AST,226
26-Aug-18 11:15:00 AM AST,402
26-Aug-18 11:30:00 AM AST,459
26-Aug-18 11:45:01 AM AST,518
26-Aug-18 12:00:00 PM AST,517
26-Aug-18 12:15:00 PM AST,527.5
26-Aug-18 12:30:00 PM AST,516
26-Aug-18 12:45:00 PM AST,448
26-Aug-18 1:00:00 PM AST,355
26-Aug-18 1:15:00 PM AST,431
26-Aug-18 1:30:00 PM AST,241
26-Aug-18 1:45:00 PM AST,211
26-Aug-18 2:00:00 PM AST,208
26-Aug-18 2:15:00 PM AST,364
26-Aug-18 2:30:00 PM AST,400
26-Aug-18 2:45:00 PM AST,279
26-Aug-18 3:00:00 PM AST,330
26-Aug-18 3:15:00 PM AST,266
26-Aug-18 3:30:00 PM AST,219
26-Aug-18 3:45:00 PM AST,253
26-Aug-18 4:00:00 PM AST,144
26-Aug-18 4:15:00 PM AST,144
26-Aug-18 4:30:00 PM AST,214
26-Aug-18 4:45:00 PM AST,181
26-Aug-18 5:00:00 PM AST,134
26-Aug-18 5:15:00 PM AST,134
26-Aug-18 5:30:01 PM AST,93
26-Aug-18 5:45:00 PM AST,66
26-Aug-18 6:00:01 PM AST,38
26-Aug-18 6:15:01 PM AST,14
26-Aug-18 6:30:01 PM AST,0
26-Aug-18 6:45:01 PM AST,0
26-Aug-18 7:00:01 PM AST,0
26-Aug-18 7:15:01 PM AST,0
26-Aug-18 7:30:00 PM AST,0
26-Aug-18 7:45:00 PM AST,0
26-Aug-18 8:00:01 PM AST,0
26-Aug-18 8:15:01 PM AST,0
26-Aug-18 8:30:01 PM AST,0
26-Aug-18 8:45:00 PM AST,0
26-Aug-18 9:00:00 PM AST,0
26-Aug-18 9:15:00 PM AST,0
26-Aug-18 9:30:00 PM AST,0
26-Aug-18 9:45:00 PM AST,0
26-Aug-18 10:00:00 PM AST,0
26-Aug-18 10:15:00 PM AST,0
26-Aug-18 10:30:00 PM AST,0
26-Aug-18 10:45:00 PM AST,0
26-Aug-18 11:00:00 PM AST,0
26-Aug-18 11:15:00 PM AST,0
26-Aug-18 11:30:00 PM AST,0
26-Aug-18 11:45:01 PM AST,0
27-Aug-18 12:00:00 AM AST,0
27-Aug-18 12:15:00 AM AST,0
27-Aug-18 12:30:00 AM AST,0
27-Aug-18 12:45:00 AM AST,0
27-Aug-18 1:00:00 AM AST,0
27-Aug-18 1:15:00 AM AST,0
27-Aug-18 1:30:00 AM AST,0
27-Aug-18 1:45:00 AM AST,0
27-Aug-18 2:00:00 AM AST,0
27-Aug-18 2:15:01 AM AST,0
27-Aug-18 2:30:01 AM AST,0
27-Aug-18 2:45:00 AM AST,0
27-Aug-18 3:00:01 AM AST,0
27-Aug-18 3:15:00 AM AST,0
27-Aug-18 3:30:00 AM AST,0
27-Aug-18 3:45:00 AM AST,0
27-Aug-18 4:00:05 AM AST,0
27-Aug-18 4:15:00 AM AST,0
27-Aug-18 4:30:00 AM AST,0
27-Aug-18 4:45:01 AM AST,0
27-Aug-18 5:00:01 AM AST,0
27-Aug-18 5:15:00 AM AST,0
27-Aug-18 5:30:01 AM AST,0
27-Aug-18 5:45:00 AM AST,0
27-Aug-18 6:00:00 AM AST,0
27-Aug-18 6:15:00 AM AST,3
27-Aug-18 6:30:00 AM AST,5
27-Aug-18 6:45:00 AM AST,22
27-Aug-18 7:00:00 AM AST,51
27-Aug-18 7:15:00 AM AST,70
27-Aug-18 7:30:00 AM AST,65
27-Aug-18 7:45:00 AM AST,88
27-Aug-18 8:00:00 AM AST,153
27-Aug-18 8:15:01 AM AST,196
27-Aug-18 8:30:00 AM AST,215
27-Aug-18 8:45:00 AM AST,252
27-Aug-18 9:00:00 AM AST,259
27-Aug-18 9:15:00 AM AST,319
27-Aug-18 9:30:00 AM AST,356
27-Aug-18 9:45:00 AM AST,388
27-Aug-18 10:00:00 AM AST,419
27-Aug-18 10:15:02 AM AST,444
27-Aug-18 10:30:01 AM AST,463
27-Aug-18 10:45:00 AM AST,480
27-Aug-18 11:00:01 AM AST,476
27-Aug-18 11:15:00 AM AST,498
27-Aug-18 11:30:00 AM AST,520
27-Aug-18 11:45:00 AM AST,532
27-Aug-18 12:00:00 PM AST,541
27-Aug-18 12:15:00 PM AST,551
27-Aug-18 12:30:00 PM AST,552
27-Aug-18 12:45:00 PM AST,549
27-Aug-18 1:00:00 PM AST,548
27-Aug-18 1:15:00 PM AST,544
27-Aug-18 1:30:00 PM AST,538
27-Aug-18 1:45:00 PM AST,525
27-Aug-18 2:00:00 PM AST,514
27-Aug-18 2:15:00 PM AST,498
27-Aug-18 2:30:00 PM AST,474
27-Aug-18 2:45:00 PM AST,454
27-Aug-18 3:00:00 PM AST,428
27-Aug-18 3:15:00 PM AST,396
27-Aug-18 3:30:00 PM AST,377
27-Aug-18 3:45:00 PM AST,340
27-Aug-18 4:00:00 PM AST,312
27-Aug-18 4:15:00 PM AST,277
27-Aug-18 4:30:01 PM AST,240
27-Aug-18 4:45:00 PM AST,197
27-Aug-18 5:00:00 PM AST,159
27-Aug-18 5:15:00 PM AST,122
27-Aug-18 5:30:00 PM AST,88
27-Aug-18 5:45:00 PM AST,58
27-Aug-18 6:00:00 PM AST,38
27-Aug-18 6:15:00 PM AST,15
27-Aug-18 6:30:01 PM AST,0
27-Aug-18 6:45:01 PM AST,1
27-Aug-18 7:00:00 PM AST,0
27-Aug-18 7:15:00 PM AST,0
27-Aug-18 7:30:00 PM AST,0
27-Aug-18 7:45:00 PM AST,0
27-Aug-18 8:00:00 PM AST,0
27-Aug-18 8:15:00 PM AST,0
27-Aug-18 8:30:00 PM AST,0
27-Aug-18 8:45:00 PM AST,0
27-Aug-18 9:00:00 PM AST,0
27-Aug-18 9:15:00 PM AST,0
27-Aug-18 9:30:00 PM AST,0
27-Aug-18 9:45:00 PM AST,0
27-Aug-18 10:00:00 PM AST,0
27-Aug-18 10:15:01 PM AST,0
27-Aug-18 10:30:00 PM AST,0
27-Aug-18 10:45:01 PM AST,0
27-Aug-18 11:00:00 PM AST,0
27-Aug-18 11:15:00 PM AST,0
27-Aug-18 11:30:00 PM AST,0
27-Aug-18 11:45:01 PM AST,0
28-Aug-18 12:00:00 AM AST,0
28-Aug-18 12:15:00 AM AST,0
28-Aug-18 12:30:00 AM AST,0
28-Aug-18 12:45:00 AM AST,0
28-Aug-18 1:00:00 AM AST,0
28-Aug-18 1:15:00 AM AST,0
28-Aug-18 1:30:00 AM AST,0
28-Aug-18 1:45:00 AM AST,0
28-Aug-18 2:00:00 AM AST,0
28-Aug-18 2:15:00 AM AST,0
28-Aug-18 2:30:00 AM AST,0
28-Aug-18 2:45:01 AM AST,0
28-Aug-18 3:00:00 AM AST,0
28-Aug-18 3:15:00 AM AST,0
28-Aug-18 3:30:00 AM AST,0
28-Aug-18 3:45:00 AM AST,0
28-Aug-18 4:00:00 AM AST,0
28-Aug-18 4:15:00 AM AST,0
28-Aug-18 4:30:00 AM AST,0
28-Aug-18 4:45:00 AM AST,0
28-Aug-18 5:00:00 AM AST,0
28-Aug-18 5:15:00 AM AST,0
28-Aug-18 5:30:00 AM AST,0
28-Aug-18 5:45:01 AM AST,0
28-Aug-18 6:00:00 AM AST,0
28-Aug-18 6:15:01 AM AST,0
28-Aug-18 6:30:00 AM AST,17
28-Aug-18 6:45:00 AM AST,36
28-Aug-18 7:00:00 AM AST,63
28-Aug-18 7:15:00 AM AST,87
28-Aug-18 7:30:01 AM AST,109
28-Aug-18 7:45:00 AM AST,143
28-Aug-18 8:00:00 AM AST,176
28-Aug-18 8:15:00 AM AST,200
28-Aug-18 8:30:00 AM AST,242
28-Aug-18 8:45:00 AM AST,279
28-Aug-18 9:00:00 AM AST,314
28-Aug-18 9:15:01 AM AST,345
28-Aug-18 9:30:01 AM AST,259
28-Aug-18 9:45:00 AM AST,381
28-Aug-18 10:00:00 AM AST,412
28-Aug-18 10:15:00 AM AST,439
28-Aug-18 10:30:00 AM AST,462
28-Aug-18 10:45:00 AM AST,489
28-Aug-18 11:00:00 AM AST,514
28-Aug-18 11:15:00 AM AST,528
28-Aug-18 11:30:00 AM AST,550
28-Aug-18 11:45:01 AM AST,549
28-Aug-18 12:00:01 PM AST,554
28-Aug-18 12:15:00 PM AST,560
28-Aug-18 12:30:00 PM AST,562
28-Aug-18 12:45:00 PM AST,569
28-Aug-18 1:00:00 PM AST,559
28-Aug-18 1:15:00 PM AST,554
28-Aug-18 1:30:00 PM AST,546
28-Aug-18 1:45:00 PM AST,532
28-Aug-18 2:00:00 PM AST,519
28-Aug-18 2:15:00 PM AST,498
28-Aug-18 2:30:00 PM AST,483
28-Aug-18 2:45:00 PM AST,463
28-Aug-18 3:00:00 PM AST,442
28-Aug-18 3:15:00 PM AST,407
28-Aug-18 3:30:01 PM AST,383
28-Aug-18 3:45:00 PM AST,350
28-Aug-18 4:00:00 PM AST,308
28-Aug-18 4:15:00 PM AST,276
28-Aug-18 4:30:00 PM AST,234
28-Aug-18 4:45:00 PM AST,196
28-Aug-18 5:00:00 PM AST,166
28-Aug-18 5:15:01 PM AST,124
28-Aug-18 5:30:00 PM AST,102
28-Aug-18 5:45:00 PM AST,68
28-Aug-18 6:00:01 PM AST,41
28-Aug-18 6:15:01 PM AST,16
28-Aug-18 6:30:00 PM AST,0
28-Aug-18 6:45:00 PM AST,0
28-Aug-18 7:00:00 PM AST,0
28-Aug-18 7:15:00 PM AST,0
28-Aug-18 7:30:00 PM AST,0
28-Aug-18 7:45:00 PM AST,0
28-Aug-18 8:00:00 PM AST,0
28-Aug-18 8:15:00 PM AST,0
28-Aug-18 8:30:00 PM AST,0
28-Aug-18 8:45:00 PM AST,0
28-Aug-18 9:00:00 PM AST,0
28-Aug-18 9:15:00 PM AST,0
28-Aug-18 9:30:00 PM AST,0
28-Aug-18 9:45:00 PM AST,0
28-Aug-18 10:00:00 PM AST,0
28-Aug-18 10:15:00 PM AST,0
28-Aug-18 10:30:01 PM AST,0
28-Aug-18 10:45:00 PM AST,0
28-Aug-18 11:00:00 PM AST,0
28-Aug-18 11:15:00 PM AST,0
28-Aug-18 11:30:00 PM AST,0
28-Aug-18 11:45:00 PM AST,0
29-Aug-18 12:00:00 AM AST,0
29-Aug-18 12:15:01 AM AST,0
29-Aug-18 12:30:00 AM AST,0
29-Aug-18 12:45:01 AM AST,0
29-Aug-18 1:00:00 AM AST,0
29-Aug-18 1:15:02 AM AST,0
29-Aug-18 1:30:00 AM AST,0
29-Aug-18 1:45:01 AM AST,0
29-Aug-18 2:00:01 AM AST,0
29-Aug-18 2:15:01 AM AST,0
29-Aug-18 2:30:00 AM AST,0
29-Aug-18 2:45:00 AM AST,0
29-Aug-18 3:00:00 AM AST,0
29-Aug-18 3:15:00 AM AST,0
29-Aug-18 3:30:00 AM AST,0
29-Aug-18 3:45:00 AM AST,0
29-Aug-18 4:00:00 AM AST,0
29-Aug-18 4:15:01 AM AST,0
29-Aug-18 4:30:00 AM AST,0
29-Aug-18 4:45:00 AM AST,0
29-Aug-18 5:00:00 AM AST,0
29-Aug-18 5:15:00 AM AST,0
29-Aug-18 5:30:00 AM AST,0
29-Aug-18 5:45:00 AM AST,0
29-Aug-18 6:00:01 AM AST,0
29-Aug-18 6:15:01 AM AST,0
29-Aug-18 6:30:00 AM AST,10
29-Aug-18 6:45:00 AM AST,39
29-Aug-18 7:00:00 AM AST,63
29-Aug-18 7:15:00 AM AST,90
29-Aug-18 7:30:01 AM AST,99
29-Aug-18 7:45:00 AM AST,144
29-Aug-18 8:00:00 AM AST,153
29-Aug-18 8:15:01 AM AST,238
29-Aug-18 8:30:00 AM AST,180
29-Aug-18 8:45:00 AM AST,222
29-Aug-18 9:00:00 AM AST,213
29-Aug-18 9:15:00 AM AST,249
29-Aug-18 9:30:00 AM AST,288
29-Aug-18 9:45:00 AM AST,371
29-Aug-18 10:00:00 AM AST,420
29-Aug-18 10:15:00 AM AST,427
29-Aug-18 10:30:00 AM AST,441
29-Aug-18 10:45:00 AM AST,461
29-Aug-18 11:00:00 AM AST,473
29-Aug-18 11:15:00 AM AST,506
29-Aug-18 11:30:00 AM AST,489
29-Aug-18 11:45:00 AM AST,528
29-Aug-18 12:00:01 PM AST,529
29-Aug-18 12:15:00 PM AST,473
29-Aug-18 12:30:00 PM AST,504
29-Aug-18 12:45:00 PM AST,541
29-Aug-18 1:00:00 PM AST,545
29-Aug-18 1:15:00 PM AST,507
29-Aug-18 1:30:00 PM AST,530
29-Aug-18 1:45:00 PM AST,516
29-Aug-18 2:00:00 PM AST,509
29-Aug-18 2:15:00 PM AST,485
29-Aug-18 2:30:00 PM AST,463
29-Aug-18 2:45:00 PM AST,434
29-Aug-18 3:00:00 PM AST,417
29-Aug-18 3:15:00 PM AST,392
29-Aug-18 3:30:00 PM AST,348
29-Aug-18 3:45:00 PM AST,333
29-Aug-18 4:00:00 PM AST,293
29-Aug-18 4:15:00 PM AST,255
29-Aug-18 4:30:00 PM AST,160
29-Aug-18 4:45:01 PM AST,152
29-Aug-18 5:00:00 PM AST,181
29-Aug-18 5:15:00 PM AST,90
29-Aug-18 5:30:00 PM AST,57
29-Aug-18 5:45:00 PM AST,44
29-Aug-18 6:00:00 PM AST,33
29-Aug-18 6:15:00 PM AST,21
29-Aug-18 6:30:00 PM AST,1
29-Aug-18 6:45:00 PM AST,0
29-Aug-18 7:00:00 PM AST,0
29-Aug-18 7:15:00 PM AST,0
29-Aug-18 7:30:01 PM AST,0
29-Aug-18 7:45:00 PM AST,0
29-Aug-18 8:00:00 PM AST,0
29-Aug-18 8:15:00 PM AST,0
29-Aug-18 8:30:00 PM AST,0
29-Aug-18 8:45:00 PM AST,0
29-Aug-18 9:00:01 PM AST,0
29-Aug-18 9:15:00 PM AST,0
29-Aug-18 9:30:00 PM AST,0
29-Aug-18 9:45:00 PM AST,0
29-Aug-18 10:00:00 PM AST,0
29-Aug-18 10:15:00 PM AST,0
29-Aug-18 10:30:00 PM AST,0
29-Aug-18 10:45:00 PM AST,0
29-Aug-18 11:00:00 PM AST,0
29-Aug-18 11:15:00 PM AST,0
29-Aug-18 11:30:00 PM AST,0
29-Aug-18 11:45:00 PM AST,0
30-Aug-18 12:00:00 AM AST,0
30-Aug-18 12:15:00 AM AST,0
30-Aug-18 12:30:00 AM AST,0
30-Aug-18 12:45:00 AM AST,0
30-Aug-18 1:00:00 AM AST,0
30-Aug-18 1:15:00 AM AST,0
30-Aug-18 1:30:00 AM AST,0
30-Aug-18 1:45:00 AM AST,0
30-Aug-18 2:00:00 AM AST,0
30-Aug-18 2:15:00 AM AST,0
30-Aug-18 2:30:00 AM AST,0
30-Aug-18 2:45:00 AM AST,0
30-Aug-18 3:00:01 AM AST,0
30-Aug-18 3:15:00 AM AST,0
30-Aug-18 3:30:00 AM AST,0
30-Aug-18 3:45:00 AM AST,0
30-Aug-18 4:00:00 AM AST,0
30-Aug-18 4:15:00 AM AST,0
30-Aug-18 4:30:00 AM AST,0
30-Aug-18 4:45:00 AM AST,0
30-Aug-18 5:00:00 AM AST,0
30-Aug-18 5:15:00 AM AST,0
30-Aug-18 5:30:00 AM AST,0
30-Aug-18 5:45:00 AM AST,0
30-Aug-18 6:00:00 AM AST,0
30-Aug-18 6:15:00 AM AST,4
30-Aug-18 6:30:01 AM AST,11
30-Aug-18 6:45:00 AM AST,33
30-Aug-18 7:00:00 AM AST,58
30-Aug-18 7:15:00 AM AST,92
30-Aug-18 7:30:00 AM AST,103
30-Aug-18 7:45:00 AM AST,124
30-Aug-18 8:00:00 AM AST,160
30-Aug-18 8:15:00 AM AST,180
30-Aug-18 8:30:00 AM AST,202
30-Aug-18 8:45:00 AM AST,166
30-Aug-18 9:00:01 AM AST,274
30-Aug-18 9:15:01 AM AST,303
30-Aug-18 9:30:00 AM AST,341
30-Aug-18 9:45:00 AM AST,368
30-Aug-18 10:00:00 AM AST,448
30-Aug-18 10:15:00 AM AST,446
30-Aug-18 10:30:00 AM AST,438
30-Aug-18 10:45:00 AM AST,458
30-Aug-18 11:00:00 AM AST,480
30-Aug-18 11:15:01 AM AST,497
30-Aug-18 11:30:00 AM AST,513
30-Aug-18 11:45:00 AM AST,528
30-Aug-18 12:00:00 PM AST,535
30-Aug-18 12:15:00 PM AST,538
30-Aug-18 12:30:00 PM AST,534
30-Aug-18 12:45:01 PM AST,532
30-Aug-18 1:00:00 PM AST,533
30-Aug-18 1:15:01 PM AST,534
30-Aug-18 1:30:00 PM AST,523
30-Aug-18 1:45:00 PM AST,509
30-Aug-18 2:00:01 PM AST,482
30-Aug-18 2:15:00 PM AST,492
30-Aug-18 2:30:00 PM AST,474
30-Aug-18 2:45:00 PM AST,327
30-Aug-18 3:00:00 PM AST,347
30-Aug-18 3:15:01 PM AST,272
30-Aug-18 3:30:01 PM AST,193
30-Aug-18 3:45:00 PM AST,164
30-Aug-18 4:00:01 PM AST,178
30-Aug-18 4:15:01 PM AST,135
30-Aug-18 4:30:00 PM AST,120
30-Aug-18 4:45:00 PM AST,92
30-Aug-18 5:00:02 PM AST,78
30-Aug-18 5:15:01 PM AST,36
30-Aug-18 5:30:00 PM AST,35
30-Aug-18 5:45:01 PM AST,25
30-Aug-18 6:00:00 PM AST,20
30-Aug-18 6:15:00 PM AST,9
30-Aug-18 6:30:00 PM AST,0
30-Aug-18 6:45:00 PM AST,0
30-Aug-18 7:00:00 PM AST,0
30-Aug-18 7:15:00 PM AST,0
30-Aug-18 7:30:00 PM AST,0
30-Aug-18 7:45:00 PM AST,0
30-Aug-18 8:00:00 PM AST,0
30-Aug-18 8:15:00 PM AST,0
30-Aug-18 8:30:01 PM AST,0
30-Aug-18 8:45:00 PM AST,0
30-Aug-18 9:00:00 PM AST,0
30-Aug-18 9:15:00 PM AST,0
30-Aug-18 9:30:00 PM AST,0
30-Aug-18 9:45:00 PM AST,0
30-Aug-18 10:00:00 PM AST,0
30-Aug-18 10:15:00 PM AST,0
30-Aug-18 10:30:00 PM AST,0
30-Aug-18 10:45:00 PM AST,0
30-Aug-18 11:00:00 PM AST,0
30-Aug-18 11:15:01 PM AST,0
30-Aug-18 11:30:00 PM AST,0
30-Aug-18 11:45:00 PM AST,0
31-Aug-18 12:00:02 AM AST,0
31-Aug-18 12:15:01 AM AST,0
31-Aug-18 12:30:00 AM AST,0
31-Aug-18 12:45:00 AM AST,0
31-Aug-18 1:00:00 AM AST,0
31-Aug-18 1:15:00 AM AST,0
31-Aug-18 1:30:00 AM AST,0
31-Aug-18 1:45:00 AM AST,0
31-Aug-18 2:00:00 AM AST,0
31-Aug-18 2:15:00 AM AST,0
31-Aug-18 2:30:00 AM AST,0
31-Aug-18 2:45:00 AM AST,0
31-Aug-18 3:00:00 AM AST,0
31-Aug-18 3:15:01 AM AST,0
31-Aug-18 3:30:00 AM AST,0
31-Aug-18 3:45:00 AM AST,0
31-Aug-18 4:00:00 AM AST,0
31-Aug-18 4:15:00 AM AST,0
31-Aug-18 4:30:00 AM AST,0
31-Aug-18 4:45:00 AM AST,0
31-Aug-18 5:00:00 AM AST,0
31-Aug-18 5:15:00 AM AST,0
31-Aug-18 5:30:01 AM AST,0
31-Aug-18 5:45:00 AM AST,0
31-Aug-18 6:00:00 AM AST,0
31-Aug-18 6:15:00 AM AST,4
31-Aug-18 6:30:00 AM AST,8
31-Aug-18 6:45:01 AM AST,25
31-Aug-18 7:00:00 AM AST,52
31-Aug-18 7:15:00 AM AST,77
31-Aug-18 7:30:00 AM AST,99
31-Aug-18 7:45:00 AM AST,114
31-Aug-18 8:00:00 AM AST,97
31-Aug-18 8:15:00 AM AST,160
31-Aug-18 8:30:00 AM AST,175
31-Aug-18 8:45:00 AM AST,220
31-Aug-18 9:00:00 AM AST,246
31-Aug-18 9:15:00 AM AST,280
31-Aug-18 9:30:00 AM AST,303
31-Aug-18 9:45:00 AM AST,337
31-Aug-18 10:00:00 AM AST,364
31-Aug-18 10:15:00 AM AST,392
31-Aug-18 10:30:00 AM AST,411
31-Aug-18 10:45:00 AM AST,429
31-Aug-18 11:00:00 AM AST,448
31-Aug-18 11:15:00 AM AST,463
31-Aug-18 11:30:01 AM AST,489
31-Aug-18 11:45:01 AM AST,502
31-Aug-18 12:00:01 PM AST,505
31-Aug-18 12:15:01 PM AST,502
31-Aug-18 12:30:01 PM AST,510
31-Aug-18 12:45:01 PM AST,514
31-Aug-18 1:00:01 PM AST,514
31-Aug-18 1:15:01 PM AST,512
31-Aug-18 1:30:01 PM AST,502
31-Aug-18 1:45:01 PM AST,487
31-Aug-18 2:00:01 PM AST,477
31-Aug-18 2:15:01 PM AST,449
31-Aug-18 2:30:01 PM AST,434
31-Aug-18 2:45:00 PM AST,443
31-Aug-18 3:00:00 PM AST,409
31-Aug-18 3:15:00 PM AST,181
31-Aug-18 3:30:00 PM AST,332
31-Aug-18 3:45:00 PM AST,263
31-Aug-18 4:00:00 PM AST,259
31-Aug-18 4:15:00 PM AST,249
31-Aug-18 4:30:00 PM AST,236
31-Aug-18 4:45:00 PM AST,129
31-Aug-18 5:00:00 PM AST,70
31-Aug-18 5:15:00 PM AST,89
31-Aug-18 5:30:00 PM AST,88
31-Aug-18 5:45:00 PM AST,39
31-Aug-18 6:00:00 PM AST,11
31-Aug-18 6:15:00 PM AST,5
31-Aug-18 6:30:00 PM AST,0
31-Aug-18 6:45:00 PM AST,1
31-Aug-18 7:00:00 PM AST,0
31-Aug-18 7:15:00 PM AST,0
31-Aug-18 7:30:00 PM AST,0
31-Aug-18 7:45:00 PM AST,0
31-Aug-18 8:00:00 PM AST,0
31-Aug-18 8:15:00 PM AST,0
31-Aug-18 8:30:00 PM AST,0
31-Aug-18 8:45:00 PM AST,0
31-Aug-18 9:00:01 PM AST,0
31-Aug-18 9:15:00 PM AST,0
31-Aug-18 9:30:00 PM AST,0
31-Aug-18 9:45:00 PM AST,0
31-Aug-18 10:00:00 PM AST,0
31-Aug-18 10:15:01 PM AST,0
31-Aug-18 10:30:00 PM AST,0
31-Aug-18 10:45:00 PM AST,0
31-Aug-18 11:00:00 PM AST,0
31-Aug-18 11:15:00 PM AST,0
31-Aug-18 11:30:00 PM AST,0
31-Aug-18 11:45:00 PM AST,0
01-Sep-18 12:00:00 AM AST,0
01-Sep-18 12:15:00 AM AST,0
01-Sep-18 12:30:00 AM AST,0
01-Sep-18 12:45:01 AM AST,0
01-Sep-18 1:00:01 AM AST,0
01-Sep-18 1:15:00 AM AST,0
01-Sep-18 1:30:01 AM AST,0
01-Sep-18 1:45:00 AM AST,0
01-Sep-18 2:00:00 AM AST,0
01-Sep-18 2:15:00 AM AST,0
01-Sep-18 2:30:00 AM AST,0
01-Sep-18 2:45:00 AM AST,0
01-Sep-18 3:00:00 AM AST,0
01-Sep-18 3:15:00 AM AST,0
01-Sep-18 3:30:00 AM AST,0
01-Sep-18 3:45:00 AM AST,0
01-Sep-18 4:00:00 AM AST,0
01-Sep-18 4:15:00 AM AST,0
01-Sep-18 4:30:01 AM AST,0
01-Sep-18 4:45:00 AM AST,0
01-Sep-18 5:00:00 AM AST,0
01-Sep-18 5:15:00 AM AST,0
01-Sep-18 5:30:00 AM AST,0
01-Sep-18 5:45:00 AM AST,0
01-Sep-18 6:00:00 AM AST,0
01-Sep-18 6:15:01 AM AST,0
01-Sep-18 6:30:01 AM AST,11
01-Sep-18 6:45:00 AM AST,26
01-Sep-18 7:00:01 AM AST,54
01-Sep-18 7:15:01 AM AST,74
01-Sep-18 7:30:00 AM AST,105
01-Sep-18 7:45:00 AM AST,129
01-Sep-18 8:00:00 AM AST,159
01-Sep-18 8:15:00 AM AST,190
01-Sep-18 8:30:00 AM AST,219
01-Sep-18 8:45:00 AM AST,251
01-Sep-18 9:00:00 AM AST,281
01-Sep-18 9:15:00 AM AST,306
01-Sep-18 9:30:00 AM AST,339
01-Sep-18 9:45:00 AM AST,366
01-Sep-18 10:00:00 AM AST,389
01-Sep-18 10:15:00 AM AST,408
01-Sep-18 10:30:00 AM AST,434
01-Sep-18 10:45:00 AM AST,455
01-Sep-18 11:00:00 AM AST,473
01-Sep-18 11:15:00 AM AST,479
01-Sep-18 11:30:00 AM AST,494
01-Sep-18 11:45:00 AM AST,505
01-Sep-18 12:00:00 PM AST,511
01-Sep-18 12:15:00 PM AST,518
01-Sep-18 12:30:00 PM AST,512
01-Sep-18 12:45:00 PM AST,511
01-Sep-18 1:00:00 PM AST,513
01-Sep-18 1:15:00 PM AST,500
01-Sep-18 1:30:00 PM AST,498
01-Sep-18 1:45:00 PM AST,483
01-Sep-18 2:00:00 PM AST,469
01-Sep-18 2:15:01 PM AST,451
01-Sep-18 2:30:00 PM AST,440
01-Sep-18 2:45:01 PM AST,415
01-Sep-18 3:00:01 PM AST,397
01-Sep-18 3:15:00 PM AST,366
01-Sep-18 3:30:00 PM AST,342
01-Sep-18 3:45:01 PM AST,309
01-Sep-18 4:00:01 PM AST,277
01-Sep-18 4:15:00 PM AST,235
01-Sep-18 4:30:00 PM AST,201
01-Sep-18 4:45:00 PM AST,161
01-Sep-18 5:00:00 PM AST,137
01-Sep-18 5:15:00 PM AST,93
01-Sep-18 5:30:00 PM AST,83
01-Sep-18 5:45:00 PM AST,56
01-Sep-18 6:00:01 PM AST,30
01-Sep-18 6:15:00 PM AST,9
01-Sep-18 6:30:00 PM AST,0
01-Sep-18 6:45:01 PM AST,3
01-Sep-18 7:00:00 PM AST,0
01-Sep-18 7:15:00 PM AST,0
01-Sep-18 7:30:00 PM AST,0
01-Sep-18 7:45:00 PM AST,0
01-Sep-18 8:00:00 PM AST,0
01-Sep-18 8:15:00 PM AST,0
01-Sep-18 8:30:01 PM AST,0
01-Sep-18 8:45:01 PM AST,0
01-Sep-18 9:00:01 PM AST,0
01-Sep-18 9:15:01 PM AST,0
01-Sep-18 9:30:01 PM AST,0
01-Sep-18 9:45:01 PM AST,0
01-Sep-18 10:00:01 PM AST,0
01-Sep-18 10:15:01 PM AST,0
01-Sep-18 10:30:01 PM AST,0
01-Sep-18 10:45:01 PM AST,0
01-Sep-18 11:00:01 PM AST,0
01-Sep-18 11:15:01 PM AST,0
01-Sep-18 11:30:00 PM AST,0
01-Sep-18 11:45:01 PM AST,0
02-Sep-18 12:00:01 AM AST,0
02-Sep-18 12:15:00 AM AST,0
02-Sep-18 12:30:00 AM AST,0
02-Sep-18 12:45:00 AM AST,0
02-Sep-18 1:00:01 AM AST,0
02-Sep-18 1:15:00 AM AST,0
02-Sep-18 1:30:00 AM AST,0
02-Sep-18 1:45:00 AM AST,0
02-Sep-18 2:00:00 AM AST,0
02-Sep-18 2:15:00 AM AST,0
02-Sep-18 2:30:00 AM AST,0
02-Sep-18 2:45:00 AM AST,0
02-Sep-18 3:00:00 AM AST,0
02-Sep-18 3:15:00 AM AST,0
02-Sep-18 3:30:01 AM AST,0
02-Sep-18 3:45:00 AM AST,0
02-Sep-18 4:00:00 AM AST,0
02-Sep-18 4:15:00 AM AST,0
02-Sep-18 4:30:00 AM AST,0
02-Sep-18 4:45:00 AM AST,0
02-Sep-18 5:00:00 AM AST,0
02-Sep-18 5:15:00 AM AST,0
02-Sep-18 5:30:00 AM AST,0
02-Sep-18 5:45:00 AM AST,0
02-Sep-18 6:00:00 AM AST,0
02-Sep-18 6:15:00 AM AST,6
02-Sep-18 6:30:00 AM AST,6
02-Sep-18 6:45:01 AM AST,18
02-Sep-18 7:00:00 AM AST,41
02-Sep-18 7:15:01 AM AST,55
02-Sep-18 7:30:00 AM AST,104
02-Sep-18 7:45:00 AM AST,108
02-Sep-18 8:00:00 AM AST,150
02-Sep-18 8:15:00 AM AST,170
02-Sep-18 8:30:00 AM AST,207
02-Sep-18 8:45:00 AM AST,269
02-Sep-18 9:00:00 AM AST,223
02-Sep-18 9:15:00 AM AST,184
02-Sep-18 9:30:00 AM AST,321
02-Sep-18 9:45:00 AM AST,348
02-Sep-18 10:00:00 AM AST,387
02-Sep-18 10:15:00 AM AST,409
02-Sep-18 10:30:00 AM AST,431
02-Sep-18 10:45:00 AM AST,440
02-Sep-18 11:00:00 AM AST,466
02-Sep-18 11:15:00 AM AST,475
02-Sep-18 11:30:00 AM AST,493
02-Sep-18 11:45:00 AM AST,512
02-Sep-18 12:00:01 PM AST,520
02-Sep-18 12:15:00 PM AST,526
02-Sep-18 12:30:00 PM AST,530
02-Sep-18 12:45:00 PM AST,526
02-Sep-18 1:00:00 PM AST,527
02-Sep-18 1:15:00 PM AST,514
02-Sep-18 1:30:00 PM AST,503
02-Sep-18 1:45:00 PM AST,494
02-Sep-18 2:00:00 PM AST,485
02-Sep-18 2:15:00 PM AST,465
02-Sep-18 2:30:00 PM AST,442
02-Sep-18 2:45:00 PM AST,423
02-Sep-18 3:00:00 PM AST,395
02-Sep-18 3:15:00 PM AST,365
02-Sep-18 3:30:00 PM AST,332
02-Sep-18 3:45:00 PM AST,309
02-Sep-18 4:00:00 PM AST,275
02-Sep-18 4:15:00 PM AST,245
02-Sep-18 4:30:00 PM AST,206
02-Sep-18 4:45:00 PM AST,170
02-Sep-18 5:00:00 PM AST,138
02-Sep-18 5:15:00 PM AST,104
02-Sep-18 5:30:00 PM AST,73
02-Sep-18 5:45:00 PM AST,50
02-Sep-18 6:00:00 PM AST,20
02-Sep-18 6:15:00 PM AST,6
02-Sep-18 6:30:00 PM AST,2
02-Sep-18 6:45:00 PM AST,2
02-Sep-18 7:00:00 PM AST,0
02-Sep-18 7:15:00 PM AST,0
02-Sep-18 7:30:01 PM AST,0
02-Sep-18 7:45:01 PM AST,0
02-Sep-18 8:00:00 PM AST,0
02-Sep-18 8:15:00 PM AST,0
02-Sep-18 8:30:00 PM AST,0
02-Sep-18 8:45:00 PM AST,0
02-Sep-18 9:00:01 PM AST,0
02-Sep-18 9:15:00 PM AST,0
02-Sep-18 9:30:00 PM AST,0
02-Sep-18 9:45:00 PM AST,0
02-Sep-18 10:00:01 PM AST,0
02-Sep-18 10:15:01 PM AST,0
02-Sep-18 10:30:00 PM AST,0
02-Sep-18 10:45:00 PM AST,0
02-Sep-18 11:00:00 PM AST,0
02-Sep-18 11:15:00 PM AST,0
02-Sep-18 11:30:00 PM AST,0
02-Sep-18 11:45:00 PM AST,0
03-Sep-18 12:00:00 AM AST,0
03-Sep-18 12:15:00 AM AST,0
03-Sep-18 12:30:00 AM AST,0
03-Sep-18 12:45:00 AM AST,0
03-Sep-18 1:00:00 AM AST,0
03-Sep-18 1:15:00 AM AST,0
03-Sep-18 1:30:00 AM AST,0
03-Sep-18 1:45:01 AM AST,0
03-Sep-18 2:00:00 AM AST,0
03-Sep-18 2:15:00 AM AST,0
03-Sep-18 2:30:00 AM AST,0
03-Sep-18 2:45:00 AM AST,0
03-Sep-18 3:00:00 AM AST,0
03-Sep-18 3:15:00 AM AST,0
03-Sep-18 3:30:00 AM AST,0
03-Sep-18 3:45:00 AM AST,0
03-Sep-18 4:00:00 AM AST,0
03-Sep-18 4:15:01 AM AST,0
03-Sep-18 4:30:01 AM AST,0
03-Sep-18 4:45:01 AM AST,0
03-Sep-18 5:00:00 AM AST,0
03-Sep-18 5:15:00 AM AST,0
03-Sep-18 5:30:00 AM AST,0
03-Sep-18 5:45:00 AM AST,0
03-Sep-18 6:00:01 AM AST,0
03-Sep-18 6:15:00 AM AST,0
03-Sep-18 6:30:00 AM AST,2
03-Sep-18 6:45:01 AM AST,16
03-Sep-18 7:00:01 AM AST,40
03-Sep-18 7:15:01 AM AST,57
03-Sep-18 7:30:00 AM AST,87
03-Sep-18 7:45:00 AM AST,110
03-Sep-18 8:00:00 AM AST,167
03-Sep-18 8:15:00 AM AST,195
03-Sep-18 8:30:00 AM AST,205
03-Sep-18 8:45:00 AM AST,234
03-Sep-18 9:00:01 AM AST,263
03-Sep-18 9:15:00 AM AST,296
03-Sep-18 9:30:00 AM AST,316
03-Sep-18 9:45:00 AM AST,343
03-Sep-18 10:00:00 AM AST,363
03-Sep-18 10:15:00 AM AST,389
03-Sep-18 10:30:00 AM AST,409
03-Sep-18 10:45:01 AM AST,432
03-Sep-18 11:00:00 AM AST,453
03-Sep-18 11:15:00 AM AST,467
03-Sep-18 11:30:00 AM AST,488
03-Sep-18 11:45:00 AM AST,495
03-Sep-18 12:00:00 PM AST,498
03-Sep-18 12:15:01 PM AST,504
03-Sep-18 12:30:00 PM AST,506
03-Sep-18 12:45:00 PM AST,509
03-Sep-18 1:00:01 PM AST,509
03-Sep-18 1:15:00 PM AST,505
03-Sep-18 1:30:00 PM AST,493
03-Sep-18 1:45:00 PM AST,489
03-Sep-18 2:00:00 PM AST,472
03-Sep-18 2:15:00 PM AST,452
03-Sep-18 2:30:00 PM AST,431
03-Sep-18 2:45:00 PM AST,405
03-Sep-18 3:00:00 PM AST,382
03-Sep-18 3:15:00 PM AST,361
03-Sep-18 3:30:00 PM AST,336
03-Sep-18 3:45:00 PM AST,304
03-Sep-18 4:00:00 PM AST,266
03-Sep-18 4:15:00 PM AST,232
03-Sep-18 4:30:00 PM AST,192
03-Sep-18 4:45:01 PM AST,156
03-Sep-18 5:00:00 PM AST,133
03-Sep-18 5:15:00 PM AST,100
03-Sep-18 5:30:00 PM AST,74
03-Sep-18 5:45:01 PM AST,49
03-Sep-18 6:00:00 PM AST,24
03-Sep-18 6:15:00 PM AST,5
03-Sep-18 6:30:00 PM AST,0
03-Sep-18 6:45:01 PM AST,0
03-Sep-18 7:00:00 PM AST,0
03-Sep-18 7:15:00 PM AST,0
03-Sep-18 7:30:00 PM AST,0
03-Sep-18 7:45:01 PM AST,0
03-Sep-18 8:00:00 PM AST,0
03-Sep-18 8:15:00 PM AST,0
03-Sep-18 8:30:00 PM AST,0
03-Sep-18 8:45:00 PM AST,0
03-Sep-18 9:00:00 PM AST,0
03-Sep-18 9:15:00 PM AST,0
03-Sep-18 9:30:00 PM AST,0
03-Sep-18 9:45:00 PM AST,0
03-Sep-18 10:00:00 PM AST,0
03-Sep-18 10:15:00 PM AST,0
03-Sep-18 10:30:00 PM AST,0
03-Sep-18 10:45:00 PM AST,0
03-Sep-18 11:00:00 PM AST,0
03-Sep-18 11:15:00 PM AST,0
03-Sep-18 11:30:00 PM AST,0
03-Sep-18 11:45:00 PM AST,0
04-Sep-18 12:00:00 AM AST,0
04-Sep-18 12:15:00 AM AST,0
04-Sep-18 12:30:00 AM AST,0
04-Sep-18 12:45:00 AM AST,0
04-Sep-18 1:00:00 AM AST,0
04-Sep-18 1:15:00 AM AST,0
04-Sep-18 1:30:00 AM AST,0
04-Sep-18 1:45:00 AM AST,0
04-Sep-18 2:00:00 AM AST,0
04-Sep-18 2:15:00 AM AST,0
04-Sep-18 2:30:00 AM AST,0
04-Sep-18 2:45:00 AM AST,0
04-Sep-18 3:00:00 AM AST,0
04-Sep-18 3:15:00 AM AST,0
04-Sep-18 3:30:00 AM AST,0
04-Sep-18 3:45:01 AM AST,0
04-Sep-18 4:00:00 AM AST,0
04-Sep-18 4:15:00 AM AST,0
04-Sep-18 4:30:00 AM AST,0
04-Sep-18 4:45:00 AM AST,0
04-Sep-18 5:00:01 AM AST,0
04-Sep-18 5:15:00 AM AST,0
04-Sep-18 5:30:01 AM AST,0
04-Sep-18 5:45:00 AM AST,0
04-Sep-18 6:00:00 AM AST,0
04-Sep-18 6:15:00 AM AST,5
04-Sep-18 6:30:00 AM AST,1
04-Sep-18 6:45:01 AM AST,4
04-Sep-18 7:00:00 AM AST,16
04-Sep-18 7:15:00 AM AST,50
04-Sep-18 7:30:01 AM AST,105
04-Sep-18 7:45:01 AM AST,129
04-Sep-18 8:00:00 AM AST,161
04-Sep-18 8:15:00 AM AST,178
04-Sep-18 8:30:00 AM AST,159
04-Sep-18 8:45:00 AM AST,231
04-Sep-18 9:00:00 AM AST,273
04-Sep-18 9:15:00 AM AST,203
04-Sep-18 9:30:00 AM AST,328
04-Sep-18 9:45:00 AM AST,196
04-Sep-18 10:00:00 AM AST,255
04-Sep-18 10:15:00 AM AST,370
04-Sep-18 10:30:00 AM AST,451
04-Sep-18 10:45:00 AM AST,471
04-Sep-18 11:00:00 AM AST,395
04-Sep-18 11:15:01 AM AST,371
04-Sep-18 11:30:00 AM AST,496
04-Sep-18 11:45:01 AM AST,424
04-Sep-18 12:00:00 PM AST,539
04-Sep-18 12:15:00 PM AST,373
04-Sep-18 12:30:00 PM AST,423
04-Sep-18 12:45:00 PM AST,418
04-Sep-18 1:00:01 PM AST,384
04-Sep-18 1:15:00 PM AST,247
04-Sep-18 1:30:00 PM AST,375
04-Sep-18 1:45:01 PM AST,317
04-Sep-18 2:00:01 PM AST,415
04-Sep-18 2:15:00 PM AST,443
04-Sep-18 2:30:00 PM AST,386
04-Sep-18 2:45:00 PM AST,397
04-Sep-18 3:00:01 PM AST,371
04-Sep-18 3:15:00 PM AST,368
04-Sep-18 3:30:00 PM AST,172
04-Sep-18 3:45:00 PM AST,243
04-Sep-18 4:00:00 PM AST,167
04-Sep-18 4:15:00 PM AST,121
04-Sep-18 4:30:00 PM AST,112
04-Sep-18 4:45:00 PM AST,74
04-Sep-18 5:00:00 PM AST,115
04-Sep-18 5:15:00 PM AST,101
04-Sep-18 5:30:00 PM AST,77
04-Sep-18 5:45:00 PM AST,60
04-Sep-18 6:00:00 PM AST,39
04-Sep-18 6:15:00 PM AST,20
04-Sep-18 6:30:00 PM AST,2
04-Sep-18 6:45:00 PM AST,0
04-Sep-18 7:00:00 PM AST,0
04-Sep-18 7:15:00 PM AST,0
04-Sep-18 7:30:00 PM AST,0
04-Sep-18 7:45:00 PM AST,0
04-Sep-18 8:00:00 PM AST,0
04-Sep-18 8:15:01 PM AST,0
04-Sep-18 8:30:00 PM AST,0
04-Sep-18 8:45:00 PM AST,0
04-Sep-18 9:00:00 PM AST,0
04-Sep-18 9:15:00 PM AST,0
04-Sep-18 9:30:00 PM AST,0
04-Sep-18 9:45:00 PM AST,0
04-Sep-18 10:00:00 PM AST,0
04-Sep-18 10:15:00 PM AST,0
04-Sep-18 10:30:00 PM AST,0
04-Sep-18 10:45:00 PM AST,0
04-Sep-18 11:00:00 PM AST,0
04-Sep-18 11:15:01 PM AST,0
04-Sep-18 11:30:00 PM AST,0
04-Sep-18 11:45:00 PM AST,0
05-Sep-18 12:00:00 AM AST,0
05-Sep-18 12:15:00 AM AST,0
05-Sep-18 12:30:00 AM AST,0
05-Sep-18 12:45:00 AM AST,0
05-Sep-18 1:00:00 AM AST,0
05-Sep-18 1:15:00 AM AST,0
05-Sep-18 1:30:01 AM AST,0
05-Sep-18 1:45:00 AM AST,0
05-Sep-18 2:00:00 AM AST,0
05-Sep-18 2:15:00 AM AST,0
05-Sep-18 2:30:00 AM AST,0
05-Sep-18 2:45:00 AM AST,0
05-Sep-18 3:00:01 AM AST,0
05-Sep-18 3:15:01 AM AST,0
05-Sep-18 3:30:00 AM AST,0
05-Sep-18 3:45:00 AM AST,0
05-Sep-18 4:00:02 AM AST,0
05-Sep-18 4:15:00 AM AST,0
05-Sep-18 4:30:01 AM AST,0
05-Sep-18 4:45:00 AM AST,0
05-Sep-18 5:00:00 AM AST,0
05-Sep-18 5:15:00 AM AST,0
05-Sep-18 5:30:00 AM AST,0
05-Sep-18 5:45:00 AM AST,0
05-Sep-18 6:00:00 AM AST,0
05-Sep-18 6:15:00 AM AST,0
05-Sep-18 6:30:01 AM AST,4
05-Sep-18 6:45:00 AM AST,20
05-Sep-18 7:00:00 AM AST,41
05-Sep-18 7:15:00 AM AST,47
05-Sep-18 7:30:00 AM AST,42
05-Sep-18 7:45:00 AM AST,85
05-Sep-18 8:00:01 AM AST,140
05-Sep-18 8:15:01 AM AST,164
05-Sep-18 8:30:00 AM AST,192
05-Sep-18 8:45:01 AM AST,218
05-Sep-18 9:00:00 AM AST,247
05-Sep-18 9:15:00 AM AST,270
05-Sep-18 9:30:01 AM AST,299
05-Sep-18 9:45:00 AM AST,328
05-Sep-18 10:00:00 AM AST,346
05-Sep-18 10:15:00 AM AST,367
05-Sep-18 10:30:00 AM AST,386
05-Sep-18 10:45:00 AM AST,410
05-Sep-18 11:00:00 AM AST,430
05-Sep-18 11:15:00 AM AST,452
05-Sep-18 11:30:01 AM AST,466
05-Sep-18 11:45:00 AM AST,474
05-Sep-18 12:00:00 PM AST,476
05-Sep-18 12:15:00 PM AST,477
05-Sep-18 12:30:00 PM AST,479
05-Sep-18 12:45:00 PM AST,476
05-Sep-18 1:00:00 PM AST,466
05-Sep-18 1:15:00 PM AST,474
05-Sep-18 1:30:00 PM AST,465
05-Sep-18 1:45:00 PM AST,453
05-Sep-18 2:00:00 PM AST,438
05-Sep-18 2:15:00 PM AST,431
05-Sep-18 2:30:00 PM AST,417
05-Sep-18 2:45:00 PM AST,352
05-Sep-18 3:00:00 PM AST,339
05-Sep-18 3:15:00 PM AST,299
05-Sep-18 3:30:00 PM AST,282
05-Sep-18 3:45:01 PM AST,249
05-Sep-18 4:00:00 PM AST,218
05-Sep-18 4:15:01 PM AST,177
05-Sep-18 4:30:00 PM AST,155
05-Sep-18 4:45:00 PM AST,125
05-Sep-18 5:00:00 PM AST,99
05-Sep-18 5:15:00 PM AST,73
05-Sep-18 5:30:00 PM AST,58
05-Sep-18 5:45:00 PM AST,36
05-Sep-18 6:00:00 PM AST,14
05-Sep-18 6:15:00 PM AST,2
05-Sep-18 6:30:00 PM AST,0
05-Sep-18 6:45:00 PM AST,0
05-Sep-18 7:00:00 PM AST,0
05-Sep-18 7:15:00 PM AST,0
05-Sep-18 7:30:00 PM AST,0
05-Sep-18 7:45:00 PM AST,0
05-Sep-18 8:00:00 PM AST,0
05-Sep-18 8:15:00 PM AST,0
05-Sep-18 8:30:00 PM AST,0
05-Sep-18 8:45:00 PM AST,0
05-Sep-18 9:00:00 PM AST,0
05-Sep-18 9:15:00 PM AST,0
05-Sep-18 9:30:00 PM AST,0
05-Sep-18 9:45:00 PM AST,0
05-Sep-18 10:00:01 PM AST,0
05-Sep-18 10:15:00 PM AST,0
05-Sep-18 10:30:00 PM AST,0
05-Sep-18 10:45:00 PM AST,0
05-Sep-18 11:00:00 PM AST,0
05-Sep-18 11:15:01 PM AST,0
05-Sep-18 11:30:00 PM AST,0
05-Sep-18 11:45:00 PM AST,0
06-Sep-18 12:00:00 AM AST,0
06-Sep-18 12:15:00 AM AST,0
06-Sep-18 12:30:00 AM AST,0
06-Sep-18 12:45:00 AM AST,0
06-Sep-18 1:00:00 AM AST,0
06-Sep-18 1:15:00 AM AST,0
06-Sep-18 1:30:00 AM AST,0
06-Sep-18 1:45:00 AM AST,0
06-Sep-18 2:00:00 AM AST,0
06-Sep-18 2:15:00 AM AST,0
06-Sep-18 2:30:00 AM AST,0
06-Sep-18 2:45:00 AM AST,0
06-Sep-18 3:00:00 AM AST,0
06-Sep-18 3:15:00 AM AST,0
06-Sep-18 3:30:00 AM AST,0
06-Sep-18 3:45:00 AM AST,0
06-Sep-18 4:00:00 AM AST,0
06-Sep-18 4:15:00 AM AST,0
06-Sep-18 4:30:00 AM AST,0
06-Sep-18 4:45:00 AM AST,0
06-Sep-18 5:00:00 AM AST,0
06-Sep-18 5:15:00 AM AST,0
06-Sep-18 5:30:00 AM AST,0
06-Sep-18 5:45:00 AM AST,0
06-Sep-18 6:00:00 AM AST,0
06-Sep-18 6:15:00 AM AST,4
06-Sep-18 6:30:00 AM AST,1
06-Sep-18 6:45:00 AM AST,1
06-Sep-18 7:00:00 AM AST,11
06-Sep-18 7:15:00 AM AST,14
06-Sep-18 7:30:00 AM AST,24
06-Sep-18 7:45:00 AM AST,76
06-Sep-18 8:00:00 AM AST,148
06-Sep-18 8:15:00 AM AST,177
06-Sep-18 8:30:01 AM AST,199
06-Sep-18 8:45:00 AM AST,218
06-Sep-18 9:00:00 AM AST,266
06-Sep-18 9:15:00 AM AST,311
06-Sep-18 9:30:00 AM AST,340
06-Sep-18 9:45:00 AM AST,366
06-Sep-18 10:00:00 AM AST,387
06-Sep-18 10:15:00 AM AST,356
06-Sep-18 10:30:00 AM AST,379
06-Sep-18 10:45:00 AM AST,412
06-Sep-18 11:00:01 AM AST,483
06-Sep-18 11:15:01 AM AST,487
06-Sep-18 11:30:00 AM AST,466
06-Sep-18 11:45:00 AM AST,457
06-Sep-18 12:00:01 PM AST,467
06-Sep-18 12:15:00 PM AST,475
06-Sep-18 12:30:00 PM AST,483
06-Sep-18 12:45:00 PM AST,442.5
06-Sep-18 1:00:00 PM AST,297
06-Sep-18 1:15:00 PM AST,529
06-Sep-18 1:30:00 PM AST,458
06-Sep-18 1:45:00 PM AST,503
06-Sep-18 2:00:00 PM AST,504
06-Sep-18 2:15:00 PM AST,187
06-Sep-18 2:30:00 PM AST,402
06-Sep-18 2:45:00 PM AST,381
06-Sep-18 3:00:00 PM AST,350
06-Sep-18 3:15:00 PM AST,322
06-Sep-18 3:30:00 PM AST,289
06-Sep-18 3:45:00 PM AST,266
06-Sep-18 4:00:00 PM AST,241
06-Sep-18 4:15:01 PM AST,214
06-Sep-18 4:30:00 PM AST,182
06-Sep-18 4:45:00 PM AST,149
06-Sep-18 5:00:00 PM AST,117
06-Sep-18 5:15:01 PM AST,88
06-Sep-18 5:30:01 PM AST,59
06-Sep-18 5:45:00 PM AST,36
06-Sep-18 6:00:00 PM AST,14
06-Sep-18 6:15:00 PM AST,2
06-Sep-18 6:30:00 PM AST,1
06-Sep-18 6:45:01 PM AST,2
06-Sep-18 7:00:01 PM AST,0
06-Sep-18 7:15:00 PM AST,0
06-Sep-18 7:30:00 PM AST,0
06-Sep-18 7:45:01 PM AST,0
06-Sep-18 8:00:00 PM AST,0
06-Sep-18 8:15:00 PM AST,0
06-Sep-18 8:30:00 PM AST,0
06-Sep-18 8:45:00 PM AST,0
06-Sep-18 9:00:00 PM AST,0
06-Sep-18 9:15:00 PM AST,0
06-Sep-18 9:30:00 PM AST,0
06-Sep-18 9:45:00 PM AST,0
06-Sep-18 10:00:01 PM AST,0
06-Sep-18 10:15:00 PM AST,0
06-Sep-18 10:30:00 PM AST,0
06-Sep-18 10:45:00 PM AST,0
06-Sep-18 11:00:00 PM AST,0
06-Sep-18 11:15:00 PM AST,0
06-Sep-18 11:30:00 PM AST,0
06-Sep-18 11:45:00 PM AST,0
07-Sep-18 12:00:00 AM AST,0
07-Sep-18 12:15:00 AM AST,0
07-Sep-18 12:30:00 AM AST,0
07-Sep-18 12:45:00 AM AST,0
07-Sep-18 1:00:00 AM AST,0
07-Sep-18 1:15:01 AM AST,0
07-Sep-18 1:30:00 AM AST,0
07-Sep-18 1:45:00 AM AST,0
07-Sep-18 2:00:01 AM AST,0
07-Sep-18 2:15:01 AM AST,0
07-Sep-18 2:30:00 AM AST,0
07-Sep-18 2:45:00 AM AST,0
07-Sep-18 3:00:00 AM AST,0
07-Sep-18 3:15:00 AM AST,0
07-Sep-18 3:30:01 AM AST,0
07-Sep-18 3:45:00 AM AST,0
07-Sep-18 4:00:00 AM AST,0
07-Sep-18 4:15:00 AM AST,0
07-Sep-18 4:30:00 AM AST,0
07-Sep-18 4:45:00 AM AST,0
07-Sep-18 5:00:00 AM AST,0
07-Sep-18 5:15:00 AM AST,0
07-Sep-18 5:30:00 AM AST,0
07-Sep-18 5:45:00 AM AST,0
07-Sep-18 6:00:00 AM AST,0
07-Sep-18 6:15:00 AM AST,3
07-Sep-18 6:30:00 AM AST,3
07-Sep-18 6:45:00 AM AST,16
07-Sep-18 7:00:00 AM AST,23
07-Sep-18 7:15:00 AM AST,52
07-Sep-18 7:30:00 AM AST,78
07-Sep-18 7:45:00 AM AST,81
07-Sep-18 8:00:00 AM AST,119
07-Sep-18 8:15:00 AM AST,129
07-Sep-18 8:30:00 AM AST,154
07-Sep-18 8:45:00 AM AST,213
07-Sep-18 9:00:00 AM AST,239
07-Sep-18 9:15:00 AM AST,256
07-Sep-18 9:30:00 AM AST,234
07-Sep-18 9:45:01 AM AST,323
07-Sep-18 10:00:00 AM AST,218
07-Sep-18 10:15:01 AM AST,234
07-Sep-18 10:30:00 AM AST,412
07-Sep-18 10:45:00 AM AST,413
07-Sep-18 11:00:00 AM AST,405
07-Sep-18 11:15:00 AM AST,448
07-Sep-18 11:30:00 AM AST,457
07-Sep-18 11:45:00 AM AST,474
07-Sep-18 12:00:00 PM AST,480
07-Sep-18 12:15:00 PM AST,480
07-Sep-18 12:30:00 PM AST,480
07-Sep-18 12:45:00 PM AST,489
07-Sep-18 1:00:00 PM AST,484
07-Sep-18 1:15:01 PM AST,475
07-Sep-18 1:30:00 PM AST,467
07-Sep-18 1:45:00 PM AST,447
07-Sep-18 2:00:00 PM AST,438
07-Sep-18 2:15:01 PM AST,421
07-Sep-18 2:30:00 PM AST,408
07-Sep-18 2:45:00 PM AST,384
07-Sep-18 3:00:00 PM AST,363
07-Sep-18 3:15:00 PM AST,342
07-Sep-18 3:30:00 PM AST,310
07-Sep-18 3:45:00 PM AST,278
07-Sep-18 4:00:01 PM AST,241
07-Sep-18 4:15:00 PM AST,203
07-Sep-18 4:30:00 PM AST,171
07-Sep-18 4:45:00 PM AST,139
07-Sep-18 5:00:00 PM AST,116
07-Sep-18 5:15:01 PM AST,88
07-Sep-18 5:30:00 PM AST,70
07-Sep-18 5:45:00 PM AST,44
07-Sep-18 6:00:00 PM AST,21
07-Sep-18 6:15:00 PM AST,6
07-Sep-18 6:30:00 PM AST,0
07-Sep-18 6:45:00 PM AST,0
07-Sep-18 7:00:00 PM AST,0
07-Sep-18 7:15:00 PM AST,0
07-Sep-18 7:30:00 PM AST,0
07-Sep-18 7:45:00 PM AST,0
07-Sep-18 8:00:00 PM AST,0
07-Sep-18 8:15:00 PM AST,0
07-Sep-18 8:30:00 PM AST,0
07-Sep-18 8:45:00 PM AST,0
07-Sep-18 9:00:00 PM AST,0
07-Sep-18 9:15:00 PM AST,0
07-Sep-18 9:30:01 PM AST,0
07-Sep-18 9:45:00 PM AST,0
07-Sep-18 10:00:00 PM AST,0
07-Sep-18 10:15:00 PM AST,0
07-Sep-18 10:30:00 PM AST,0
07-Sep-18 10:45:00 PM AST,0
07-Sep-18 11:00:00 PM AST,0
07-Sep-18 11:15:00 PM AST,0
07-Sep-18 11:30:00 PM AST,0
07-Sep-18 11:45:00 PM AST,0
08-Sep-18 12:00:00 AM AST,0
08-Sep-18 12:15:01 AM AST,0
08-Sep-18 12:30:00 AM AST,0
08-Sep-18 12:45:00 AM AST,0
08-Sep-18 1:00:00 AM AST,0
08-Sep-18 1:15:01 AM AST,0
08-Sep-18 1:30:00 AM AST,0
08-Sep-18 1:45:00 AM AST,0
08-Sep-18 2:00:00 AM AST,0
08-Sep-18 2:15:00 AM AST,0
08-Sep-18 2:30:00 AM AST,0
08-Sep-18 2:45:01 AM AST,0
08-Sep-18 3:00:01 AM AST,0
08-Sep-18 3:15:00 AM AST,0
08-Sep-18 3:30:00 AM AST,0
08-Sep-18 3:45:00 AM AST,0
08-Sep-18 4:00:00 AM AST,0
08-Sep-18 4:15:00 AM AST,0
08-Sep-18 4:30:01 AM AST,0
08-Sep-18 4:45:00 AM AST,0
08-Sep-18 5:00:00 AM AST,0
08-Sep-18 5:15:00 AM AST,0
08-Sep-18 5:30:00 AM AST,0
08-Sep-18 5:45:00 AM AST,0
08-Sep-18 6:00:00 AM AST,0
08-Sep-18 6:15:00 AM AST,0
08-Sep-18 6:30:01 AM AST,7
08-Sep-18 6:45:00 AM AST,35
08-Sep-18 7:00:00 AM AST,46
08-Sep-18 7:15:00 AM AST,66
08-Sep-18 7:30:00 AM AST,89
08-Sep-18 7:45:01 AM AST,114
08-Sep-18 8:00:00 AM AST,144
08-Sep-18 8:15:00 AM AST,170
08-Sep-18 8:30:01 AM AST,196
08-Sep-18 8:45:00 AM AST,220
08-Sep-18 9:00:01 AM AST,248
08-Sep-18 9:15:01 AM AST,270
08-Sep-18 9:30:01 AM AST,299
08-Sep-18 9:45:00 AM AST,334
08-Sep-18 10:00:00 AM AST,363
08-Sep-18 10:15:00 AM AST,382
08-Sep-18 10:30:00 AM AST,404
08-Sep-18 10:45:00 AM AST,417
08-Sep-18 11:00:00 AM AST,436
08-Sep-18 11:15:00 AM AST,454
08-Sep-18 11:30:00 AM AST,467
08-Sep-18 11:45:00 AM AST,480
08-Sep-18 12:00:00 PM AST,477
08-Sep-18 12:15:00 PM AST,488
08-Sep-18 12:30:00 PM AST,477
08-Sep-18 12:45:00 PM AST,489
08-Sep-18 1:00:00 PM AST,485
08-Sep-18 1:15:00 PM AST,477
08-Sep-18 1:30:00 PM AST,473
08-Sep-18 1:45:00 PM AST,465
08-Sep-18 2:00:00 PM AST,451
08-Sep-18 2:15:00 PM AST,436
08-Sep-18 2:30:00 PM AST,413
08-Sep-18 2:45:00 PM AST,387
08-Sep-18 3:00:00 PM AST,353
08-Sep-18 3:15:00 PM AST,329
08-Sep-18 3:30:00 PM AST,295
08-Sep-18 3:45:00 PM AST,272
08-Sep-18 4:00:00 PM AST,234
08-Sep-18 4:15:01 PM AST,210
08-Sep-18 4:30:00 PM AST,180
08-Sep-18 4:45:00 PM AST,145
08-Sep-18 5:00:01 PM AST,115
08-Sep-18 5:15:00 PM AST,88
08-Sep-18 5:30:01 PM AST,60
08-Sep-18 5:45:00 PM AST,35
08-Sep-18 6:00:00 PM AST,16
08-Sep-18 6:15:00 PM AST,2
08-Sep-18 6:30:01 PM AST,1
08-Sep-18 6:45:00 PM AST,0
08-Sep-18 7:00:01 PM AST,0
08-Sep-18 7:15:00 PM AST,0
08-Sep-18 7:30:00 PM AST,0
08-Sep-18 7:45:00 PM AST,0
08-Sep-18 8:00:00 PM AST,0
08-Sep-18 8:15:00 PM AST,0
08-Sep-18 8:30:00 PM AST,0
08-Sep-18 8:45:00 PM AST,0
08-Sep-18 9:00:00 PM AST,0
08-Sep-18 9:15:00 PM AST,0
08-Sep-18 9:30:00 PM AST,0
08-Sep-18 9:45:00 PM AST,0
08-Sep-18 10:00:00 PM AST,0
08-Sep-18 10:15:00 PM AST,0
08-Sep-18 10:30:02 PM AST,0
08-Sep-18 10:45:00 PM AST,0
08-Sep-18 11:00:00 PM AST,0
08-Sep-18 11:15:02 PM AST,0
08-Sep-18 11:30:00 PM AST,0
08-Sep-18 11:45:00 PM AST,0
09-Sep-18 12:00:00 AM AST,0
09-Sep-18 12:15:00 AM AST,0
09-Sep-18 12:30:00 AM AST,0
09-Sep-18 12:45:00 AM AST,0
09-Sep-18 1:00:00 AM AST,0
09-Sep-18 1:15:00 AM AST,0
09-Sep-18 1:30:00 AM AST,0
09-Sep-18 1:45:00 AM AST,0
09-Sep-18 2:00:00 AM AST,0
09-Sep-18 2:15:00 AM AST,0
09-Sep-18 2:30:00 AM AST,0
09-Sep-18 2:45:01 AM AST,0
09-Sep-18 3:00:00 AM AST,0
09-Sep-18 3:15:00 AM AST,0
09-Sep-18 3:30:00 AM AST,0
09-Sep-18 3:45:00 AM AST,0
09-Sep-18 4:00:00 AM AST,0
09-Sep-18 4:15:01 AM AST,0
09-Sep-18 4:30:00 AM AST,0
09-Sep-18 4:45:00 AM AST,0
09-Sep-18 5:00:00 AM AST,0
09-Sep-18 5:15:00 AM AST,0
09-Sep-18 5:30:00 AM AST,0
09-Sep-18 5:45:00 AM AST,0
09-Sep-18 6:00:00 AM AST,0
09-Sep-18 6:15:00 AM AST,0
09-Sep-18 6:30:01 AM AST,8
09-Sep-18 6:45:00 AM AST,29
09-Sep-18 7:00:00 AM AST,48
09-Sep-18 7:15:00 AM AST,71
09-Sep-18 7:30:00 AM AST,89
09-Sep-18 7:45:00 AM AST,114
09-Sep-18 8:00:00 AM AST,145
09-Sep-18 8:15:01 AM AST,170
09-Sep-18 8:30:00 AM AST,196
09-Sep-18 8:45:00 AM AST,226
09-Sep-18 9:00:00 AM AST,259
09-Sep-18 9:15:01 AM AST,293
09-Sep-18 9:30:00 AM AST,312
09-Sep-18 9:45:00 AM AST,349
09-Sep-18 10:00:00 AM AST,365
09-Sep-18 10:15:00 AM AST,389
09-Sep-18 10:30:00 AM AST,416
09-Sep-18 10:45:00 AM AST,435
09-Sep-18 11:00:00 AM AST,457
09-Sep-18 11:15:00 AM AST,479
09-Sep-18 11:30:00 AM AST,493
09-Sep-18 11:45:00 AM AST,502
09-Sep-18 12:00:00 PM AST,503
09-Sep-18 12:15:00 PM AST,510
09-Sep-18 12:30:00 PM AST,512
09-Sep-18 12:45:00 PM AST,509
09-Sep-18 1:00:00 PM AST,507
09-Sep-18 1:15:00 PM AST,497
09-Sep-18 1:30:00 PM AST,490
09-Sep-18 1:45:00 PM AST,478
09-Sep-18 2:00:00 PM AST,460
09-Sep-18 2:15:00 PM AST,445
09-Sep-18 2:30:00 PM AST,429
09-Sep-18 2:45:00 PM AST,408
09-Sep-18 3:00:01 PM AST,383
09-Sep-18 3:15:00 PM AST,365
09-Sep-18 3:30:00 PM AST,339
09-Sep-18 3:45:00 PM AST,299
09-Sep-18 4:00:00 PM AST,263
09-Sep-18 4:15:00 PM AST,226
09-Sep-18 4:30:00 PM AST,188
09-Sep-18 4:45:00 PM AST,160
09-Sep-18 5:00:01 PM AST,132
09-Sep-18 5:15:00 PM AST,113
09-Sep-18 5:30:00 PM AST,94
09-Sep-18 5:45:00 PM AST,73
09-Sep-18 6:00:00 PM AST,48
09-Sep-18 6:15:00 PM AST,23
09-Sep-18 6:30:00 PM AST,3
09-Sep-18 6:45:00 PM AST,1
09-Sep-18 7:00:01 PM AST,0
09-Sep-18 7:15:00 PM AST,0
09-Sep-18 7:30:00 PM AST,0
09-Sep-18 7:45:00 PM AST,0
09-Sep-18 8:00:00 PM AST,0
09-Sep-18 8:15:00 PM AST,0
09-Sep-18 8:30:00 PM AST,0
09-Sep-18 8:45:00 PM AST,0
09-Sep-18 9:00:00 PM AST,0
09-Sep-18 9:15:00 PM AST,0
09-Sep-18 9:30:01 PM AST,0
09-Sep-18 9:45:00 PM AST,0
09-Sep-18 10:00:00 PM AST,0
09-Sep-18 10:15:00 PM AST,0
09-Sep-18 10:30:00 PM AST,0
09-Sep-18 10:45:00 PM AST,0
09-Sep-18 11:00:00 PM AST,0
09-Sep-18 11:15:00 PM AST,0
09-Sep-18 11:30:00 PM AST,0
09-Sep-18 11:45:00 PM AST,0
10-Sep-18 12:00:01 AM AST,0
10-Sep-18 12:15:01 AM AST,0
10-Sep-18 12:30:00 AM AST,0
10-Sep-18 12:45:00 AM AST,0
10-Sep-18 1:00:00 AM AST,0
10-Sep-18 1:15:00 AM AST,0
10-Sep-18 1:30:00 AM AST,0
10-Sep-18 1:45:00 AM AST,0
10-Sep-18 2:00:00 AM AST,0
10-Sep-18 2:15:00 AM AST,0
10-Sep-18 2:30:00 AM AST,0
10-Sep-18 2:45:00 AM AST,0
10-Sep-18 3:00:00 AM AST,0
10-Sep-18 3:15:00 AM AST,0
10-Sep-18 3:30:01 AM AST,0
10-Sep-18 3:45:01 AM AST,0
10-Sep-18 4:00:00 AM AST,0
10-Sep-18 4:15:01 AM AST,0
10-Sep-18 4:30:00 AM AST,0
10-Sep-18 4:45:00 AM AST,0
10-Sep-18 5:00:00 AM AST,0
10-Sep-18 5:15:00 AM AST,0
10-Sep-18 5:30:00 AM AST,0
10-Sep-18 5:45:00 AM AST,0
10-Sep-18 6:00:00 AM AST,0
10-Sep-18 6:15:01 AM AST,0
10-Sep-18 6:30:01 AM AST,7
10-Sep-18 6:45:00 AM AST,34
10-Sep-18 7:00:01 AM AST,49
10-Sep-18 7:15:00 AM AST,73
10-Sep-18 7:30:00 AM AST,85
10-Sep-18 7:45:01 AM AST,95
10-Sep-18 8:00:02 AM AST,123
10-Sep-18 8:15:00 AM AST,162
10-Sep-18 8:30:00 AM AST,199
10-Sep-18 8:45:01 AM AST,220
10-Sep-18 9:00:00 AM AST,252
10-Sep-18 9:15:00 AM AST,295
10-Sep-18 9:30:00 AM AST,329
10-Sep-18 9:45:00 AM AST,356
10-Sep-18 10:00:00 AM AST,389
10-Sep-18 10:15:00 AM AST,405
10-Sep-18 10:30:01 AM AST,420
10-Sep-18 10:45:01 AM AST,447
10-Sep-18 11:00:00 AM AST,460
10-Sep-18 11:15:00 AM AST,474
10-Sep-18 11:30:00 AM AST,466
10-Sep-18 11:45:00 AM AST,468
10-Sep-18 12:00:01 PM AST,510
10-Sep-18 12:15:00 PM AST,514
10-Sep-18 12:30:00 PM AST,512
10-Sep-18 12:45:00 PM AST,459
10-Sep-18 1:00:01 PM AST,509
10-Sep-18 1:15:00 PM AST,500
10-Sep-18 1:30:00 PM AST,502
10-Sep-18 1:45:00 PM AST,471
10-Sep-18 2:00:00 PM AST,471
10-Sep-18 2:15:01 PM AST,458
10-Sep-18 2:30:01 PM AST,340
10-Sep-18 2:45:00 PM AST,360
10-Sep-18 3:00:00 PM AST,368
10-Sep-18 3:15:00 PM AST,301
10-Sep-18 3:30:00 PM AST,279
10-Sep-18 3:45:00 PM AST,278
10-Sep-18 4:00:00 PM AST,225
10-Sep-18 4:15:00 PM AST,142
10-Sep-18 4:30:00 PM AST,167
10-Sep-18 4:45:00 PM AST,155
10-Sep-18 5:00:01 PM AST,122
10-Sep-18 5:15:00 PM AST,97
10-Sep-18 5:30:00 PM AST,68
10-Sep-18 5:45:00 PM AST,45
10-Sep-18 6:00:00 PM AST,24
10-Sep-18 6:15:00 PM AST,3
10-Sep-18 6:30:01 PM AST,1
10-Sep-18 6:45:01 PM AST,0
10-Sep-18 7:00:01 PM AST,0
10-Sep-18 7:15:01 PM AST,0
10-Sep-18 7:30:01 PM AST,0
10-Sep-18 7:45:00 PM AST,0
10-Sep-18 8:00:00 PM AST,0
10-Sep-18 8:15:00 PM AST,0
10-Sep-18 8:30:00 PM AST,0
10-Sep-18 8:45:00 PM AST,0
10-Sep-18 9:00:00 PM AST,0
10-Sep-18 9:15:01 PM AST,0
10-Sep-18 9:30:00 PM AST,0
10-Sep-18 9:45:00 PM AST,0
10-Sep-18 10:00:00 PM AST,0
10-Sep-18 10:15:00 PM AST,0
10-Sep-18 10:30:00 PM AST,0
10-Sep-18 10:45:00 PM AST,0
10-Sep-18 11:00:00 PM AST,0
10-Sep-18 11:15:00 PM AST,0
10-Sep-18 11:30:01 PM AST,0
10-Sep-18 11:45:00 PM AST,0
11-Sep-18 12:00:00 AM AST,0
11-Sep-18 12:15:00 AM AST,0
11-Sep-18 12:30:00 AM AST,0
11-Sep-18 12:45:00 AM AST,0
11-Sep-18 1:00:01 AM AST,0
11-Sep-18 1:15:00 AM AST,0
11-Sep-18 1:30:00 AM AST,0
11-Sep-18 1:45:00 AM AST,0
11-Sep-18 2:00:00 AM AST,0
11-Sep-18 2:15:01 AM AST,0
11-Sep-18 2:30:00 AM AST,0
11-Sep-18 2:45:00 AM AST,0
11-Sep-18 3:00:01 AM AST,0
11-Sep-18 3:15:00 AM AST,0
11-Sep-18 3:30:00 AM AST,0
11-Sep-18 3:45:00 AM AST,0
11-Sep-18 4:00:00 AM AST,0
11-Sep-18 4:15:00 AM AST,0
11-Sep-18 4:30:00 AM AST,0
11-Sep-18 4:45:00 AM AST,0
11-Sep-18 5:00:00 AM AST,0
11-Sep-18 5:15:00 AM AST,0
11-Sep-18 5:30:00 AM AST,0
11-Sep-18 5:45:01 AM AST,0
11-Sep-18 6:00:00 AM AST,0
11-Sep-18 6:15:00 AM AST,5
11-Sep-18 6:30:00 AM AST,9
11-Sep-18 6:45:00 AM AST,30
11-Sep-18 7:00:00 AM AST,43
11-Sep-18 7:15:00 AM AST,52
11-Sep-18 7:30:00 AM AST,72
11-Sep-18 7:45:00 AM AST,89
11-Sep-18 8:00:00 AM AST,106
11-Sep-18 8:15:00 AM AST,184
11-Sep-18 8:30:00 AM AST,225
11-Sep-18 8:45:01 AM AST,242
11-Sep-18 9:00:00 AM AST,274
11-Sep-18 9:15:00 AM AST,175
11-Sep-18 9:30:00 AM AST,198
11-Sep-18 9:45:00 AM AST,320
11-Sep-18 10:00:00 AM AST,347
11-Sep-18 10:15:00 AM AST,386
11-Sep-18 10:30:00 AM AST,398
11-Sep-18 10:45:00 AM AST,423
11-Sep-18 11:00:00 AM AST,456
11-Sep-18 11:15:00 AM AST,473
11-Sep-18 11:30:00 AM AST,477
11-Sep-18 11:45:00 AM AST,501
11-Sep-18 12:00:00 PM AST,512
11-Sep-18 12:15:00 PM AST,509
11-Sep-18 12:30:00 PM AST,387
11-Sep-18 12:45:00 PM AST,487
11-Sep-18 1:00:00 PM AST,520
11-Sep-18 1:15:01 PM AST,496
11-Sep-18 1:30:00 PM AST,513
11-Sep-18 1:45:00 PM AST,495
11-Sep-18 2:00:00 PM AST,456
11-Sep-18 2:15:00 PM AST,440
11-Sep-18 2:30:00 PM AST,391
11-Sep-18 2:45:00 PM AST,396
11-Sep-18 3:00:00 PM AST,362
11-Sep-18 3:15:00 PM AST,341
11-Sep-18 3:30:00 PM AST,313
11-Sep-18 3:45:01 PM AST,277
11-Sep-18 4:00:01 PM AST,247
11-Sep-18 4:15:00 PM AST,204
11-Sep-18 4:30:00 PM AST,173
11-Sep-18 4:45:00 PM AST,145
11-Sep-18 5:00:00 PM AST,108
11-Sep-18 5:15:00 PM AST,83
11-Sep-18 5:30:00 PM AST,65
11-Sep-18 5:45:00 PM AST,36
11-Sep-18 6:00:00 PM AST,15
11-Sep-18 6:15:00 PM AST,1
11-Sep-18 6:30:00 PM AST,2
11-Sep-18 6:45:00 PM AST,0
11-Sep-18 7:00:00 PM AST,0
11-Sep-18 7:15:00 PM AST,0
11-Sep-18 7:30:01 PM AST,0
11-Sep-18 7:45:00 PM AST,0
11-Sep-18 8:00:00 PM AST,0
11-Sep-18 8:15:00 PM AST,0
11-Sep-18 8:30:00 PM AST,0
11-Sep-18 8:45:00 PM AST,0
11-Sep-18 9:00:00 PM AST,0
11-Sep-18 9:15:00 PM AST,0
11-Sep-18 9:30:00 PM AST,0
11-Sep-18 9:45:00 PM AST,0
11-Sep-18 10:00:00 PM AST,0
11-Sep-18 10:15:00 PM AST,0
11-Sep-18 10:30:00 PM AST,0
11-Sep-18 10:45:00 PM AST,0
11-Sep-18 11:00:00 PM AST,0
11-Sep-18 11:15:01 PM AST,0
11-Sep-18 11:30:00 PM AST,0
11-Sep-18 11:45:00 PM AST,0
12-Sep-18 12:00:00 AM AST,0
12-Sep-18 12:15:00 AM AST,0
12-Sep-18 12:30:00 AM AST,0
12-Sep-18 12:45:01 AM AST,0
12-Sep-18 1:00:00 AM AST,0
12-Sep-18 1:15:00 AM AST,0
12-Sep-18 1:30:00 AM AST,0
12-Sep-18 1:45:01 AM AST,0
12-Sep-18 2:00:00 AM AST,0
12-Sep-18 2:15:00 AM AST,0
12-Sep-18 2:30:01 AM AST,0
12-Sep-18 2:45:00 AM AST,0
12-Sep-18 3:00:00 AM AST,0
12-Sep-18 3:15:00 AM AST,0
12-Sep-18 3:30:00 AM AST,0
12-Sep-18 3:45:00 AM AST,0
12-Sep-18 4:00:01 AM AST,0
12-Sep-18 4:15:00 AM AST,0
12-Sep-18 4:30:00 AM AST,0
12-Sep-18 4:45:00 AM AST,0
12-Sep-18 5:00:01 AM AST,0
12-Sep-18 5:15:01 AM AST,0
12-Sep-18 5:30:00 AM AST,0
12-Sep-18 5:45:00 AM AST,0
12-Sep-18 6:00:01 AM AST,0
12-Sep-18 6:15:00 AM AST,0
12-Sep-18 6:30:00 AM AST,16
12-Sep-18 6:45:00 AM AST,38
12-Sep-18 7:00:00 AM AST,54
12-Sep-18 7:15:00 AM AST,79
12-Sep-18 7:30:00 AM AST,108
12-Sep-18 7:45:00 AM AST,131
12-Sep-18 8:00:00 AM AST,153
12-Sep-18 8:15:00 AM AST,179
12-Sep-18 8:30:00 AM AST,196
12-Sep-18 8:45:00 AM AST,227
12-Sep-18 9:00:00 AM AST,251
12-Sep-18 9:15:00 AM AST,282
12-Sep-18 9:30:00 AM AST,311
12-Sep-18 9:45:00 AM AST,341
12-Sep-18 10:00:00 AM AST,374
12-Sep-18 10:15:00 AM AST,398
12-Sep-18 10:30:00 AM AST,416
12-Sep-18 10:45:00 AM AST,443
12-Sep-18 11:00:00 AM AST,454
12-Sep-18 11:15:00 AM AST,480
12-Sep-18 11:30:01 AM AST,486
12-Sep-18 11:45:00 AM AST,505
12-Sep-18 12:00:00 PM AST,511
12-Sep-18 12:15:01 PM AST,519
12-Sep-18 12:30:00 PM AST,517
12-Sep-18 12:45:00 PM AST,519
12-Sep-18 1:00:00 PM AST,512
12-Sep-18 1:15:00 PM AST,504
12-Sep-18 1:30:00 PM AST,497
12-Sep-18 1:45:00 PM AST,474
12-Sep-18 2:00:00 PM AST,470
12-Sep-18 2:15:00 PM AST,451
12-Sep-18 2:30:01 PM AST,424
12-Sep-18 2:45:00 PM AST,398
12-Sep-18 3:00:01 PM AST,369
12-Sep-18 3:15:00 PM AST,343
12-Sep-18 3:30:00 PM AST,314
12-Sep-18 3:45:00 PM AST,281
12-Sep-18 4:00:00 PM AST,254
12-Sep-18 4:15:00 PM AST,216
12-Sep-18 4:30:00 PM AST,188
12-Sep-18 4:45:01 PM AST,156
12-Sep-18 5:00:00 PM AST,121
12-Sep-18 5:15:00 PM AST,90
12-Sep-18 5:30:00 PM AST,60
12-Sep-18 5:45:00 PM AST,40
12-Sep-18 6:00:00 PM AST,15
12-Sep-18 6:15:00 PM AST,0
12-Sep-18 6:30:00 PM AST,0
12-Sep-18 6:45:01 PM AST,0
12-Sep-18 7:00:00 PM AST,0
12-Sep-18 7:15:00 PM AST,0
12-Sep-18 7:30:00 PM AST,0
12-Sep-18 7:45:00 PM AST,0
12-Sep-18 8:00:01 PM AST,0
12-Sep-18 8:15:01 PM AST,0
12-Sep-18 8:30:00 PM AST,0
12-Sep-18 8:45:01 PM AST,0
12-Sep-18 9:00:00 PM AST,0
12-Sep-18 9:15:00 PM AST,0
12-Sep-18 9:30:00 PM AST,0
12-Sep-18 9:45:00 PM AST,0
12-Sep-18 10:00:01 PM AST,0
12-Sep-18 10:15:00 PM AST,0
12-Sep-18 10:30:00 PM AST,0
12-Sep-18 10:45:00 PM AST,0
12-Sep-18 11:00:00 PM AST,0
12-Sep-18 11:15:00 PM AST,0
12-Sep-18 11:30:00 PM AST,0
12-Sep-18 11:45:00 PM AST,0
13-Sep-18 12:00:00 AM AST,0
13-Sep-18 12:15:00 AM AST,0
13-Sep-18 12:30:00 AM AST,0
13-Sep-18 12:45:00 AM AST,0
13-Sep-18 1:00:00 AM AST,0
13-Sep-18 1:15:00 AM AST,0
13-Sep-18 1:30:00 AM AST,0
13-Sep-18 1:45:01 AM AST,0
13-Sep-18 2:00:00 AM AST,0
13-Sep-18 2:15:00 AM AST,0
13-Sep-18 2:30:00 AM AST,0
13-Sep-18 2:45:01 AM AST,0
13-Sep-18 3:00:00 AM AST,0
13-Sep-18 3:15:00 AM AST,0
13-Sep-18 3:30:01 AM AST,0
13-Sep-18 3:45:00 AM AST,0
13-Sep-18 4:00:00 AM AST,0
13-Sep-18 4:15:00 AM AST,0
13-Sep-18 4:30:00 AM AST,0
13-Sep-18 4:45:00 AM AST,0
13-Sep-18 5:00:00 AM AST,0
13-Sep-18 5:15:00 AM AST,0
13-Sep-18 5:30:00 AM AST,0
13-Sep-18 5:45:01 AM AST,0
13-Sep-18 6:00:00 AM AST,0
13-Sep-18 6:15:00 AM AST,3
13-Sep-18 6:30:00 AM AST,6
13-Sep-18 6:45:00 AM AST,22
13-Sep-18 7:00:00 AM AST,54
13-Sep-18 7:15:00 AM AST,77
13-Sep-18 7:30:00 AM AST,99
13-Sep-18 7:45:00 AM AST,129
13-Sep-18 8:00:00 AM AST,126
13-Sep-18 8:15:01 AM AST,143
13-Sep-18 8:30:00 AM AST,124
13-Sep-18 8:45:01 AM AST,122
13-Sep-18 9:00:00 AM AST,224
13-Sep-18 9:15:00 AM AST,296
13-Sep-18 9:30:00 AM AST,227
13-Sep-18 9:45:00 AM AST,322
13-Sep-18 10:00:01 AM AST,375
13-Sep-18 10:15:00 AM AST,385
13-Sep-18 10:30:01 AM AST,407
13-Sep-18 10:45:01 AM AST,423
13-Sep-18 11:00:00 AM AST,443
13-Sep-18 11:15:00 AM AST,463
13-Sep-18 11:30:00 AM AST,484
13-Sep-18 11:45:00 AM AST,495
13-Sep-18 12:00:00 PM AST,503
13-Sep-18 12:15:00 PM AST,513
13-Sep-18 12:30:00 PM AST,518
13-Sep-18 12:45:00 PM AST,516
13-Sep-18 1:00:01 PM AST,518
13-Sep-18 1:15:01 PM AST,508
13-Sep-18 1:30:00 PM AST,488
13-Sep-18 1:45:00 PM AST,482
13-Sep-18 2:00:00 PM AST,471
13-Sep-18 2:15:00 PM AST,455
13-Sep-18 2:30:00 PM AST,438
13-Sep-18 2:45:00 PM AST,418
13-Sep-18 3:00:00 PM AST,390
13-Sep-18 3:15:00 PM AST,367
13-Sep-18 3:30:00 PM AST,335
13-Sep-18 3:45:00 PM AST,298
13-Sep-18 4:00:00 PM AST,261
13-Sep-18 4:15:00 PM AST,219
13-Sep-18 4:30:00 PM AST,192
13-Sep-18 4:45:01 PM AST,152
13-Sep-18 5:00:01 PM AST,101
13-Sep-18 5:15:00 PM AST,88
13-Sep-18 5:30:00 PM AST,57
13-Sep-18 5:45:00 PM AST,36
13-Sep-18 6:00:01 PM AST,12
13-Sep-18 6:15:00 PM AST,0
13-Sep-18 6:30:00 PM AST,0
13-Sep-18 6:45:00 PM AST,0
13-Sep-18 7:00:00 PM AST,0
13-Sep-18 7:15:00 PM AST,0
13-Sep-18 7:30:00 PM AST,0
13-Sep-18 7:45:00 PM AST,0
13-Sep-18 8:00:00 PM AST,0
13-Sep-18 8:15:00 PM AST,0
13-Sep-18 8:30:00 PM AST,0
13-Sep-18 8:45:00 PM AST,0
13-Sep-18 9:00:01 PM AST,0
13-Sep-18 9:15:00 PM AST,0
13-Sep-18 9:30:00 PM AST,0
13-Sep-18 9:45:01 PM AST,0
13-Sep-18 10:00:00 PM AST,0
13-Sep-18 10:15:00 PM AST,0
13-Sep-18 10:30:00 PM AST,0
13-Sep-18 10:45:00 PM AST,0
13-Sep-18 11:00:01 PM AST,0
13-Sep-18 11:15:00 PM AST,0
13-Sep-18 11:30:00 PM AST,0
13-Sep-18 11:45:00 PM AST,0
14-Sep-18 12:00:00 AM AST,0
14-Sep-18 12:15:00 AM AST,0
14-Sep-18 12:30:00 AM AST,0
14-Sep-18 12:45:00 AM AST,0
14-Sep-18 1:00:00 AM AST,0
14-Sep-18 1:15:00 AM AST,0
14-Sep-18 1:30:00 AM AST,0
14-Sep-18 1:45:01 AM AST,0
14-Sep-18 2:00:00 AM AST,0
14-Sep-18 2:15:00 AM AST,0
14-Sep-18 2:30:00 AM AST,0
14-Sep-18 2:45:00 AM AST,0
14-Sep-18 3:00:00 AM AST,0
14-Sep-18 3:15:01 AM AST,0
14-Sep-18 3:30:00 AM AST,0
14-Sep-18 3:45:00 AM AST,0
14-Sep-18 4:00:02 AM AST,0
14-Sep-18 4:15:00 AM AST,0
14-Sep-18 4:30:00 AM AST,0
14-Sep-18 4:45:00 AM AST,0
14-Sep-18 5:00:00 AM AST,0
14-Sep-18 5:15:00 AM AST,0
14-Sep-18 5:30:00 AM AST,0
14-Sep-18 5:45:00 AM AST,0
14-Sep-18 6:00:00 AM AST,0
14-Sep-18 6:15:00 AM AST,0
14-Sep-18 6:30:00 AM AST,0
14-Sep-18 6:45:00 AM AST,14
14-Sep-18 7:00:00 AM AST,44
14-Sep-18 7:15:00 AM AST,74
14-Sep-18 7:30:00 AM AST,99
14-Sep-18 7:45:01 AM AST,122
14-Sep-18 8:00:00 AM AST,152
14-Sep-18 8:15:00 AM AST,181
14-Sep-18 8:30:00 AM AST,208
14-Sep-18 8:45:00 AM AST,234
14-Sep-18 9:00:00 AM AST,258
14-Sep-18 9:15:00 AM AST,293
14-Sep-18 9:30:00 AM AST,321
14-Sep-18 9:45:00 AM AST,346
14-Sep-18 10:00:00 AM AST,367
14-Sep-18 10:15:00 AM AST,388
14-Sep-18 10:30:00 AM AST,408
14-Sep-18 10:45:00 AM AST,428
14-Sep-18 11:00:00 AM AST,442
14-Sep-18 11:15:00 AM AST,460
14-Sep-18 11:30:00 AM AST,473
14-Sep-18 11:45:00 AM AST,480
14-Sep-18 12:00:00 PM AST,493
14-Sep-18 12:15:00 PM AST,504
14-Sep-18 12:30:00 PM AST,506
14-Sep-18 12:45:00 PM AST,511
14-Sep-18 1:00:00 PM AST,512
14-Sep-18 1:15:00 PM AST,501
14-Sep-18 1:30:00 PM AST,486
14-Sep-18 1:45:00 PM AST,478
14-Sep-18 2:00:00 PM AST,455
14-Sep-18 2:15:00 PM AST,450
14-Sep-18 2:30:00 PM AST,442
14-Sep-18 2:45:00 PM AST,395
14-Sep-18 3:00:00 PM AST,367
14-Sep-18 3:15:00 PM AST,336
14-Sep-18 3:30:00 PM AST,297
14-Sep-18 3:45:00 PM AST,278
14-Sep-18 4:00:01 PM AST,239
14-Sep-18 4:15:01 PM AST,204
14-Sep-18 4:30:01 PM AST,172
14-Sep-18 4:45:00 PM AST,144
14-Sep-18 5:00:00 PM AST,108
14-Sep-18 5:15:00 PM AST,73
14-Sep-18 5:30:00 PM AST,46
14-Sep-18 5:45:00 PM AST,27
14-Sep-18 6:00:00 PM AST,8
14-Sep-18 6:15:00 PM AST,0
14-Sep-18 6:30:00 PM AST,0
14-Sep-18 6:45:00 PM AST,0
14-Sep-18 7:00:00 PM AST,0
14-Sep-18 7:15:00 PM AST,0
14-Sep-18 7:30:00 PM AST,0
14-Sep-18 7:45:00 PM AST,0
14-Sep-18 8:00:00 PM AST,0
14-Sep-18 8:15:00 PM AST,0
14-Sep-18 8:30:01 PM AST,0
14-Sep-18 8:45:00 PM AST,0
14-Sep-18 9:00:00 PM AST,0
14-Sep-18 9:15:00 PM AST,0
14-Sep-18 9:30:00 PM AST,0
14-Sep-18 9:45:00 PM AST,0
14-Sep-18 10:00:00 PM AST,0
14-Sep-18 10:15:00 PM AST,0
14-Sep-18 10:30:00 PM AST,0
14-Sep-18 10:45:00 PM AST,0
14-Sep-18 11:00:00 PM AST,0
14-Sep-18 11:15:00 PM AST,0
14-Sep-18 11:30:00 PM AST,0
14-Sep-18 11:45:00 PM AST,0
15-Sep-18 12:00:00 AM AST,0
15-Sep-18 12:15:00 AM AST,0
15-Sep-18 12:30:00 AM AST,0
15-Sep-18 12:45:00 AM AST,0
15-Sep-18 1:00:00 AM AST,0
15-Sep-18 1:15:00 AM AST,0
15-Sep-18 1:30:00 AM AST,0
15-Sep-18 1:45:00 AM AST,0
15-Sep-18 2:00:00 AM AST,0
15-Sep-18 2:15:01 AM AST,0
15-Sep-18 2:30:00 AM AST,0
15-Sep-18 2:45:00 AM AST,0
15-Sep-18 3:00:00 AM AST,0
15-Sep-18 3:15:00 AM AST,0
15-Sep-18 3:30:00 AM AST,0
15-Sep-18 3:45:00 AM AST,0
15-Sep-18 4:00:00 AM AST,0
15-Sep-18 4:15:00 AM AST,0
15-Sep-18 4:30:00 AM AST,0
15-Sep-18 4:45:01 AM AST,0
15-Sep-18 5:00:01 AM AST,0
15-Sep-18 5:15:00 AM AST,0
15-Sep-18 5:30:00 AM AST,0
15-Sep-18 5:45:00 AM AST,0
15-Sep-18 6:00:00 AM AST,0
15-Sep-18 6:15:00 AM AST,3
15-Sep-18 6:30:00 AM AST,6
15-Sep-18 6:45:00 AM AST,25
15-Sep-18 7:00:00 AM AST,54
15-Sep-18 7:15:00 AM AST,74
15-Sep-18 7:30:00 AM AST,104
15-Sep-18 7:45:00 AM AST,122
15-Sep-18 8:00:00 AM AST,151
15-Sep-18 8:15:00 AM AST,177
15-Sep-18 8:30:00 AM AST,203
15-Sep-18 8:45:00 AM AST,231
15-Sep-18 9:00:00 AM AST,259
15-Sep-18 9:15:00 AM AST,290
15-Sep-18 9:30:00 AM AST,318
15-Sep-18 9:45:01 AM AST,342
15-Sep-18 10:00:00 AM AST,361
15-Sep-18 10:15:00 AM AST,377
15-Sep-18 10:30:00 AM AST,402
15-Sep-18 10:45:00 AM AST,426
15-Sep-18 11:00:01 AM AST,445
15-Sep-18 11:15:01 AM AST,473
15-Sep-18 11:30:00 AM AST,484
15-Sep-18 11:45:00 AM AST,493
15-Sep-18 12:00:00 PM AST,506
15-Sep-18 12:15:00 PM AST,513
15-Sep-18 12:30:01 PM AST,511
15-Sep-18 12:45:00 PM AST,513
15-Sep-18 1:00:00 PM AST,508
15-Sep-18 1:15:01 PM AST,498
15-Sep-18 1:30:00 PM AST,491
15-Sep-18 1:45:00 PM AST,479
15-Sep-18 2:00:01 PM AST,462
15-Sep-18 2:15:00 PM AST,446
15-Sep-18 2:30:00 PM AST,420
15-Sep-18 2:45:00 PM AST,399
15-Sep-18 3:00:00 PM AST,369
15-Sep-18 3:15:01 PM AST,346
15-Sep-18 3:30:01 PM AST,308
15-Sep-18 3:45:00 PM AST,278
15-Sep-18 4:00:00 PM AST,238
15-Sep-18 4:15:01 PM AST,207
15-Sep-18 4:30:00 PM AST,165
15-Sep-18 4:45:00 PM AST,133
15-Sep-18 5:00:00 PM AST,99
15-Sep-18 5:15:00 PM AST,76
15-Sep-18 5:30:00 PM AST,55
15-Sep-18 5:45:00 PM AST,36
15-Sep-18 6:00:00 PM AST,16
15-Sep-18 6:15:01 PM AST,1
15-Sep-18 6:30:00 PM AST,2
15-Sep-18 6:45:00 PM AST,0
15-Sep-18 7:00:01 PM AST,0
15-Sep-18 7:15:01 PM AST,0
15-Sep-18 7:30:00 PM AST,0
15-Sep-18 7:45:00 PM AST,0
15-Sep-18 8:00:00 PM AST,0
15-Sep-18 8:15:00 PM AST,0
15-Sep-18 8:30:00 PM AST,0
15-Sep-18 8:45:00 PM AST,0
15-Sep-18 9:00:00 PM AST,0
15-Sep-18 9:15:00 PM AST,0
15-Sep-18 9:30:00 PM AST,0
15-Sep-18 9:45:00 PM AST,0
15-Sep-18 10:00:00 PM AST,0
15-Sep-18 10:15:00 PM AST,0
15-Sep-18 10:30:00 PM AST,0
15-Sep-18 10:45:01 PM AST,0
15-Sep-18 11:00:00 PM AST,0
15-Sep-18 11:15:00 PM AST,0
15-Sep-18 11:30:01 PM AST,0
15-Sep-18 11:45:01 PM AST,0
16-Sep-18 12:00:00 AM AST,0
16-Sep-18 12:15:00 AM AST,0
16-Sep-18 12:30:01 AM AST,0
16-Sep-18 12:45:00 AM AST,0
16-Sep-18 1:00:00 AM AST,0
16-Sep-18 1:15:01 AM AST,0
16-Sep-18 1:30:00 AM AST,0
16-Sep-18 1:45:00 AM AST,0
16-Sep-18 2:00:00 AM AST,0
16-Sep-18 2:15:00 AM AST,0
16-Sep-18 2:30:00 AM AST,0
16-Sep-18 2:45:00 AM AST,0
16-Sep-18 3:00:00 AM AST,0
16-Sep-18 3:15:00 AM AST,0
16-Sep-18 3:30:00 AM AST,0
16-Sep-18 3:45:01 AM AST,0
16-Sep-18 4:00:00 AM AST,0
16-Sep-18 4:15:00 AM AST,0
16-Sep-18 4:30:00 AM AST,0
16-Sep-18 4:45:00 AM AST,0
16-Sep-18 5:00:00 AM AST,0
16-Sep-18 5:15:00 AM AST,0
16-Sep-18 5:30:00 AM AST,0
16-Sep-18 5:45:00 AM AST,0
16-Sep-18 6:00:00 AM AST,0
16-Sep-18 6:15:00 AM AST,0
16-Sep-18 6:30:00 AM AST,0
16-Sep-18 6:45:01 AM AST,16
16-Sep-18 7:00:00 AM AST,46
16-Sep-18 7:15:00 AM AST,73
16-Sep-18 7:30:00 AM AST,96
16-Sep-18 7:45:00 AM AST,125
16-Sep-18 8:00:00 AM AST,150
16-Sep-18 8:15:00 AM AST,183
16-Sep-18 8:30:00 AM AST,198
16-Sep-18 8:45:00 AM AST,218
16-Sep-18 9:00:00 AM AST,251
16-Sep-18 9:15:00 AM AST,288
16-Sep-18 9:30:00 AM AST,315
16-Sep-18 9:45:00 AM AST,343
16-Sep-18 10:00:01 AM AST,373
16-Sep-18 10:15:01 AM AST,390
16-Sep-18 10:30:00 AM AST,413
16-Sep-18 10:45:00 AM AST,432
16-Sep-18 11:00:00 AM AST,450
16-Sep-18 11:15:00 AM AST,473
16-Sep-18 11:30:00 AM AST,484
16-Sep-18 11:45:00 AM AST,495
16-Sep-18 12:00:00 PM AST,506
16-Sep-18 12:15:00 PM AST,510
16-Sep-18 12:30:00 PM AST,510
16-Sep-18 12:45:01 PM AST,511
16-Sep-18 1:00:00 PM AST,505
16-Sep-18 1:15:00 PM AST,498
16-Sep-18 1:30:00 PM AST,495
16-Sep-18 1:45:00 PM AST,485
16-Sep-18 2:00:00 PM AST,471
16-Sep-18 2:15:00 PM AST,455
16-Sep-18 2:30:00 PM AST,426
16-Sep-18 2:45:00 PM AST,403
16-Sep-18 3:00:00 PM AST,368
16-Sep-18 3:15:00 PM AST,347
16-Sep-18 3:30:00 PM AST,302
16-Sep-18 3:45:00 PM AST,276
16-Sep-18 4:00:00 PM AST,249
16-Sep-18 4:15:00 PM AST,215
16-Sep-18 4:30:00 PM AST,186
16-Sep-18 4:45:00 PM AST,150
16-Sep-18 5:00:00 PM AST,113
16-Sep-18 5:15:01 PM AST,85
16-Sep-18 5:30:00 PM AST,54
16-Sep-18 5:45:01 PM AST,25
16-Sep-18 6:00:00 PM AST,5
16-Sep-18 6:15:00 PM AST,1
16-Sep-18 6:30:00 PM AST,0
16-Sep-18 6:45:00 PM AST,0
16-Sep-18 7:00:00 PM AST,0
16-Sep-18 7:15:00 PM AST,0
16-Sep-18 7:30:00 PM AST,0
16-Sep-18 7:45:00 PM AST,0
16-Sep-18 8:00:01 PM AST,0
16-Sep-18 8:15:00 PM AST,0
16-Sep-18 8:30:00 PM AST,0
16-Sep-18 8:45:01 PM AST,0
16-Sep-18 9:00:00 PM AST,0
16-Sep-18 9:15:00 PM AST,0
16-Sep-18 9:30:00 PM AST,0
16-Sep-18 9:45:00 PM AST,0
16-Sep-18 10:00:00 PM AST,0
16-Sep-18 10:15:00 PM AST,0
16-Sep-18 10:30:00 PM AST,0
16-Sep-18 10:45:00 PM AST,0
16-Sep-18 11:00:00 PM AST,0
16-Sep-18 11:15:00 PM AST,0
16-Sep-18 11:30:01 PM AST,0
16-Sep-18 11:45:00 PM AST,0
17-Sep-18 12:00:00 AM AST,0
17-Sep-18 12:15:00 AM AST,0
17-Sep-18 12:30:00 AM AST,0
17-Sep-18 12:45:00 AM AST,0
17-Sep-18 1:00:01 AM AST,0
17-Sep-18 1:15:00 AM AST,0
17-Sep-18 1:30:00 AM AST,0
17-Sep-18 1:45:00 AM AST,0
17-Sep-18 2:00:01 AM AST,0
17-Sep-18 2:15:01 AM AST,0
17-Sep-18 2:30:00 AM AST,0
17-Sep-18 2:45:00 AM AST,0
17-Sep-18 3:00:00 AM AST,0
17-Sep-18 3:15:00 AM AST,0
17-Sep-18 3:30:00 AM AST,0
17-Sep-18 3:45:00 AM AST,0
17-Sep-18 4:00:00 AM AST,0
17-Sep-18 4:15:00 AM AST,0
17-Sep-18 4:30:00 AM AST,0
17-Sep-18 4:45:00 AM AST,0
17-Sep-18 5:00:00 AM AST,0
17-Sep-18 5:15:00 AM AST,0
17-Sep-18 5:30:00 AM AST,0
17-Sep-18 5:45:00 AM AST,0
17-Sep-18 6:00:00 AM AST,0
17-Sep-18 6:15:00 AM AST,2
17-Sep-18 6:30:01 AM AST,4
17-Sep-18 6:45:00 AM AST,23
17-Sep-18 7:00:00 AM AST,52
17-Sep-18 7:15:00 AM AST,72
17-Sep-18 7:30:00 AM AST,96
17-Sep-18 7:45:00 AM AST,118
17-Sep-18 8:00:00 AM AST,146
17-Sep-18 8:15:00 AM AST,177
17-Sep-18 8:30:00 AM AST,213
17-Sep-18 8:45:00 AM AST,239
17-Sep-18 9:00:00 AM AST,276
17-Sep-18 9:15:01 AM AST,312
17-Sep-18 9:30:00 AM AST,341
17-Sep-18 9:45:00 AM AST,352
17-Sep-18 10:00:01 AM AST,372
17-Sep-18 10:15:00 AM AST,386
17-Sep-18 10:30:00 AM AST,406
17-Sep-18 10:45:01 AM AST,433
17-Sep-18 11:00:00 AM AST,457
17-Sep-18 11:15:00 AM AST,472
17-Sep-18 11:30:00 AM AST,494
17-Sep-18 11:45:00 AM AST,501
17-Sep-18 12:00:00 PM AST,519
17-Sep-18 12:15:00 PM AST,517
17-Sep-18 12:30:00 PM AST,518
17-Sep-18 12:45:00 PM AST,518
17-Sep-18 1:00:00 PM AST,517
17-Sep-18 1:15:00 PM AST,509
17-Sep-18 1:30:00 PM AST,501
17-Sep-18 1:45:00 PM AST,488
17-Sep-18 2:00:00 PM AST,478
17-Sep-18 2:15:00 PM AST,454
17-Sep-18 2:30:00 PM AST,440
17-Sep-18 2:45:00 PM AST,418
17-Sep-18 3:00:00 PM AST,386
17-Sep-18 3:15:00 PM AST,372
17-Sep-18 3:30:00 PM AST,291
17-Sep-18 3:45:00 PM AST,322
17-Sep-18 4:00:01 PM AST,259
17-Sep-18 4:15:01 PM AST,203
17-Sep-18 4:30:00 PM AST,125
17-Sep-18 4:45:00 PM AST,153
17-Sep-18 5:00:00 PM AST,124
17-Sep-18 5:15:01 PM AST,101
17-Sep-18 5:30:00 PM AST,81
17-Sep-18 5:45:00 PM AST,52
17-Sep-18 6:00:00 PM AST,21
17-Sep-18 6:15:00 PM AST,0
17-Sep-18 6:30:01 PM AST,1
17-Sep-18 6:45:00 PM AST,0
17-Sep-18 7:00:00 PM AST,0
17-Sep-18 7:15:00 PM AST,0
17-Sep-18 7:30:00 PM AST,0
17-Sep-18 7:45:00 PM AST,0
17-Sep-18 8:00:00 PM AST,0
17-Sep-18 8:15:01 PM AST,0
17-Sep-18 8:30:01 PM AST,0
17-Sep-18 8:45:00 PM AST,0
17-Sep-18 9:00:00 PM AST,0
17-Sep-18 9:15:00 PM AST,0
17-Sep-18 9:30:00 PM AST,0
17-Sep-18 9:45:00 PM AST,0
17-Sep-18 10:00:00 PM AST,0
17-Sep-18 10:15:00 PM AST,0
17-Sep-18 10:30:00 PM AST,0
17-Sep-18 10:45:01 PM AST,0
17-Sep-18 11:00:00 PM AST,0
17-Sep-18 11:15:00 PM AST,0
17-Sep-18 11:30:00 PM AST,0
17-Sep-18 11:45:00 PM AST,0
18-Sep-18 12:00:00 AM AST,0
18-Sep-18 12:15:00 AM AST,0
18-Sep-18 12:30:00 AM AST,0
18-Sep-18 12:45:00 AM AST,0
18-Sep-18 1:00:00 AM AST,0
18-Sep-18 1:15:00 AM AST,0
18-Sep-18 1:30:00 AM AST,0
18-Sep-18 1:45:00 AM AST,0
18-Sep-18 2:00:00 AM AST,0
18-Sep-18 2:15:01 AM AST,0
18-Sep-18 2:30:00 AM AST,0
18-Sep-18 2:45:00 AM AST,0
18-Sep-18 3:00:01 AM AST,0
18-Sep-18 3:15:01 AM AST,0
18-Sep-18 3:30:00 AM AST,0
18-Sep-18 3:45:00 AM AST,0
18-Sep-18 4:00:00 AM AST,0
18-Sep-18 4:15:00 AM AST,0
18-Sep-18 4:30:00 AM AST,0
18-Sep-18 4:45:00 AM AST,0
18-Sep-18 5:00:00 AM AST,0
18-Sep-18 5:15:00 AM AST,0
18-Sep-18 5:30:00 AM AST,0
18-Sep-18 5:45:00 AM AST,0
18-Sep-18 6:00:00 AM AST,0
18-Sep-18 6:15:00 AM AST,0
18-Sep-18 6:30:01 AM AST,0
18-Sep-18 6:45:00 AM AST,16
18-Sep-18 7:00:00 AM AST,44
18-Sep-18 7:15:00 AM AST,69
18-Sep-18 7:30:00 AM AST,96
18-Sep-18 7:45:00 AM AST,126
18-Sep-18 8:00:00 AM AST,121
18-Sep-18 8:15:00 AM AST,122
18-Sep-18 8:30:00 AM AST,200
18-Sep-18 8:45:00 AM AST,233
18-Sep-18 9:00:00 AM AST,236
18-Sep-18 9:15:00 AM AST,286
18-Sep-18 9:30:00 AM AST,306
18-Sep-18 9:45:00 AM AST,335
18-Sep-18 10:00:00 AM AST,360
18-Sep-18 10:15:00 AM AST,367
18-Sep-18 10:30:00 AM AST,405
18-Sep-18 10:45:00 AM AST,420
18-Sep-18 11:00:00 AM AST,428
18-Sep-18 11:15:00 AM AST,450
18-Sep-18 11:30:00 AM AST,471
18-Sep-18 11:45:00 AM AST,468
18-Sep-18 12:00:00 PM AST,494
18-Sep-18 12:15:00 PM AST,491
18-Sep-18 12:30:00 PM AST,488
18-Sep-18 12:45:00 PM AST,492
18-Sep-18 1:00:01 PM AST,486
18-Sep-18 1:15:01 PM AST,475
18-Sep-18 1:30:00 PM AST,462
18-Sep-18 1:45:00 PM AST,449
18-Sep-18 2:00:01 PM AST,445
18-Sep-18 2:15:00 PM AST,428
18-Sep-18 2:30:00 PM AST,404
18-Sep-18 2:45:00 PM AST,317.5
18-Sep-18 3:00:00 PM AST,357
18-Sep-18 3:15:01 PM AST,330
18-Sep-18 3:30:01 PM AST,292
18-Sep-18 3:45:01 PM AST,253
18-Sep-18 4:00:00 PM AST,235
18-Sep-18 4:15:01 PM AST,200
18-Sep-18 4:30:00 PM AST,177
18-Sep-18 4:45:00 PM AST,140
18-Sep-18 5:00:00 PM AST,107
18-Sep-18 5:15:00 PM AST,80
18-Sep-18 5:30:00 PM AST,60
18-Sep-18 5:45:01 PM AST,53
18-Sep-18 6:00:01 PM AST,15
18-Sep-18 6:15:00 PM AST,0
18-Sep-18 6:30:00 PM AST,0
18-Sep-18 6:45:00 PM AST,0
18-Sep-18 7:00:00 PM AST,0
18-Sep-18 7:15:00 PM AST,0
18-Sep-18 7:30:00 PM AST,0
18-Sep-18 7:45:00 PM AST,0
18-Sep-18 8:00:00 PM AST,0
18-Sep-18 8:15:00 PM AST,0
18-Sep-18 8:30:00 PM AST,0
18-Sep-18 8:45:00 PM AST,0
18-Sep-18 9:00:01 PM AST,0
18-Sep-18 9:15:00 PM AST,0
18-Sep-18 9:30:00 PM AST,0
18-Sep-18 9:45:01 PM AST,0
18-Sep-18 10:00:00 PM AST,0
18-Sep-18 10:15:00 PM AST,0
18-Sep-18 10:30:00 PM AST,0
18-Sep-18 10:45:00 PM AST,0
18-Sep-18 11:00:01 PM AST,0
18-Sep-18 11:15:00 PM AST,0
18-Sep-18 11:30:00 PM AST,0
18-Sep-18 11:45:00 PM AST,0
19-Sep-18 12:00:01 AM AST,0
19-Sep-18 12:15:00 AM AST,0
19-Sep-18 12:30:00 AM AST,0
19-Sep-18 12:45:00 AM AST,0
19-Sep-18 1:00:00 AM AST,0
19-Sep-18 1:15:00 AM AST,0
19-Sep-18 1:30:00 AM AST,0
19-Sep-18 1:45:00 AM AST,0
19-Sep-18 2:00:01 AM AST,0
19-Sep-18 2:15:00 AM AST,0
19-Sep-18 2:30:00 AM AST,0
19-Sep-18 2:45:01 AM AST,0
19-Sep-18 3:00:00 AM AST,0
19-Sep-18 3:15:00 AM AST,0
19-Sep-18 3:30:00 AM AST,0
19-Sep-18 3:45:00 AM AST,0
19-Sep-18 4:00:01 AM AST,0
19-Sep-18 4:15:00 AM AST,0
19-Sep-18 4:30:01 AM AST,0
19-Sep-18 4:45:01 AM AST,0
19-Sep-18 5:00:01 AM AST,0
19-Sep-18 5:15:00 AM AST,0
19-Sep-18 5:30:01 AM AST,0
19-Sep-18 5:45:00 AM AST,0
19-Sep-18 6:00:00 AM AST,0
19-Sep-18 6:15:00 AM AST,7
19-Sep-18 6:30:00 AM AST,4
19-Sep-18 6:45:00 AM AST,24
19-Sep-18 7:00:01 AM AST,52
19-Sep-18 7:15:01 AM AST,74
19-Sep-18 7:30:00 AM AST,100
19-Sep-18 7:45:00 AM AST,122
19-Sep-18 8:00:01 AM AST,151
19-Sep-18 8:15:00 AM AST,174
19-Sep-18 8:30:00 AM AST,200
19-Sep-18 8:45:00 AM AST,234
19-Sep-18 9:00:00 AM AST,235
19-Sep-18 9:15:00 AM AST,289
19-Sep-18 9:30:00 AM AST,310
19-Sep-18 9:45:00 AM AST,325
19-Sep-18 10:00:00 AM AST,355
19-Sep-18 10:15:00 AM AST,373
19-Sep-18 10:30:00 AM AST,398
19-Sep-18 10:45:00 AM AST,416
19-Sep-18 11:00:00 AM AST,439
19-Sep-18 11:15:00 AM AST,458
19-Sep-18 11:30:00 AM AST,473
19-Sep-18 11:45:00 AM AST,480
19-Sep-18 12:00:00 PM AST,492
19-Sep-18 12:15:00 PM AST,495
19-Sep-18 12:30:00 PM AST,500
19-Sep-18 12:45:00 PM AST,502
19-Sep-18 1:00:00 PM AST,498
19-Sep-18 1:15:00 PM AST,491
19-Sep-18 1:30:01 PM AST,479
19-Sep-18 1:45:00 PM AST,468
19-Sep-18 2:00:00 PM AST,450
19-Sep-18 2:15:01 PM AST,434
19-Sep-18 2:30:00 PM AST,407
19-Sep-18 2:45:00 PM AST,385
19-Sep-18 3:00:00 PM AST,352
19-Sep-18 3:15:00 PM AST,335
19-Sep-18 3:30:00 PM AST,303
19-Sep-18 3:45:00 PM AST,275
19-Sep-18 4:00:01 PM AST,237
19-Sep-18 4:15:00 PM AST,197
19-Sep-18 4:30:01 PM AST,163
19-Sep-18 4:45:00 PM AST,124
19-Sep-18 5:00:00 PM AST,95
19-Sep-18 5:15:00 PM AST,84
19-Sep-18 5:30:00 PM AST,49
19-Sep-18 5:45:00 PM AST,16
19-Sep-18 6:00:00 PM AST,0
19-Sep-18 6:15:00 PM AST,0
19-Sep-18 6:30:00 PM AST,1
19-Sep-18 6:45:00 PM AST,0
19-Sep-18 7:00:00 PM AST,0
19-Sep-18 7:15:00 PM AST,0
19-Sep-18 7:30:01 PM AST,0
19-Sep-18 7:45:00 PM AST,0
19-Sep-18 8:00:00 PM AST,0
19-Sep-18 8:15:00 PM AST,0
19-Sep-18 8:30:00 PM AST,0
19-Sep-18 8:45:00 PM AST,0
19-Sep-18 9:00:00 PM AST,0
19-Sep-18 9:15:00 PM AST,0
19-Sep-18 9:30:00 PM AST,0
19-Sep-18 9:45:00 PM AST,0
19-Sep-18 10:00:00 PM AST,0
19-Sep-18 10:15:00 PM AST,0
19-Sep-18 10:30:00 PM AST,0
19-Sep-18 10:45:00 PM AST,0
19-Sep-18 11:00:00 PM AST,0
19-Sep-18 11:15:00 PM AST,0
19-Sep-18 11:30:01 PM AST,0
19-Sep-18 11:45:00 PM AST,0
20-Sep-18 12:00:00 AM AST,0
20-Sep-18 12:15:00 AM AST,0
20-Sep-18 12:30:00 AM AST,0
20-Sep-18 12:45:00 AM AST,0
20-Sep-18 1:00:00 AM AST,0
20-Sep-18 1:15:01 AM AST,0
20-Sep-18 1:30:00 AM AST,0
20-Sep-18 1:45:01 AM AST,0
20-Sep-18 2:00:01 AM AST,0
20-Sep-18 2:15:00 AM AST,0
20-Sep-18 2:30:00 AM AST,0
20-Sep-18 2:45:00 AM AST,0
20-Sep-18 3:00:00 AM AST,0
20-Sep-18 3:15:00 AM AST,0
20-Sep-18 3:30:01 AM AST,0
20-Sep-18 3:45:00 AM AST,0
20-Sep-18 4:00:01 AM AST,0
20-Sep-18 4:15:00 AM AST,0
20-Sep-18 4:30:00 AM AST,0
20-Sep-18 4:45:00 AM AST,0
20-Sep-18 5:00:00 AM AST,0
20-Sep-18 5:15:00 AM AST,0
20-Sep-18 5:30:00 AM AST,0
20-Sep-18 5:45:00 AM AST,0
20-Sep-18 6:00:00 AM AST,0
20-Sep-18 6:15:00 AM AST,0
20-Sep-18 6:30:00 AM AST,0
20-Sep-18 6:45:00 AM AST,17
20-Sep-18 7:00:00 AM AST,46
20-Sep-18 7:15:00 AM AST,74
20-Sep-18 7:30:00 AM AST,102
20-Sep-18 7:45:00 AM AST,132
20-Sep-18 8:00:00 AM AST,160
20-Sep-18 8:15:00 AM AST,188
20-Sep-18 8:30:00 AM AST,209
20-Sep-18 8:45:00 AM AST,238
20-Sep-18 9:00:00 AM AST,264
20-Sep-18 9:15:00 AM AST,293
20-Sep-18 9:30:00 AM AST,330
20-Sep-18 9:45:00 AM AST,351
20-Sep-18 10:00:00 AM AST,381
20-Sep-18 10:15:01 AM AST,402
20-Sep-18 10:30:00 AM AST,428
20-Sep-18 10:45:01 AM AST,456
20-Sep-18 11:00:01 AM AST,470
20-Sep-18 11:15:00 AM AST,497
20-Sep-18 11:30:00 AM AST,506
20-Sep-18 11:45:00 AM AST,517
20-Sep-18 12:00:00 PM AST,526
20-Sep-18 12:15:00 PM AST,528
20-Sep-18 12:30:02 PM AST,530
20-Sep-18 12:45:00 PM AST,527
20-Sep-18 1:00:01 PM AST,519
20-Sep-18 1:15:01 PM AST,512
20-Sep-18 1:30:01 PM AST,507
20-Sep-18 1:45:01 PM AST,493
20-Sep-18 2:00:02 PM AST,482
20-Sep-18 2:15:01 PM AST,459
20-Sep-18 2:30:01 PM AST,437
20-Sep-18 2:45:01 PM AST,406
20-Sep-18 3:00:01 PM AST,377
20-Sep-18 3:15:01 PM AST,345
20-Sep-18 3:30:00 PM AST,303
20-Sep-18 3:45:00 PM AST,271
20-Sep-18 4:00:01 PM AST,243
20-Sep-18 4:15:00 PM AST,169
20-Sep-18 4:30:00 PM AST,139
20-Sep-18 4:45:00 PM AST,102
20-Sep-18 5:00:00 PM AST,104
20-Sep-18 5:15:00 PM AST,63
20-Sep-18 5:30:00 PM AST,41
20-Sep-18 5:45:01 PM AST,16
20-Sep-18 6:00:00 PM AST,1
20-Sep-18 6:15:00 PM AST,1
20-Sep-18 6:30:00 PM AST,0
20-Sep-18 6:45:01 PM AST,0
20-Sep-18 7:00:00 PM AST,0
20-Sep-18 7:15:00 PM AST,0
20-Sep-18 7:30:00 PM AST,0
20-Sep-18 7:45:00 PM AST,0
20-Sep-18 8:00:00 PM AST,0
20-Sep-18 8:15:00 PM AST,0
20-Sep-18 8:30:00 PM AST,0
20-Sep-18 8:45:00 PM AST,0
20-Sep-18 9:00:00 PM AST,0
20-Sep-18 9:15:01 PM AST,0
20-Sep-18 9:30:01 PM AST,0
20-Sep-18 9:45:00 PM AST,0
20-Sep-18 10:00:00 PM AST,0
20-Sep-18 10:15:00 PM AST,0
20-Sep-18 10:30:00 PM AST,0
20-Sep-18 10:45:01 PM AST,0
20-Sep-18 11:00:01 PM AST,0
20-Sep-18 11:15:01 PM AST,0
20-Sep-18 11:30:00 PM AST,0
20-Sep-18 11:45:01 PM AST,0
21-Sep-18 12:00:00 AM AST,0
21-Sep-18 12:15:00 AM AST,0
21-Sep-18 12:30:00 AM AST,0
21-Sep-18 12:45:01 AM AST,0
21-Sep-18 1:00:00 AM AST,0
21-Sep-18 1:15:00 AM AST,0
21-Sep-18 1:30:00 AM AST,0
21-Sep-18 1:45:00 AM AST,0
21-Sep-18 2:00:01 AM AST,0
21-Sep-18 2:15:01 AM AST,0
21-Sep-18 2:30:00 AM AST,0
21-Sep-18 2:45:00 AM AST,0
21-Sep-18 3:00:00 AM AST,0
21-Sep-18 3:15:00 AM AST,0
21-Sep-18 3:30:00 AM AST,0
21-Sep-18 3:45:00 AM AST,0
21-Sep-18 4:00:01 AM AST,0
21-Sep-18 4:15:00 AM AST,0
21-Sep-18 4:30:00 AM AST,0
21-Sep-18 4:45:01 AM AST,0
21-Sep-18 5:00:00 AM AST,0
21-Sep-18 5:15:02 AM AST,0
21-Sep-18 5:30:00 AM AST,0
21-Sep-18 5:45:00 AM AST,0
21-Sep-18 6:00:01 AM AST,0
21-Sep-18 6:15:00 AM AST,4
21-Sep-18 6:30:00 AM AST,7
21-Sep-18 6:45:00 AM AST,24
21-Sep-18 7:00:00 AM AST,51
21-Sep-18 7:15:00 AM AST,71
21-Sep-18 7:30:00 AM AST,92
21-Sep-18 7:45:00 AM AST,117
21-Sep-18 8:00:00 AM AST,149
21-Sep-18 8:15:00 AM AST,182
21-Sep-18 8:30:00 AM AST,213
21-Sep-18 8:45:00 AM AST,242
21-Sep-18 9:00:00 AM AST,268
21-Sep-18 9:15:00 AM AST,306
21-Sep-18 9:30:00 AM AST,340
21-Sep-18 9:45:00 AM AST,356
21-Sep-18 10:00:00 AM AST,380
21-Sep-18 10:15:00 AM AST,402
21-Sep-18 10:30:00 AM AST,424
21-Sep-18 10:45:00 AM AST,447
21-Sep-18 11:00:01 AM AST,469
21-Sep-18 11:15:00 AM AST,487
21-Sep-18 11:30:00 AM AST,507
21-Sep-18 11:45:00 AM AST,517
21-Sep-18 12:00:00 PM AST,527
21-Sep-18 12:15:00 PM AST,531
21-Sep-18 12:30:00 PM AST,535
21-Sep-18 12:45:00 PM AST,536
21-Sep-18 1:00:00 PM AST,532
21-Sep-18 1:15:00 PM AST,527
21-Sep-18 1:30:00 PM AST,512
21-Sep-18 1:45:00 PM AST,502
21-Sep-18 2:00:01 PM AST,482
21-Sep-18 2:15:00 PM AST,470
21-Sep-18 2:30:00 PM AST,439
21-Sep-18 2:45:00 PM AST,417
21-Sep-18 3:00:00 PM AST,387
21-Sep-18 3:15:00 PM AST,364
21-Sep-18 3:30:00 PM AST,328
21-Sep-18 3:45:00 PM AST,298
21-Sep-18 4:00:00 PM AST,259
21-Sep-18 4:15:00 PM AST,221
21-Sep-18 4:30:00 PM AST,184
21-Sep-18 4:45:00 PM AST,149
21-Sep-18 5:00:00 PM AST,109
21-Sep-18 5:15:00 PM AST,77
21-Sep-18 5:30:00 PM AST,55
21-Sep-18 5:45:01 PM AST,26
21-Sep-18 6:00:00 PM AST,9
21-Sep-18 6:15:00 PM AST,0
21-Sep-18 6:30:00 PM AST,0
21-Sep-18 6:45:00 PM AST,0
21-Sep-18 7:00:00 PM AST,0
21-Sep-18 7:15:01 PM AST,0
21-Sep-18 7:30:00 PM AST,0
21-Sep-18 7:45:00 PM AST,0
21-Sep-18 8:00:00 PM AST,0
21-Sep-18 8:15:00 PM AST,0
21-Sep-18 8:30:00 PM AST,0
21-Sep-18 8:45:00 PM AST,0
21-Sep-18 9:00:00 PM AST,0
21-Sep-18 9:15:00 PM AST,0
21-Sep-18 9:30:00 PM AST,0
21-Sep-18 9:45:00 PM AST,0
21-Sep-18 10:00:00 PM AST,0
21-Sep-18 10:15:01 PM AST,0
21-Sep-18 10:30:01 PM AST,0
21-Sep-18 10:45:00 PM AST,0
21-Sep-18 11:00:00 PM AST,0
21-Sep-18 11:15:00 PM AST,0
21-Sep-18 11:30:00 PM AST,0
21-Sep-18 11:45:00 PM AST,0
22-Sep-18 12:00:00 AM AST,0
22-Sep-18 12:15:00 AM AST,0
22-Sep-18 12:30:00 AM AST,0
22-Sep-18 12:45:00 AM AST,0
22-Sep-18 1:00:00 AM AST,0
22-Sep-18 1:15:00 AM AST,0
22-Sep-18 1:30:00 AM AST,0
22-Sep-18 1:45:00 AM AST,0
22-Sep-18 2:00:00 AM AST,0
22-Sep-18 2:15:00 AM AST,0
22-Sep-18 2:30:00 AM AST,0
22-Sep-18 2:45:00 AM AST,0
22-Sep-18 3:00:01 AM AST,0
22-Sep-18 3:15:00 AM AST,0
22-Sep-18 3:30:00 AM AST,0
22-Sep-18 3:45:00 AM AST,0
22-Sep-18 4:00:00 AM AST,0
22-Sep-18 4:15:01 AM AST,0
22-Sep-18 4:30:00 AM AST,0
22-Sep-18 4:45:00 AM AST,0
22-Sep-18 5:00:00 AM AST,0
22-Sep-18 5:15:00 AM AST,0
22-Sep-18 5:30:00 AM AST,0
22-Sep-18 5:45:00 AM AST,0
22-Sep-18 6:00:00 AM AST,0
22-Sep-18 6:15:01 AM AST,1
22-Sep-18 6:30:00 AM AST,0
22-Sep-18 6:45:01 AM AST,17
22-Sep-18 7:00:01 AM AST,44
22-Sep-18 7:15:00 AM AST,76
22-Sep-18 7:30:00 AM AST,115
22-Sep-18 7:45:00 AM AST,133
22-Sep-18 8:00:00 AM AST,167
22-Sep-18 8:15:00 AM AST,194
22-Sep-18 8:30:01 AM AST,193
22-Sep-18 8:45:01 AM AST,179
22-Sep-18 9:00:01 AM AST,281
22-Sep-18 9:15:00 AM AST,297
22-Sep-18 9:30:00 AM AST,332
22-Sep-18 9:45:00 AM AST,362
22-Sep-18 10:00:00 AM AST,382
22-Sep-18 10:15:00 AM AST,406
22-Sep-18 10:30:01 AM AST,424
22-Sep-18 10:45:00 AM AST,452
22-Sep-18 11:00:00 AM AST,469
22-Sep-18 11:15:00 AM AST,476
22-Sep-18 11:30:00 AM AST,498
22-Sep-18 11:45:00 AM AST,510
22-Sep-18 12:00:00 PM AST,517
22-Sep-18 12:15:01 PM AST,519
22-Sep-18 12:30:00 PM AST,526
22-Sep-18 12:45:00 PM AST,529
22-Sep-18 1:00:01 PM AST,522
22-Sep-18 1:15:01 PM AST,514
22-Sep-18 1:30:00 PM AST,508
22-Sep-18 1:45:01 PM AST,489
22-Sep-18 2:00:00 PM AST,481
22-Sep-18 2:15:00 PM AST,463
22-Sep-18 2:30:00 PM AST,422
22-Sep-18 2:45:00 PM AST,408
22-Sep-18 3:00:00 PM AST,382
22-Sep-18 3:15:00 PM AST,354
22-Sep-18 3:30:00 PM AST,315
22-Sep-18 3:45:00 PM AST,281
22-Sep-18 4:00:00 PM AST,242
22-Sep-18 4:15:00 PM AST,212
22-Sep-18 4:30:00 PM AST,170
22-Sep-18 4:45:01 PM AST,101
22-Sep-18 5:00:00 PM AST,117
22-Sep-18 5:15:01 PM AST,66
22-Sep-18 5:30:00 PM AST,57
22-Sep-18 5:45:00 PM AST,32
22-Sep-18 6:00:00 PM AST,9
22-Sep-18 6:15:00 PM AST,0
22-Sep-18 6:30:01 PM AST,1
22-Sep-18 6:45:00 PM AST,0
22-Sep-18 7:00:01 PM AST,0
22-Sep-18 7:15:00 PM AST,0
22-Sep-18 7:30:00 PM AST,0
22-Sep-18 7:45:00 PM AST,0
22-Sep-18 8:00:00 PM AST,0
22-Sep-18 8:15:02 PM AST,0
22-Sep-18 8:30:00 PM AST,0
22-Sep-18 8:45:00 PM AST,0
22-Sep-18 9:00:01 PM AST,0
22-Sep-18 9:15:00 PM AST,0
22-Sep-18 9:30:00 PM AST,0
22-Sep-18 9:45:00 PM AST,0
22-Sep-18 10:00:00 PM AST,0
22-Sep-18 10:15:00 PM AST,0
22-Sep-18 10:30:00 PM AST,0
22-Sep-18 10:45:00 PM AST,0
22-Sep-18 11:00:01 PM AST,0
22-Sep-18 11:15:01 PM AST,0
22-Sep-18 11:30:00 PM AST,0
22-Sep-18 11:45:00 PM AST,0
23-Sep-18 12:00:01 AM AST,0
23-Sep-18 12:15:00 AM AST,0
23-Sep-18 12:30:00 AM AST,0
23-Sep-18 12:45:00 AM AST,0
23-Sep-18 1:00:01 AM AST,0
23-Sep-18 1:15:00 AM AST,0
23-Sep-18 1:30:00 AM AST,0
23-Sep-18 1:45:00 AM AST,0
23-Sep-18 2:00:00 AM AST,0
23-Sep-18 2:15:00 AM AST,0
23-Sep-18 2:30:01 AM AST,0
23-Sep-18 2:45:00 AM AST,0
23-Sep-18 3:00:00 AM AST,0
23-Sep-18 3:15:01 AM AST,0
23-Sep-18 3:30:00 AM AST,0
23-Sep-18 3:45:00 AM AST,0
23-Sep-18 4:00:00 AM AST,0
23-Sep-18 4:15:00 AM AST,0
23-Sep-18 4:30:00 AM AST,0
23-Sep-18 4:45:00 AM AST,0
23-Sep-18 5:00:00 AM AST,0
23-Sep-18 5:15:00 AM AST,0
23-Sep-18 5:30:00 AM AST,0
23-Sep-18 5:45:00 AM AST,0
23-Sep-18 6:00:00 AM AST,0
23-Sep-18 6:15:00 AM AST,3
23-Sep-18 6:30:00 AM AST,6
23-Sep-18 6:45:00 AM AST,23
23-Sep-18 7:00:00 AM AST,56
23-Sep-18 7:15:00 AM AST,76
23-Sep-18 7:30:01 AM AST,113
23-Sep-18 7:45:00 AM AST,120
23-Sep-18 8:00:00 AM AST,125
23-Sep-18 8:15:00 AM AST,161
23-Sep-18 8:30:00 AM AST,229
23-Sep-18 8:45:00 AM AST,238
23-Sep-18 9:00:00 AM AST,202
23-Sep-18 9:15:01 AM AST,285
23-Sep-18 9:30:00 AM AST,249
23-Sep-18 9:45:01 AM AST,350
23-Sep-18 10:00:00 AM AST,354
23-Sep-18 10:15:00 AM AST,396
23-Sep-18 10:30:00 AM AST,414
23-Sep-18 10:45:00 AM AST,442
23-Sep-18 11:00:00 AM AST,469
23-Sep-18 11:15:00 AM AST,477
23-Sep-18 11:30:00 AM AST,494
23-Sep-18 11:45:00 AM AST,508
23-Sep-18 12:00:01 PM AST,506
23-Sep-18 12:15:01 PM AST,515
23-Sep-18 12:30:02 PM AST,516
23-Sep-18 12:45:01 PM AST,517
23-Sep-18 1:00:01 PM AST,508
23-Sep-18 1:15:01 PM AST,504
23-Sep-18 1:30:01 PM AST,492
23-Sep-18 1:45:02 PM AST,473
23-Sep-18 2:00:01 PM AST,455
23-Sep-18 2:15:02 PM AST,437
23-Sep-18 2:30:00 PM AST,409
23-Sep-18 2:45:01 PM AST,390
23-Sep-18 3:00:00 PM AST,362
23-Sep-18 3:15:00 PM AST,330
23-Sep-18 3:30:00 PM AST,311
23-Sep-18 3:45:01 PM AST,278
23-Sep-18 4:00:01 PM AST,229
23-Sep-18 4:15:00 PM AST,201
23-Sep-18 4:30:00 PM AST,167
23-Sep-18 4:45:00 PM AST,128
23-Sep-18 5:00:01 PM AST,96
23-Sep-18 5:15:00 PM AST,66
23-Sep-18 5:30:00 PM AST,44
23-Sep-18 5:45:00 PM AST,25
23-Sep-18 6:00:00 PM AST,8
23-Sep-18 6:15:00 PM AST,1
23-Sep-18 6:30:00 PM AST,0
23-Sep-18 6:45:00 PM AST,0
23-Sep-18 7:00:01 PM AST,0
23-Sep-18 7:15:00 PM AST,0
23-Sep-18 7:30:00 PM AST,0
23-Sep-18 7:45:00 PM AST,0
23-Sep-18 8:00:00 PM AST,0
23-Sep-18 8:15:01 PM AST,0
23-Sep-18 8:30:00 PM AST,0
23-Sep-18 8:45:00 PM AST,0
23-Sep-18 9:00:00 PM AST,0
23-Sep-18 9:15:00 PM AST,0
23-Sep-18 9:30:00 PM AST,0
23-Sep-18 9:45:00 PM AST,0
23-Sep-18 10:00:00 PM AST,0
23-Sep-18 10:15:01 PM AST,0
23-Sep-18 10:30:00 PM AST,0
23-Sep-18 10:45:00 PM AST,0
23-Sep-18 11:00:00 PM AST,0
23-Sep-18 11:15:00 PM AST,0
23-Sep-18 11:30:00 PM AST,0
23-Sep-18 11:45:00 PM AST,0
24-Sep-18 12:00:00 AM AST,0
24-Sep-18 12:15:00 AM AST,0
24-Sep-18 12:30:00 AM AST,0
24-Sep-18 12:45:01 AM AST,0
24-Sep-18 1:00:01 AM AST,0
24-Sep-18 1:15:01 AM AST,0
24-Sep-18 1:30:01 AM AST,0
24-Sep-18 1:45:01 AM AST,0
24-Sep-18 2:00:00 AM AST,0
24-Sep-18 2:15:01 AM AST,0
24-Sep-18 2:30:01 AM AST,0
24-Sep-18 2:45:01 AM AST,0
24-Sep-18 3:00:01 AM AST,0
24-Sep-18 3:15:01 AM AST,0
24-Sep-18 3:30:01 AM AST,0
24-Sep-18 3:45:01 AM AST,0
24-Sep-18 4:00:03 AM AST,0
24-Sep-18 4:15:01 AM AST,0
24-Sep-18 4:30:01 AM AST,0
24-Sep-18 4:45:01 AM AST,0
24-Sep-18 5:00:01 AM AST,0
24-Sep-18 5:15:01 AM AST,0
24-Sep-18 5:30:00 AM AST,0
24-Sep-18 5:45:00 AM AST,0
24-Sep-18 6:00:00 AM AST,0
24-Sep-18 6:15:00 AM AST,1
24-Sep-18 6:30:00 AM AST,0
24-Sep-18 6:45:01 AM AST,16
24-Sep-18 7:00:01 AM AST,41
24-Sep-18 7:15:00 AM AST,65
24-Sep-18 7:30:00 AM AST,94
24-Sep-18 7:45:01 AM AST,121
24-Sep-18 8:00:01 AM AST,153
24-Sep-18 8:15:00 AM AST,180
24-Sep-18 8:30:00 AM AST,206
24-Sep-18 8:45:00 AM AST,231
24-Sep-18 9:00:01 AM AST,259
24-Sep-18 9:15:01 AM AST,271
24-Sep-18 9:30:01 AM AST,308
24-Sep-18 9:45:00 AM AST,339
24-Sep-18 10:00:01 AM AST,368
24-Sep-18 10:15:01 AM AST,397
24-Sep-18 10:30:01 AM AST,412
24-Sep-18 10:45:01 AM AST,436
24-Sep-18 11:00:01 AM AST,447
24-Sep-18 11:15:01 AM AST,474
24-Sep-18 11:30:01 AM AST,485
24-Sep-18 11:45:01 AM AST,494
24-Sep-18 12:00:02 PM AST,493
24-Sep-18 12:15:01 PM AST,498
24-Sep-18 12:30:00 PM AST,495
24-Sep-18 12:45:01 PM AST,491
24-Sep-18 1:00:01 PM AST,496
24-Sep-18 1:15:02 PM AST,495
24-Sep-18 1:30:00 PM AST,476
24-Sep-18 1:45:00 PM AST,466
24-Sep-18 2:00:01 PM AST,451
24-Sep-18 2:15:01 PM AST,433
24-Sep-18 2:30:00 PM AST,403
24-Sep-18 2:45:01 PM AST,379
24-Sep-18 3:00:02 PM AST,342
24-Sep-18 3:15:01 PM AST,316
24-Sep-18 3:30:00 PM AST,281
24-Sep-18 3:45:01 PM AST,241
24-Sep-18 4:00:00 PM AST,204
24-Sep-18 4:15:00 PM AST,183
24-Sep-18 4:30:00 PM AST,150
24-Sep-18 4:45:00 PM AST,122
24-Sep-18 5:00:00 PM AST,84
24-Sep-18 5:15:00 PM AST,61
24-Sep-18 5:30:00 PM AST,37
24-Sep-18 5:45:00 PM AST,14
24-Sep-18 6:00:01 PM AST,0
24-Sep-18 6:15:02 PM AST,0
24-Sep-18 6:30:00 PM AST,0
24-Sep-18 6:45:01 PM AST,0
24-Sep-18 7:00:01 PM AST,0
24-Sep-18 7:15:01 PM AST,0
24-Sep-18 7:30:00 PM AST,0
24-Sep-18 7:45:00 PM AST,0
24-Sep-18 8:00:00 PM AST,0
24-Sep-18 8:15:01 PM AST,0
24-Sep-18 8:30:00 PM AST,0
24-Sep-18 8:45:00 PM AST,0
24-Sep-18 9:00:00 PM AST,0
24-Sep-18 9:15:01 PM AST,0
24-Sep-18 9:30:00 PM AST,0
24-Sep-18 9:45:00 PM AST,0
24-Sep-18 10:00:00 PM AST,0
24-Sep-18 10:15:01 PM AST,0
24-Sep-18 10:30:01 PM AST,0
24-Sep-18 10:45:00 PM AST,0
24-Sep-18 11:00:01 PM AST,0
24-Sep-18 11:15:01 PM AST,0
24-Sep-18 11:30:00 PM AST,0
24-Sep-18 11:45:00 PM AST,0
25-Sep-18 12:00:01 AM AST,0
25-Sep-18 12:15:01 AM AST,0
25-Sep-18 12:30:00 AM AST,0
25-Sep-18 12:45:01 AM AST,0
25-Sep-18 1:00:01 AM AST,0
25-Sep-18 1:15:00 AM AST,0
25-Sep-18 1:30:01 AM AST,0
25-Sep-18 1:45:00 AM AST,0
25-Sep-18 2:00:00 AM AST,0
25-Sep-18 2:15:01 AM AST,0
25-Sep-18 2:30:01 AM AST,0
25-Sep-18 2:45:01 AM AST,0
25-Sep-18 3:00:01 AM AST,0
25-Sep-18 3:15:01 AM AST,0
25-Sep-18 3:30:02 AM AST,0
25-Sep-18 3:45:01 AM AST,0
25-Sep-18 4:00:01 AM AST,0
25-Sep-18 4:15:00 AM AST,0
25-Sep-18 4:30:00 AM AST,0
25-Sep-18 4:45:00 AM AST,0
25-Sep-18 5:00:01 AM AST,0
25-Sep-18 5:15:01 AM AST,0
25-Sep-18 5:30:00 AM AST,0
25-Sep-18 5:45:01 AM AST,0
25-Sep-18 6:00:00 AM AST,0
25-Sep-18 6:15:00 AM AST,0
25-Sep-18 6:30:00 AM AST,1
25-Sep-18 6:45:01 AM AST,20
25-Sep-18 7:00:01 AM AST,49
25-Sep-18 7:15:00 AM AST,69
25-Sep-18 7:30:00 AM AST,94
25-Sep-18 7:45:00 AM AST,112
25-Sep-18 8:00:01 AM AST,138
25-Sep-18 8:15:01 AM AST,176
25-Sep-18 8:30:01 AM AST,244
25-Sep-18 8:45:01 AM AST,216
25-Sep-18 9:00:00 AM AST,286
25-Sep-18 9:15:00 AM AST,286
25-Sep-18 9:30:00 AM AST,346
25-Sep-18 9:45:00 AM AST,346
25-Sep-18 10:00:00 AM AST,376
25-Sep-18 10:15:00 AM AST,413
25-Sep-18 10:30:00 AM AST,402
25-Sep-18 10:45:01 AM AST,423
25-Sep-18 11:00:01 AM AST,449
25-Sep-18 11:15:00 AM AST,470
25-Sep-18 11:30:00 AM AST,481
25-Sep-18 11:45:00 AM AST,490
25-Sep-18 12:00:00 PM AST,497
25-Sep-18 12:15:00 PM AST,501
25-Sep-18 12:30:00 PM AST,500
25-Sep-18 12:45:00 PM AST,500
25-Sep-18 1:00:01 PM AST,495
25-Sep-18 1:15:00 PM AST,485
25-Sep-18 1:30:00 PM AST,476
25-Sep-18 1:45:00 PM AST,464
25-Sep-18 2:00:00 PM AST,450
25-Sep-18 2:15:01 PM AST,426
25-Sep-18 2:30:00 PM AST,400
25-Sep-18 2:45:00 PM AST,377
25-Sep-18 3:00:00 PM AST,345
25-Sep-18 3:15:01 PM AST,315
25-Sep-18 3:30:01 PM AST,291
25-Sep-18 3:45:01 PM AST,255
25-Sep-18 4:00:00 PM AST,216
25-Sep-18 4:15:01 PM AST,183
25-Sep-18 4:30:01 PM AST,145
25-Sep-18 4:45:02 PM AST,110
25-Sep-18 5:00:01 PM AST,85
25-Sep-18 5:15:01 PM AST,60
25-Sep-18 5:30:00 PM AST,47
25-Sep-18 5:45:01 PM AST,21
25-Sep-18 6:00:01 PM AST,4
25-Sep-18 6:15:01 PM AST,2
25-Sep-18 6:30:02 PM AST,0
25-Sep-18 6:45:00 PM AST,0
25-Sep-18 7:00:01 PM AST,0
25-Sep-18 7:15:01 PM AST,0
25-Sep-18 7:30:00 PM AST,0
25-Sep-18 7:45:01 PM AST,0
25-Sep-18 8:00:01 PM AST,0
25-Sep-18 8:15:00 PM AST,0
25-Sep-18 8:30:00 PM AST,0
25-Sep-18 8:45:00 PM AST,0
25-Sep-18 9:00:00 PM AST,0
25-Sep-18 9:15:00 PM AST,0
25-Sep-18 9:30:00 PM AST,0
25-Sep-18 9:45:00 PM AST,0
25-Sep-18 10:00:00 PM AST,0
25-Sep-18 10:15:00 PM AST,0
25-Sep-18 10:30:01 PM AST,0
25-Sep-18 10:45:01 PM AST,0
25-Sep-18 11:00:01 PM AST,0
25-Sep-18 11:15:01 PM AST,0
25-Sep-18 11:30:01 PM AST,0
25-Sep-18 11:45:01 PM AST,0
26-Sep-18 12:00:01 AM AST,0
26-Sep-18 12:15:01 AM AST,0
26-Sep-18 12:30:01 AM AST,0
26-Sep-18 12:45:01 AM AST,0
26-Sep-18 1:00:01 AM AST,0
26-Sep-18 1:15:01 AM AST,0
26-Sep-18 1:30:01 AM AST,0
26-Sep-18 1:45:01 AM AST,0
26-Sep-18 2:00:02 AM AST,0
26-Sep-18 2:15:00 AM AST,0
26-Sep-18 2:30:01 AM AST,0
26-Sep-18 2:45:01 AM AST,0
26-Sep-18 3:00:01 AM AST,0
26-Sep-18 3:15:01 AM AST,0
26-Sep-18 3:30:01 AM AST,0
26-Sep-18 3:45:01 AM AST,0
26-Sep-18 4:00:02 AM AST,0
26-Sep-18 4:15:01 AM AST,0
26-Sep-18 4:30:01 AM AST,0
26-Sep-18 4:45:01 AM AST,0
26-Sep-18 5:00:01 AM AST,0
26-Sep-18 5:15:01 AM AST,0
26-Sep-18 5:30:01 AM AST,0
26-Sep-18 5:45:01 AM AST,0
26-Sep-18 6:00:01 AM AST,0
26-Sep-18 6:15:01 AM AST,2
26-Sep-18 6:30:01 AM AST,0
26-Sep-18 6:45:01 AM AST,12
26-Sep-18 7:00:01 AM AST,29
26-Sep-18 7:15:01 AM AST,63
26-Sep-18 7:30:02 AM AST,99
26-Sep-18 7:45:01 AM AST,136
26-Sep-18 8:00:01 AM AST,141
26-Sep-18 8:15:01 AM AST,174
26-Sep-18 8:30:01 AM AST,136
26-Sep-18 8:45:01 AM AST,142
26-Sep-18 9:00:01 AM AST,173
26-Sep-18 9:15:02 AM AST,290
26-Sep-18 9:30:01 AM AST,315
26-Sep-18 9:45:01 AM AST,342
26-Sep-18 10:00:02 AM AST,373
26-Sep-18 10:15:01 AM AST,386
26-Sep-18 10:30:01 AM AST,409
26-Sep-18 10:45:01 AM AST,427
26-Sep-18 11:00:01 AM AST,445
26-Sep-18 11:15:01 AM AST,464
26-Sep-18 11:30:02 AM AST,468
26-Sep-18 11:45:01 AM AST,474
26-Sep-18 12:00:01 PM AST,491
26-Sep-18 12:15:01 PM AST,494
26-Sep-18 12:30:01 PM AST,495
26-Sep-18 12:45:01 PM AST,493
26-Sep-18 1:00:01 PM AST,491
26-Sep-18 1:15:01 PM AST,478
26-Sep-18 1:30:01 PM AST,461
26-Sep-18 1:45:01 PM AST,453
26-Sep-18 2:00:01 PM AST,436
26-Sep-18 2:15:01 PM AST,422
26-Sep-18 2:30:01 PM AST,397
26-Sep-18 2:45:01 PM AST,372
26-Sep-18 3:00:01 PM AST,345
26-Sep-18 3:15:01 PM AST,316
26-Sep-18 3:30:02 PM AST,282
26-Sep-18 3:45:01 PM AST,249
26-Sep-18 4:00:01 PM AST,210
26-Sep-18 4:15:01 PM AST,184
26-Sep-18 4:30:02 PM AST,145
26-Sep-18 4:45:01 PM AST,124
26-Sep-18 5:00:01 PM AST,94
26-Sep-18 5:15:01 PM AST,65
26-Sep-18 5:30:01 PM AST,40
26-Sep-18 5:45:01 PM AST,20
26-Sep-18 6:00:01 PM AST,3
26-Sep-18 6:15:01 PM AST,0
26-Sep-18 6:30:01 PM AST,0
26-Sep-18 6:45:01 PM AST,0
26-Sep-18 7:00:02 PM AST,0
26-Sep-18 7:15:02 PM AST,0
26-Sep-18 7:30:02 PM AST,0
26-Sep-18 7:45:02 PM AST,0
26-Sep-18 8:00:01 PM AST,0
26-Sep-18 8:15:01 PM AST,0
26-Sep-18 8:30:01 PM AST,0
26-Sep-18 8:45:01 PM AST,0
26-Sep-18 9:00:01 PM AST,0
26-Sep-18 9:15:01 PM AST,0
26-Sep-18 9:30:01 PM AST,0
26-Sep-18 9:45:01 PM AST,0
26-Sep-18 10:00:01 PM AST,0
26-Sep-18 10:15:01 PM AST,0
26-Sep-18 10:30:01 PM AST,0
26-Sep-18 10:45:01 PM AST,0
26-Sep-18 11:00:02 PM AST,0
26-Sep-18 11:15:01 PM AST,0
26-Sep-18 11:30:01 PM AST,0
26-Sep-18 11:45:01 PM AST,0
27-Sep-18 12:00:01 AM AST,0
27-Sep-18 12:15:01 AM AST,0
27-Sep-18 12:30:01 AM AST,0
27-Sep-18 12:45:01 AM AST,0
27-Sep-18 1:00:01 AM AST,0
27-Sep-18 1:15:01 AM AST,0
27-Sep-18 1:30:01 AM AST,0
27-Sep-18 1:45:01 AM AST,0
27-Sep-18 2:00:01 AM AST,0
27-Sep-18 2:15:01 AM AST,0
27-Sep-18 2:30:01 AM AST,0
27-Sep-18 2:45:01 AM AST,0
27-Sep-18 3:00:02 AM AST,0
27-Sep-18 3:15:01 AM AST,0
27-Sep-18 3:30:01 AM AST,0
27-Sep-18 3:45:01 AM AST,0
27-Sep-18 4:00:01 AM AST,0
27-Sep-18 4:15:02 AM AST,0
27-Sep-18 4:30:02 AM AST,0
27-Sep-18 4:45:01 AM AST,0
27-Sep-18 5:00:01 AM AST,0
27-Sep-18 5:15:01 AM AST,0
27-Sep-18 5:30:02 AM AST,0
27-Sep-18 5:45:01 AM AST,0
27-Sep-18 6:00:01 AM AST,0
27-Sep-18 6:15:01 AM AST,0
27-Sep-18 6:30:01 AM AST,0
27-Sep-18 6:45:02 AM AST,11
27-Sep-18 7:00:02 AM AST,17
27-Sep-18 7:15:01 AM AST,30
27-Sep-18 7:30:01 AM AST,35
27-Sep-18 7:45:01 AM AST,53
27-Sep-18 8:00:01 AM AST,69
27-Sep-18 8:15:01 AM AST,98
27-Sep-18 8:30:01 AM AST,138
27-Sep-18 8:45:01 AM AST,133
27-Sep-18 9:00:01 AM AST,204
27-Sep-18 9:15:01 AM AST,255
27-Sep-18 9:30:01 AM AST,312
27-Sep-18 9:45:01 AM AST,329
27-Sep-18 10:00:01 AM AST,351
27-Sep-18 10:15:01 AM AST,367
27-Sep-18 10:30:01 AM AST,386
27-Sep-18 10:45:01 AM AST,409
27-Sep-18 11:00:02 AM AST,436
27-Sep-18 11:15:01 AM AST,450
27-Sep-18 11:30:01 AM AST,463
27-Sep-18 11:45:01 AM AST,471
27-Sep-18 12:00:01 PM AST,472
27-Sep-18 12:15:01 PM AST,488
27-Sep-18 12:30:01 PM AST,485
27-Sep-18 12:45:01 PM AST,485
27-Sep-18 1:00:01 PM AST,481
27-Sep-18 1:15:01 PM AST,464
27-Sep-18 1:30:02 PM AST,451
27-Sep-18 1:45:01 PM AST,447
27-Sep-18 2:00:01 PM AST,437
27-Sep-18 2:15:01 PM AST,418
27-Sep-18 2:30:02 PM AST,379
27-Sep-18 2:45:01 PM AST,310
27-Sep-18 3:00:01 PM AST,282
27-Sep-18 3:15:01 PM AST,289
27-Sep-18 3:30:02 PM AST,270
27-Sep-18 3:45:01 PM AST,241
27-Sep-18 4:00:01 PM AST,196
27-Sep-18 4:15:01 PM AST,168
27-Sep-18 4:30:01 PM AST,135
27-Sep-18 4:45:01 PM AST,101
27-Sep-18 5:00:01 PM AST,76
27-Sep-18 5:15:01 PM AST,65
27-Sep-18 5:30:01 PM AST,28
27-Sep-18 5:45:01 PM AST,6
27-Sep-18 6:00:01 PM AST,0
27-Sep-18 6:15:01 PM AST,0
27-Sep-18 6:30:01 PM AST,0
27-Sep-18 6:45:01 PM AST,0
27-Sep-18 7:00:01 PM AST,0
27-Sep-18 7:15:01 PM AST,0
27-Sep-18 7:30:01 PM AST,0
27-Sep-18 7:45:02 PM AST,0
27-Sep-18 8:00:01 PM AST,0
27-Sep-18 8:15:01 PM AST,0
27-Sep-18 8:30:01 PM AST,0
27-Sep-18 8:45:01 PM AST,0
27-Sep-18 9:00:01 PM AST,0
27-Sep-18 9:15:01 PM AST,0
27-Sep-18 9:30:01 PM AST,0
27-Sep-18 9:45:01 PM AST,0
27-Sep-18 10:00:01 PM AST,0
27-Sep-18 10:15:01 PM AST,0
27-Sep-18 10:30:01 PM AST,0
27-Sep-18 10:45:02 PM AST,0
27-Sep-18 11:00:02 PM AST,0
27-Sep-18 11:15:02 PM AST,0
27-Sep-18 11:30:01 PM AST,0
27-Sep-18 11:45:01 PM AST,0
28-Sep-18 12:00:01 AM AST,0
28-Sep-18 12:15:02 AM AST,0
28-Sep-18 12:30:02 AM AST,0
28-Sep-18 12:45:01 AM AST,0
28-Sep-18 1:00:03 AM AST,0
28-Sep-18 1:15:01 AM AST,0
28-Sep-18 1:30:01 AM AST,0
28-Sep-18 1:45:01 AM AST,0
28-Sep-18 2:00:01 AM AST,0
28-Sep-18 2:15:00 AM AST,0
28-Sep-18 2:30:01 AM AST,0
28-Sep-18 2:45:01 AM AST,0
28-Sep-18 3:00:01 AM AST,0
28-Sep-18 3:15:01 AM AST,0
28-Sep-18 3:30:01 AM AST,0
28-Sep-18 3:45:01 AM AST,0
28-Sep-18 4:00:01 AM AST,0
28-Sep-18 4:15:01 AM AST,0
28-Sep-18 4:30:01 AM AST,0
28-Sep-18 4:45:01 AM AST,0
28-Sep-18 5:00:01 AM AST,0
28-Sep-18 5:15:01 AM AST,0
28-Sep-18 5:30:01 AM AST,0
28-Sep-18 5:45:01 AM AST,0
28-Sep-18 6:00:01 AM AST,0
28-Sep-18 6:15:02 AM AST,0
28-Sep-18 6:30:01 AM AST,0
28-Sep-18 6:45:01 AM AST,15
28-Sep-18 7:00:01 AM AST,39
28-Sep-18 7:15:02 AM AST,63
28-Sep-18 7:30:01 AM AST,85
28-Sep-18 7:45:01 AM AST,111
28-Sep-18 8:00:01 AM AST,137
28-Sep-18 8:15:01 AM AST,162
28-Sep-18 8:30:01 AM AST,186
28-Sep-18 8:45:01 AM AST,209
28-Sep-18 9:00:01 AM AST,243
28-Sep-18 9:15:01 AM AST,259
28-Sep-18 9:30:02 AM AST,289
28-Sep-18 9:45:01 AM AST,318
28-Sep-18 10:00:01 AM AST,348
28-Sep-18 10:15:01 AM AST,370
28-Sep-18 10:30:01 AM AST,388
28-Sep-18 10:45:01 AM AST,417
28-Sep-18 11:00:01 AM AST,441
28-Sep-18 11:15:01 AM AST,455
28-Sep-18 11:30:01 AM AST,466
28-Sep-18 11:45:01 AM AST,468
28-Sep-18 12:00:01 PM AST,477
28-Sep-18 12:15:01 PM AST,476
28-Sep-18 12:30:01 PM AST,478
28-Sep-18 12:45:01 PM AST,477
28-Sep-18 1:00:02 PM AST,471
28-Sep-18 1:15:01 PM AST,460
28-Sep-18 1:30:01 PM AST,448
28-Sep-18 1:45:01 PM AST,436
28-Sep-18 2:00:01 PM AST,422
28-Sep-18 2:15:01 PM AST,402
28-Sep-18 2:30:01 PM AST,384
28-Sep-18 2:45:01 PM AST,285
28-Sep-18 3:00:01 PM AST,323
28-Sep-18 3:15:01 PM AST,291
28-Sep-18 3:30:01 PM AST,272
28-Sep-18 3:45:01 PM AST,244
28-Sep-18 4:00:01 PM AST,196
28-Sep-18 4:15:01 PM AST,168
28-Sep-18 4:30:01 PM AST,137
28-Sep-18 4:45:01 PM AST,109
28-Sep-18 5:00:01 PM AST,79
28-Sep-18 5:15:01 PM AST,53
28-Sep-18 5:30:01 PM AST,28
28-Sep-18 5:45:01 PM AST,10
28-Sep-18 6:00:01 PM AST,0
28-Sep-18 6:15:01 PM AST,0
28-Sep-18 6:30:01 PM AST,0
28-Sep-18 6:45:01 PM AST,0
28-Sep-18 7:00:01 PM AST,0
28-Sep-18 7:15:01 PM AST,0
28-Sep-18 7:30:01 PM AST,0
28-Sep-18 7:45:01 PM AST,0
28-Sep-18 8:00:01 PM AST,0
28-Sep-18 8:15:01 PM AST,0
28-Sep-18 8:30:02 PM AST,0
28-Sep-18 8:45:01 PM AST,0
28-Sep-18 9:00:01 PM AST,0
28-Sep-18 9:15:01 PM AST,0
28-Sep-18 9:30:01 PM AST,0
28-Sep-18 9:45:02 PM AST,0
28-Sep-18 10:00:01 PM AST,0
28-Sep-18 10:15:01 PM AST,0
28-Sep-18 10:30:01 PM AST,0
28-Sep-18 10:45:01 PM AST,0
28-Sep-18 11:00:01 PM AST,0
28-Sep-18 11:15:02 PM AST,0
28-Sep-18 11:30:01 PM AST,0
28-Sep-18 11:45:01 PM AST,0
29-Sep-18 12:00:01 AM AST,0
29-Sep-18 12:15:01 AM AST,0
29-Sep-18 12:30:01 AM AST,0
29-Sep-18 12:45:01 AM AST,0
29-Sep-18 1:00:01 AM AST,0
29-Sep-18 1:15:01 AM AST,0
29-Sep-18 1:30:01 AM AST,0
29-Sep-18 1:45:01 AM AST,0
29-Sep-18 2:00:01 AM AST,0
29-Sep-18 2:15:01 AM AST,0
29-Sep-18 2:30:01 AM AST,0
29-Sep-18 2:45:01 AM AST,0
29-Sep-18 3:00:01 AM AST,0
29-Sep-18 3:15:01 AM AST,0
29-Sep-18 3:30:01 AM AST,0
29-Sep-18 3:45:01 AM AST,0
29-Sep-18 4:00:01 AM AST,0
29-Sep-18 4:15:01 AM AST,0
29-Sep-18 4:30:01 AM AST,0
29-Sep-18 4:45:01 AM AST,0
29-Sep-18 5:00:01 AM AST,0
29-Sep-18 5:15:01 AM AST,0
29-Sep-18 5:30:01 AM AST,0
29-Sep-18 5:45:01 AM AST,0
29-Sep-18 6:00:01 AM AST,0
29-Sep-18 6:15:03 AM AST,0
29-Sep-18 6:30:01 AM AST,0
29-Sep-18 6:45:01 AM AST,18
29-Sep-18 7:00:01 AM AST,45
29-Sep-18 7:15:02 AM AST,74
29-Sep-18 7:30:01 AM AST,90
29-Sep-18 7:45:01 AM AST,116
29-Sep-18 8:00:01 AM AST,138
29-Sep-18 8:15:01 AM AST,169
29-Sep-18 8:30:01 AM AST,171
29-Sep-18 8:45:01 AM AST,241
29-Sep-18 9:00:01 AM AST,268
29-Sep-18 9:15:01 AM AST,297
29-Sep-18 9:30:01 AM AST,324
29-Sep-18 9:45:01 AM AST,356
29-Sep-18 10:00:01 AM AST,375
29-Sep-18 10:15:01 AM AST,396
29-Sep-18 10:30:01 AM AST,418
29-Sep-18 10:45:01 AM AST,445
29-Sep-18 11:00:01 AM AST,467
29-Sep-18 11:15:01 AM AST,479
29-Sep-18 11:30:01 AM AST,492
29-Sep-18 11:45:01 AM AST,500
29-Sep-18 12:00:01 PM AST,498
29-Sep-18 12:15:01 PM AST,505
29-Sep-18 12:30:01 PM AST,508
29-Sep-18 12:45:01 PM AST,507
29-Sep-18 1:00:01 PM AST,500
29-Sep-18 1:15:01 PM AST,464
29-Sep-18 1:30:01 PM AST,460
29-Sep-18 1:45:01 PM AST,450
29-Sep-18 2:00:01 PM AST,450
29-Sep-18 2:15:01 PM AST,426
29-Sep-18 2:30:01 PM AST,400
29-Sep-18 2:45:01 PM AST,374
29-Sep-18 3:00:01 PM AST,346
29-Sep-18 3:15:02 PM AST,324
29-Sep-18 3:30:01 PM AST,302
29-Sep-18 3:45:01 PM AST,266
29-Sep-18 4:00:01 PM AST,224
29-Sep-18 4:15:01 PM AST,175
29-Sep-18 4:30:01 PM AST,146
29-Sep-18 4:45:01 PM AST,104
29-Sep-18 5:00:01 PM AST,77
29-Sep-18 5:15:01 PM AST,57
29-Sep-18 5:30:01 PM AST,41
29-Sep-18 5:45:02 PM AST,11
29-Sep-18 6:00:01 PM AST,0
29-Sep-18 6:15:01 PM AST,0
29-Sep-18 6:30:01 PM AST,0
29-Sep-18 6:45:01 PM AST,0
29-Sep-18 7:00:01 PM AST,0
29-Sep-18 7:15:01 PM AST,0
29-Sep-18 7:30:01 PM AST,0
29-Sep-18 7:45:01 PM AST,0
29-Sep-18 8:00:01 PM AST,0
29-Sep-18 8:15:01 PM AST,0
29-Sep-18 8:30:01 PM AST,0
29-Sep-18 8:45:02 PM AST,0
29-Sep-18 9:00:01 PM AST,0
29-Sep-18 9:15:01 PM AST,0
29-Sep-18 9:30:01 PM AST,0
29-Sep-18 9:45:01 PM AST,0
29-Sep-18 10:00:01 PM AST,0
29-Sep-18 10:15:02 PM AST,0
29-Sep-18 10:30:01 PM AST,0
29-Sep-18 10:45:01 PM AST,0
29-Sep-18 11:00:01 PM AST,0
29-Sep-18 11:15:01 PM AST,0
29-Sep-18 11:30:01 PM AST,0
29-Sep-18 11:45:01 PM AST,0
30-Sep-18 12:00:01 AM AST,0
30-Sep-18 12:15:01 AM AST,0
30-Sep-18 12:30:01 AM AST,0
30-Sep-18 12:45:01 AM AST,0
30-Sep-18 1:00:01 AM AST,0
30-Sep-18 1:15:01 AM AST,0
30-Sep-18 1:30:01 AM AST,0
30-Sep-18 1:45:01 AM AST,0
30-Sep-18 2:00:01 AM AST,0
30-Sep-18 2:15:01 AM AST,0
30-Sep-18 2:30:01 AM AST,0
30-Sep-18 2:45:01 AM AST,0
30-Sep-18 3:00:01 AM AST,0
30-Sep-18 3:15:01 AM AST,0
30-Sep-18 3:30:01 AM AST,0
30-Sep-18 3:45:01 AM AST,0
30-Sep-18 4:00:01 AM AST,0
30-Sep-18 4:15:01 AM AST,0
30-Sep-18 4:30:02 AM AST,0
30-Sep-18 4:45:02 AM AST,0
30-Sep-18 5:00:01 AM AST,0
30-Sep-18 5:15:02 AM AST,0
30-Sep-18 5:30:01 AM AST,0
30-Sep-18 5:45:02 AM AST,0
30-Sep-18 6:00:01 AM AST,0
30-Sep-18 6:15:01 AM AST,2
30-Sep-18 6:30:02 AM AST,0
30-Sep-18 6:45:02 AM AST,14
30-Sep-18 7:00:01 AM AST,41
30-Sep-18 7:15:01 AM AST,67
30-Sep-18 7:30:01 AM AST,93
30-Sep-18 7:45:01 AM AST,125
30-Sep-18 8:00:01 AM AST,162
30-Sep-18 8:15:01 AM AST,199
30-Sep-18 8:30:01 AM AST,228
30-Sep-18 8:45:01 AM AST,264
30-Sep-18 9:00:01 AM AST,293
30-Sep-18 9:15:02 AM AST,319
30-Sep-18 9:30:01 AM AST,347
30-Sep-18 9:45:01 AM AST,373
30-Sep-18 10:00:01 AM AST,402
30-Sep-18 10:15:01 AM AST,427
30-Sep-18 10:30:01 AM AST,446
30-Sep-18 10:45:01 AM AST,475
30-Sep-18 11:00:01 AM AST,500
30-Sep-18 11:15:01 AM AST,506
30-Sep-18 11:30:01 AM AST,519
30-Sep-18 11:45:01 AM AST,530
30-Sep-18 12:00:01 PM AST,536
30-Sep-18 12:15:01 PM AST,536
30-Sep-18 12:30:01 PM AST,533
30-Sep-18 12:45:01 PM AST,531
30-Sep-18 1:00:01 PM AST,522
30-Sep-18 1:15:01 PM AST,509
30-Sep-18 1:30:01 PM AST,497
30-Sep-18 1:45:01 PM AST,480
30-Sep-18 2:00:01 PM AST,462
30-Sep-18 2:15:01 PM AST,445
30-Sep-18 2:30:01 PM AST,422
30-Sep-18 2:45:02 PM AST,396
30-Sep-18 3:00:01 PM AST,368
30-Sep-18 3:15:01 PM AST,337
30-Sep-18 3:30:01 PM AST,299
30-Sep-18 3:45:01 PM AST,258
30-Sep-18 4:00:01 PM AST,221
30-Sep-18 4:15:01 PM AST,197
30-Sep-18 4:30:01 PM AST,153
30-Sep-18 4:45:02 PM AST,123
30-Sep-18 5:00:01 PM AST,91
30-Sep-18 5:15:01 PM AST,63
30-Sep-18 5:30:01 PM AST,33
30-Sep-18 5:45:01 PM AST,11
30-Sep-18 6:00:01 PM AST,0
30-Sep-18 6:15:01 PM AST,0
30-Sep-18 6:30:02 PM AST,0
30-Sep-18 6:45:01 PM AST,0
30-Sep-18 7:00:01 PM AST,0
30-Sep-18 7:15:01 PM AST,0
30-Sep-18 7:30:01 PM AST,0
30-Sep-18 7:45:01 PM AST,0
30-Sep-18 8:00:01 PM AST,0
30-Sep-18 8:15:01 PM AST,0
30-Sep-18 8:30:01 PM AST,0
30-Sep-18 8:45:02 PM AST,0
30-Sep-18 9:00:01 PM AST,0
30-Sep-18 9:15:01 PM AST,0
30-Sep-18 9:30:01 PM AST,0
30-Sep-18 9:45:01 PM AST,0
30-Sep-18 10:00:01 PM AST,0
30-Sep-18 10:15:01 PM AST,0
30-Sep-18 10:30:01 PM AST,0
30-Sep-18 10:45:01 PM AST,0
30-Sep-18 11:00:01 PM AST,0
30-Sep-18 11:15:01 PM AST,0
30-Sep-18 11:30:02 PM AST,0
30-Sep-18 11:45:02 PM AST,0
01-Oct-18 12:00:01 AM AST,0
01-Oct-18 12:15:01 AM AST,0
01-Oct-18 12:30:01 AM AST,0
01-Oct-18 12:45:01 AM AST,0
01-Oct-18 1:00:02 AM AST,0
01-Oct-18 1:15:01 AM AST,0
01-Oct-18 1:30:01 AM AST,0
01-Oct-18 1:45:01 AM AST,0
01-Oct-18 2:00:01 AM AST,0
01-Oct-18 2:15:01 AM AST,0
01-Oct-18 2:30:01 AM AST,0
01-Oct-18 2:45:01 AM AST,0
01-Oct-18 3:00:01 AM AST,0
01-Oct-18 3:15:01 AM AST,0
01-Oct-18 3:30:01 AM AST,0
01-Oct-18 3:45:01 AM AST,0
01-Oct-18 4:00:01 AM AST,0
01-Oct-18 4:15:01 AM AST,0
01-Oct-18 4:30:01 AM AST,0
01-Oct-18 4:45:01 AM AST,0
01-Oct-18 5:00:01 AM AST,0
01-Oct-18 5:15:01 AM AST,0
01-Oct-18 5:30:01 AM AST,0
01-Oct-18 5:45:01 AM AST,0
01-Oct-18 6:00:01 AM AST,0
01-Oct-18 6:15:01 AM AST,0
01-Oct-18 6:30:01 AM AST,1
01-Oct-18 6:45:01 AM AST,20
01-Oct-18 7:00:01 AM AST,47
01-Oct-18 7:15:01 AM AST,69
01-Oct-18 7:30:01 AM AST,96
01-Oct-18 7:45:01 AM AST,123
01-Oct-18 8:00:01 AM AST,150
01-Oct-18 8:15:01 AM AST,186
01-Oct-18 8:30:01 AM AST,217
01-Oct-18 8:45:02 AM AST,249
01-Oct-18 9:00:01 AM AST,282
01-Oct-18 9:15:01 AM AST,310
01-Oct-18 9:30:01 AM AST,338
01-Oct-18 9:45:01 AM AST,361
01-Oct-18 10:00:01 AM AST,377
01-Oct-18 10:15:01 AM AST,397
01-Oct-18 10:30:02 AM AST,419
01-Oct-18 10:45:01 AM AST,447
01-Oct-18 11:00:01 AM AST,470
01-Oct-18 11:15:01 AM AST,482
01-Oct-18 11:30:01 AM AST,498
01-Oct-18 11:45:01 AM AST,514
01-Oct-18 12:00:01 PM AST,512
01-Oct-18 12:15:01 PM AST,513
01-Oct-18 12:30:01 PM AST,521
01-Oct-18 12:45:00 PM AST,517
01-Oct-18 1:00:00 PM AST,503
01-Oct-18 1:15:00 PM AST,504
01-Oct-18 1:30:00 PM AST,489
01-Oct-18 1:45:00 PM AST,482
01-Oct-18 2:00:01 PM AST,463
01-Oct-18 2:15:00 PM AST,436
01-Oct-18 2:30:00 PM AST,418
01-Oct-18 2:45:01 PM AST,390
01-Oct-18 3:00:00 PM AST,365
01-Oct-18 3:15:00 PM AST,342
01-Oct-18 3:30:02 PM AST,308
01-Oct-18 3:45:01 PM AST,275
01-Oct-18 4:00:01 PM AST,235
01-Oct-18 4:15:01 PM AST,194
01-Oct-18 4:30:01 PM AST,162
01-Oct-18 4:45:01 PM AST,122
01-Oct-18 5:00:01 PM AST,91
01-Oct-18 5:15:01 PM AST,57
01-Oct-18 5:30:01 PM AST,38
01-Oct-18 5:45:01 PM AST,13
01-Oct-18 6:00:01 PM AST,1
01-Oct-18 6:15:01 PM AST,0
01-Oct-18 6:30:01 PM AST,0
01-Oct-18 6:45:01 PM AST,0
01-Oct-18 7:00:01 PM AST,0
01-Oct-18 7:15:01 PM AST,0
01-Oct-18 7:30:01 PM AST,0
01-Oct-18 7:45:01 PM AST,0
01-Oct-18 8:00:01 PM AST,0
01-Oct-18 8:15:02 PM AST,0
01-Oct-18 8:30:01 PM AST,0
01-Oct-18 8:45:01 PM AST,0
01-Oct-18 9:00:02 PM AST,0
01-Oct-18 9:15:01 PM AST,0
01-Oct-18 9:30:01 PM AST,0
01-Oct-18 9:45:01 PM AST,0
01-Oct-18 10:00:01 PM AST,0
01-Oct-18 10:15:01 PM AST,0
01-Oct-18 10:30:01 PM AST,0
01-Oct-18 10:45:01 PM AST,0
01-Oct-18 11:00:01 PM AST,0
01-Oct-18 11:15:01 PM AST,0
01-Oct-18 11:30:01 PM AST,0
01-Oct-18 11:45:01 PM AST,0
02-Oct-18 12:00:01 AM AST,0
02-Oct-18 12:15:01 AM AST,0
02-Oct-18 12:30:01 AM AST,0
02-Oct-18 12:45:01 AM AST,0
02-Oct-18 1:00:01 AM AST,0
02-Oct-18 1:15:01 AM AST,0
02-Oct-18 1:30:01 AM AST,0
02-Oct-18 1:45:01 AM AST,0
02-Oct-18 2:00:01 AM AST,0
02-Oct-18 2:15:01 AM AST,0
02-Oct-18 2:30:01 AM AST,0
02-Oct-18 2:45:01 AM AST,0
02-Oct-18 3:00:02 AM AST,0
02-Oct-18 3:15:01 AM AST,0
02-Oct-18 3:30:01 AM AST,0
02-Oct-18 3:45:02 AM AST,0
02-Oct-18 4:00:02 AM AST,0
02-Oct-18 4:15:02 AM AST,0
02-Oct-18 4:30:01 AM AST,0
02-Oct-18 4:45:01 AM AST,0
02-Oct-18 5:00:01 AM AST,0
02-Oct-18 5:15:01 AM AST,0
02-Oct-18 5:30:01 AM AST,0
02-Oct-18 5:45:02 AM AST,0
02-Oct-18 6:00:01 AM AST,0
02-Oct-18 6:15:01 AM AST,1
02-Oct-18 6:30:01 AM AST,0
02-Oct-18 6:45:01 AM AST,15
02-Oct-18 7:00:01 AM AST,41
02-Oct-18 7:15:01 AM AST,69
02-Oct-18 7:30:01 AM AST,96
02-Oct-18 7:45:01 AM AST,128
02-Oct-18 8:00:01 AM AST,169
02-Oct-18 8:15:01 AM AST,209
02-Oct-18 8:30:01 AM AST,250
02-Oct-18 8:45:01 AM AST,272
02-Oct-18 9:00:01 AM AST,297
02-Oct-18 9:15:01 AM AST,317
02-Oct-18 9:30:01 AM AST,347
02-Oct-18 9:45:01 AM AST,374
02-Oct-18 10:00:01 AM AST,399
02-Oct-18 10:15:01 AM AST,419
02-Oct-18 10:30:01 AM AST,443
02-Oct-18 10:45:02 AM AST,465
02-Oct-18 11:00:01 AM AST,484
02-Oct-18 11:15:01 AM AST,498
02-Oct-18 11:30:01 AM AST,514
02-Oct-18 11:45:01 AM AST,521
02-Oct-18 12:00:01 PM AST,528
02-Oct-18 12:15:01 PM AST,539
02-Oct-18 12:30:01 PM AST,529
02-Oct-18 12:45:01 PM AST,522
02-Oct-18 1:00:01 PM AST,517
02-Oct-18 1:15:01 PM AST,513
02-Oct-18 1:30:01 PM AST,493
02-Oct-18 1:45:01 PM AST,484
02-Oct-18 2:00:01 PM AST,475
02-Oct-18 2:15:01 PM AST,457
02-Oct-18 2:30:01 PM AST,429
02-Oct-18 2:45:01 PM AST,400
02-Oct-18 3:00:01 PM AST,370
02-Oct-18 3:15:01 PM AST,337
02-Oct-18 3:30:01 PM AST,306
02-Oct-18 3:45:01 PM AST,271
02-Oct-18 4:00:01 PM AST,230
02-Oct-18 4:15:01 PM AST,199
02-Oct-18 4:30:01 PM AST,160
02-Oct-18 4:45:01 PM AST,133
02-Oct-18 5:00:01 PM AST,100
02-Oct-18 5:15:01 PM AST,63
02-Oct-18 5:30:01 PM AST,37
02-Oct-18 5:45:01 PM AST,11
02-Oct-18 6:00:01 PM AST,0
02-Oct-18 6:15:01 PM AST,0
02-Oct-18 6:30:01 PM AST,0
02-Oct-18 6:45:01 PM AST,0
02-Oct-18 7:00:01 PM AST,0
02-Oct-18 7:15:01 PM AST,0
02-Oct-18 7:30:01 PM AST,0
02-Oct-18 7:45:01 PM AST,0
02-Oct-18 8:00:00 PM AST,0
02-Oct-18 8:15:00 PM AST,0
02-Oct-18 8:30:01 PM AST,0
02-Oct-18 8:45:01 PM AST,0
02-Oct-18 9:00:01 PM AST,0
02-Oct-18 9:15:02 PM AST,0
02-Oct-18 9:30:01 PM AST,0
02-Oct-18 9:45:01 PM AST,0
02-Oct-18 10:00:02 PM AST,0
02-Oct-18 10:15:01 PM AST,0
02-Oct-18 10:30:01 PM AST,0
02-Oct-18 10:45:01 PM AST,0
02-Oct-18 11:00:01 PM AST,0
02-Oct-18 11:15:01 PM AST,0
02-Oct-18 11:30:01 PM AST,0
02-Oct-18 11:45:01 PM AST,0
03-Oct-18 12:00:01 AM AST,0
03-Oct-18 12:15:02 AM AST,0
03-Oct-18 12:30:01 AM AST,0
03-Oct-18 12:45:01 AM AST,0
03-Oct-18 1:00:01 AM AST,0
03-Oct-18 1:15:01 AM AST,0
03-Oct-18 1:30:01 AM AST,0
03-Oct-18 1:45:01 AM AST,0
03-Oct-18 2:00:01 AM AST,0
03-Oct-18 2:15:02 AM AST,0
03-Oct-18 2:30:01 AM AST,0
03-Oct-18 2:45:01 AM AST,0
03-Oct-18 3:00:01 AM AST,0
03-Oct-18 3:15:02 AM AST,0
03-Oct-18 3:30:01 AM AST,0
03-Oct-18 3:45:01 AM AST,0
03-Oct-18 4:00:02 AM AST,0
03-Oct-18 4:15:01 AM AST,0
03-Oct-18 4:30:02 AM AST,0
03-Oct-18 4:45:01 AM AST,0
03-Oct-18 5:00:01 AM AST,0
03-Oct-18 5:15:01 AM AST,0
03-Oct-18 5:30:01 AM AST,0
03-Oct-18 5:45:01 AM AST,0
03-Oct-18 6:00:01 AM AST,0
03-Oct-18 6:15:01 AM AST,0
03-Oct-18 6:30:01 AM AST,1
03-Oct-18 6:45:01 AM AST,18
03-Oct-18 7:00:01 AM AST,44
03-Oct-18 7:15:01 AM AST,71
03-Oct-18 7:30:01 AM AST,93
03-Oct-18 7:45:01 AM AST,126
03-Oct-18 8:00:01 AM AST,151
03-Oct-18 8:15:01 AM AST,194
03-Oct-18 8:30:01 AM AST,230
03-Oct-18 8:45:01 AM AST,269
03-Oct-18 9:00:01 AM AST,302
03-Oct-18 9:15:01 AM AST,332
03-Oct-18 9:30:01 AM AST,366
03-Oct-18 9:45:01 AM AST,400
03-Oct-18 10:00:01 AM AST,413
03-Oct-18 10:15:02 AM AST,441
03-Oct-18 10:30:01 AM AST,455
03-Oct-18 10:45:01 AM AST,479
03-Oct-18 11:00:01 AM AST,500
03-Oct-18 11:15:02 AM AST,509
03-Oct-18 11:30:02 AM AST,519
03-Oct-18 11:45:01 AM AST,527
03-Oct-18 12:00:01 PM AST,533
03-Oct-18 12:15:01 PM AST,537
03-Oct-18 12:30:02 PM AST,536
03-Oct-18 12:45:01 PM AST,535
03-Oct-18 1:00:01 PM AST,532
03-Oct-18 1:15:01 PM AST,524
03-Oct-18 1:30:01 PM AST,511
03-Oct-18 1:45:01 PM AST,505
03-Oct-18 2:00:01 PM AST,492
03-Oct-18 2:15:01 PM AST,460
03-Oct-18 2:30:01 PM AST,428
03-Oct-18 2:45:01 PM AST,403
03-Oct-18 3:00:01 PM AST,384
03-Oct-18 3:15:01 PM AST,365
03-Oct-18 3:30:01 PM AST,321
03-Oct-18 3:45:02 PM AST,251
03-Oct-18 4:00:01 PM AST,311
03-Oct-18 4:15:02 PM AST,185
03-Oct-18 4:30:01 PM AST,174
03-Oct-18 4:45:02 PM AST,124
03-Oct-18 5:00:02 PM AST,83
03-Oct-18 5:15:01 PM AST,53
03-Oct-18 5:30:02 PM AST,27
03-Oct-18 5:45:01 PM AST,9
03-Oct-18 6:00:02 PM AST,0
03-Oct-18 6:15:01 PM AST,0
03-Oct-18 6:30:01 PM AST,0
03-Oct-18 6:45:01 PM AST,0
03-Oct-18 7:00:01 PM AST,0
03-Oct-18 7:15:01 PM AST,0
03-Oct-18 7:30:01 PM AST,0
03-Oct-18 7:45:01 PM AST,0
03-Oct-18 8:00:01 PM AST,0
03-Oct-18 8:15:01 PM AST,0
03-Oct-18 8:30:01 PM AST,0
03-Oct-18 8:45:01 PM AST,0
03-Oct-18 9:00:01 PM AST,0
03-Oct-18 9:15:01 PM AST,0
03-Oct-18 9:30:01 PM AST,0
03-Oct-18 9:45:01 PM AST,0
03-Oct-18 10:00:01 PM AST,0
03-Oct-18 10:15:01 PM AST,0
03-Oct-18 10:30:01 PM AST,0
03-Oct-18 10:45:01 PM AST,0
03-Oct-18 11:00:01 PM AST,0
03-Oct-18 11:15:02 PM AST,0
03-Oct-18 11:30:01 PM AST,0
03-Oct-18 11:45:01 PM AST,0
04-Oct-18 12:00:01 AM AST,0
04-Oct-18 12:15:01 AM AST,0
04-Oct-18 12:30:01 AM AST,0
04-Oct-18 12:45:02 AM AST,0
04-Oct-18 1:00:01 AM AST,0
04-Oct-18 1:15:01 AM AST,0
04-Oct-18 1:30:01 AM AST,0
04-Oct-18 1:45:01 AM AST,0
04-Oct-18 2:00:01 AM AST,0
04-Oct-18 2:15:01 AM AST,0
04-Oct-18 2:30:01 AM AST,0
04-Oct-18 2:45:01 AM AST,0
04-Oct-18 3:00:02 AM AST,0
04-Oct-18 3:15:01 AM AST,0
04-Oct-18 3:30:01 AM AST,0
04-Oct-18 3:45:01 AM AST,0
04-Oct-18 4:00:01 AM AST,0
04-Oct-18 4:15:01 AM AST,0
04-Oct-18 4:30:01 AM AST,0
04-Oct-18 4:45:01 AM AST,0
04-Oct-18 5:00:01 AM AST,0
04-Oct-18 5:15:01 AM AST,0
04-Oct-18 5:30:01 AM AST,0
04-Oct-18 5:45:01 AM AST,0
04-Oct-18 6:00:01 AM AST,0
04-Oct-18 6:15:01 AM AST,1
04-Oct-18 6:30:01 AM AST,6
04-Oct-18 6:45:01 AM AST,21
04-Oct-18 7:00:01 AM AST,48
04-Oct-18 7:15:01 AM AST,48
04-Oct-18 7:30:01 AM AST,64
04-Oct-18 7:45:01 AM AST,113
04-Oct-18 8:00:01 AM AST,163
04-Oct-18 8:15:01 AM AST,199
04-Oct-18 8:30:01 AM AST,230
04-Oct-18 8:45:01 AM AST,253
04-Oct-18 9:00:01 AM AST,282
04-Oct-18 9:15:01 AM AST,303
04-Oct-18 9:30:01 AM AST,339
04-Oct-18 9:45:01 AM AST,359
04-Oct-18 10:00:01 AM AST,376
04-Oct-18 10:15:01 AM AST,398
04-Oct-18 10:30:01 AM AST,442
04-Oct-18 10:45:01 AM AST,472
04-Oct-18 11:00:01 AM AST,489
04-Oct-18 11:15:01 AM AST,490
04-Oct-18 11:30:02 AM AST,497
04-Oct-18 11:45:01 AM AST,465
04-Oct-18 12:00:01 PM AST,450
04-Oct-18 12:15:01 PM AST,482
04-Oct-18 12:30:01 PM AST,519
04-Oct-18 12:45:01 PM AST,519
04-Oct-18 1:00:02 PM AST,498
04-Oct-18 1:15:01 PM AST,457
04-Oct-18 1:30:01 PM AST,506
04-Oct-18 1:45:01 PM AST,377
04-Oct-18 2:00:01 PM AST,388
04-Oct-18 2:15:01 PM AST,370
04-Oct-18 2:30:01 PM AST,287
04-Oct-18 2:45:01 PM AST,484
04-Oct-18 3:00:01 PM AST,403
04-Oct-18 3:15:01 PM AST,304
04-Oct-18 3:30:01 PM AST,356
04-Oct-18 3:45:01 PM AST,256
04-Oct-18 4:00:01 PM AST,241
04-Oct-18 4:15:01 PM AST,204
04-Oct-18 4:30:01 PM AST,160
04-Oct-18 4:45:01 PM AST,130
04-Oct-18 5:00:01 PM AST,97
04-Oct-18 5:15:01 PM AST,65
04-Oct-18 5:30:01 PM AST,42
04-Oct-18 5:45:01 PM AST,18
04-Oct-18 6:00:01 PM AST,0
04-Oct-18 6:15:01 PM AST,0
04-Oct-18 6:30:01 PM AST,0
04-Oct-18 6:45:01 PM AST,0
04-Oct-18 7:00:02 PM AST,0
04-Oct-18 7:15:01 PM AST,0
04-Oct-18 7:30:01 PM AST,0
04-Oct-18 7:45:01 PM AST,0
04-Oct-18 8:00:01 PM AST,0
04-Oct-18 8:15:01 PM AST,0
04-Oct-18 8:30:01 PM AST,0
04-Oct-18 8:45:01 PM AST,0
04-Oct-18 9:00:01 PM AST,0
04-Oct-18 9:15:01 PM AST,0
04-Oct-18 9:30:01 PM AST,0
04-Oct-18 9:45:01 PM AST,0
04-Oct-18 10:00:01 PM AST,0
04-Oct-18 10:15:01 PM AST,0
04-Oct-18 10:30:01 PM AST,0
04-Oct-18 10:45:01 PM AST,0
04-Oct-18 11:00:01 PM AST,0
04-Oct-18 11:15:01 PM AST,0
04-Oct-18 11:30:02 PM AST,0
04-Oct-18 11:45:02 PM AST,0
05-Oct-18 12:00:01 AM AST,0
05-Oct-18 12:15:01 AM AST,0
05-Oct-18 12:30:01 AM AST,0
05-Oct-18 12:45:01 AM AST,0
05-Oct-18 1:00:01 AM AST,0
05-Oct-18 1:15:01 AM AST,0
05-Oct-18 1:30:01 AM AST,0
05-Oct-18 1:45:00 AM AST,0
05-Oct-18 2:00:01 AM AST,0
05-Oct-18 2:15:00 AM AST,0
05-Oct-18 2:30:00 AM AST,0
05-Oct-18 2:45:01 AM AST,0
05-Oct-18 3:00:02 AM AST,0
05-Oct-18 3:15:02 AM AST,0
05-Oct-18 3:30:01 AM AST,0
05-Oct-18 3:45:01 AM AST,0
05-Oct-18 4:00:01 AM AST,0
05-Oct-18 4:15:01 AM AST,0
05-Oct-18 4:30:02 AM AST,0
05-Oct-18 4:45:01 AM AST,0
05-Oct-18 5:00:01 AM AST,0
05-Oct-18 5:15:01 AM AST,0
05-Oct-18 5:30:01 AM AST,0
05-Oct-18 5:45:01 AM AST,0
05-Oct-18 6:00:01 AM AST,0
05-Oct-18 6:15:01 AM AST,0
05-Oct-18 6:30:01 AM AST,0
05-Oct-18 6:45:01 AM AST,19
05-Oct-18 7:00:01 AM AST,47
05-Oct-18 7:15:01 AM AST,73
05-Oct-18 7:30:01 AM AST,95
05-Oct-18 7:45:01 AM AST,128
05-Oct-18 8:00:01 AM AST,150
05-Oct-18 8:15:01 AM AST,185
05-Oct-18 8:30:01 AM AST,226
05-Oct-18 8:45:01 AM AST,255
05-Oct-18 9:00:01 AM AST,288
05-Oct-18 9:15:02 AM AST,317
05-Oct-18 9:30:01 AM AST,342
05-Oct-18 9:45:01 AM AST,371
05-Oct-18 10:00:01 AM AST,386
05-Oct-18 10:15:01 AM AST,406
05-Oct-18 10:30:02 AM AST,423
05-Oct-18 10:45:01 AM AST,450
05-Oct-18 11:00:01 AM AST,470
05-Oct-18 11:15:01 AM AST,488
05-Oct-18 11:30:01 AM AST,500
05-Oct-18 11:45:01 AM AST,506
05-Oct-18 12:00:01 PM AST,508
05-Oct-18 12:15:01 PM AST,520
05-Oct-18 12:30:01 PM AST,521
05-Oct-18 12:45:01 PM AST,521
05-Oct-18 1:00:01 PM AST,520
05-Oct-18 1:15:01 PM AST,508
05-Oct-18 1:30:01 PM AST,496
05-Oct-18 1:45:01 PM AST,476
05-Oct-18 2:00:01 PM AST,459
05-Oct-18 2:15:01 PM AST,427
05-Oct-18 2:30:01 PM AST,408
05-Oct-18 2:45:01 PM AST,385
05-Oct-18 3:00:01 PM AST,363
05-Oct-18 3:15:01 PM AST,329
05-Oct-18 3:30:01 PM AST,301
05-Oct-18 3:45:01 PM AST,267
05-Oct-18 4:00:02 PM AST,226
05-Oct-18 4:15:01 PM AST,188
05-Oct-18 4:30:01 PM AST,151
05-Oct-18 4:45:01 PM AST,114
05-Oct-18 5:00:01 PM AST,79
05-Oct-18 5:15:01 PM AST,48
05-Oct-18 5:30:01 PM AST,30
05-Oct-18 5:45:01 PM AST,8
05-Oct-18 6:00:01 PM AST,0
05-Oct-18 6:15:01 PM AST,0
05-Oct-18 6:30:01 PM AST,0
05-Oct-18 6:45:01 PM AST,0
05-Oct-18 7:00:02 PM AST,0
05-Oct-18 7:15:01 PM AST,0
05-Oct-18 7:30:01 PM AST,0
05-Oct-18 7:45:01 PM AST,0
05-Oct-18 8:00:01 PM AST,0
05-Oct-18 8:15:01 PM AST,0
05-Oct-18 8:30:01 PM AST,0
05-Oct-18 8:45:01 PM AST,0
05-Oct-18 9:00:01 PM AST,0
05-Oct-18 9:15:01 PM AST,0
05-Oct-18 9:30:01 PM AST,0
05-Oct-18 9:45:01 PM AST,0
05-Oct-18 10:00:01 PM AST,0
05-Oct-18 10:15:01 PM AST,0
05-Oct-18 10:30:01 PM AST,0
05-Oct-18 10:45:01 PM AST,0
05-Oct-18 11:00:02 PM AST,0
05-Oct-18 11:15:01 PM AST,0
05-Oct-18 11:30:02 PM AST,0
05-Oct-18 11:45:01 PM AST,0
06-Oct-18 12:00:02 AM AST,0
06-Oct-18 12:15:01 AM AST,0
06-Oct-18 12:30:01 AM AST,0
06-Oct-18 12:45:01 AM AST,0
06-Oct-18 1:00:01 AM AST,0
06-Oct-18 1:15:01 AM AST,0
06-Oct-18 1:30:01 AM AST,0
06-Oct-18 1:45:01 AM AST,0
06-Oct-18 2:00:01 AM AST,0
06-Oct-18 2:15:00 AM AST,0
06-Oct-18 2:30:01 AM AST,0
06-Oct-18 2:45:01 AM AST,0
06-Oct-18 3:00:01 AM AST,0
06-Oct-18 3:15:01 AM AST,0
06-Oct-18 3:30:01 AM AST,0
06-Oct-18 3:45:01 AM AST,0
06-Oct-18 4:00:01 AM AST,0
06-Oct-18 4:15:01 AM AST,0
06-Oct-18 4:30:01 AM AST,0
06-Oct-18 4:45:01 AM AST,0
06-Oct-18 5:00:01 AM AST,0
06-Oct-18 5:15:01 AM AST,0
06-Oct-18 5:30:01 AM AST,0
06-Oct-18 5:45:01 AM AST,0
06-Oct-18 6:00:01 AM AST,0
06-Oct-18 6:15:01 AM AST,4
06-Oct-18 6:30:01 AM AST,2
06-Oct-18 6:45:01 AM AST,12
06-Oct-18 7:00:01 AM AST,36
06-Oct-18 7:15:01 AM AST,65
06-Oct-18 7:30:01 AM AST,91
06-Oct-18 7:45:01 AM AST,125
06-Oct-18 8:00:01 AM AST,155
06-Oct-18 8:15:01 AM AST,191
06-Oct-18 8:30:01 AM AST,229
06-Oct-18 8:45:01 AM AST,250
06-Oct-18 9:00:01 AM AST,281
06-Oct-18 9:15:01 AM AST,302
06-Oct-18 9:30:01 AM AST,330
06-Oct-18 9:45:01 AM AST,354
06-Oct-18 10:00:01 AM AST,381
06-Oct-18 10:15:01 AM AST,393
06-Oct-18 10:30:01 AM AST,421
06-Oct-18 10:45:01 AM AST,447
06-Oct-18 11:00:02 AM AST,461
06-Oct-18 11:15:01 AM AST,472
06-Oct-18 11:30:01 AM AST,489
06-Oct-18 11:45:01 AM AST,493
06-Oct-18 12:00:01 PM AST,508
06-Oct-18 12:15:01 PM AST,509
06-Oct-18 12:30:01 PM AST,506
06-Oct-18 12:45:01 PM AST,507
06-Oct-18 1:00:01 PM AST,503
06-Oct-18 1:15:01 PM AST,494
06-Oct-18 1:30:02 PM AST,487
06-Oct-18 1:45:01 PM AST,477
06-Oct-18 2:00:01 PM AST,463
06-Oct-18 2:15:01 PM AST,444
06-Oct-18 2:30:01 PM AST,423
06-Oct-18 2:45:01 PM AST,395
06-Oct-18 3:00:01 PM AST,362
06-Oct-18 3:15:01 PM AST,331
06-Oct-18 3:30:01 PM AST,294
06-Oct-18 3:45:01 PM AST,259
06-Oct-18 4:00:01 PM AST,219
06-Oct-18 4:15:01 PM AST,187
06-Oct-18 4:30:01 PM AST,148
06-Oct-18 4:45:02 PM AST,117
06-Oct-18 5:00:01 PM AST,82
06-Oct-18 5:15:01 PM AST,55
06-Oct-18 5:30:01 PM AST,26
06-Oct-18 5:45:01 PM AST,5
06-Oct-18 6:00:01 PM AST,1
06-Oct-18 6:15:01 PM AST,0
06-Oct-18 6:30:01 PM AST,0
06-Oct-18 6:45:01 PM AST,0
06-Oct-18 7:00:01 PM AST,0
06-Oct-18 7:15:01 PM AST,0
06-Oct-18 7:30:01 PM AST,0
06-Oct-18 7:45:01 PM AST,0
06-Oct-18 8:00:01 PM AST,0
06-Oct-18 8:15:01 PM AST,0
06-Oct-18 8:30:01 PM AST,0
06-Oct-18 8:45:01 PM AST,0
06-Oct-18 9:00:01 PM AST,0
06-Oct-18 9:15:01 PM AST,0
06-Oct-18 9:30:01 PM AST,0
06-Oct-18 9:45:01 PM AST,0
06-Oct-18 10:00:01 PM AST,0
06-Oct-18 10:15:01 PM AST,0
06-Oct-18 10:30:01 PM AST,0
06-Oct-18 10:45:01 PM AST,0
06-Oct-18 11:00:01 PM AST,0
06-Oct-18 11:15:01 PM AST,0
06-Oct-18 11:30:01 PM AST,0
06-Oct-18 11:45:01 PM AST,0
07-Oct-18 12:00:01 AM AST,0
07-Oct-18 12:15:02 AM AST,0
07-Oct-18 12:30:01 AM AST,0
07-Oct-18 12:45:01 AM AST,0
07-Oct-18 1:00:03 AM AST,0
07-Oct-18 1:15:02 AM AST,0
07-Oct-18 1:30:01 AM AST,0
07-Oct-18 1:45:01 AM AST,0
07-Oct-18 2:00:01 AM AST,0
07-Oct-18 2:15:00 AM AST,0
07-Oct-18 2:30:01 AM AST,0
07-Oct-18 2:45:01 AM AST,0
07-Oct-18 3:00:01 AM AST,0
07-Oct-18 3:15:01 AM AST,0
07-Oct-18 3:30:01 AM AST,0
07-Oct-18 3:45:01 AM AST,0
07-Oct-18 4:00:01 AM AST,0
07-Oct-18 4:15:01 AM AST,0
07-Oct-18 4:30:01 AM AST,0
07-Oct-18 4:45:01 AM AST,0
07-Oct-18 5:00:01 AM AST,0
07-Oct-18 5:15:01 AM AST,0
07-Oct-18 5:30:02 AM AST,0
07-Oct-18 5:45:02 AM AST,0
07-Oct-18 6:00:01 AM AST,0
07-Oct-18 6:15:01 AM AST,0
07-Oct-18 6:30:02 AM AST,0
07-Oct-18 6:45:02 AM AST,15
07-Oct-18 7:00:01 AM AST,42
07-Oct-18 7:15:02 AM AST,71
07-Oct-18 7:30:02 AM AST,90
07-Oct-18 7:45:01 AM AST,118
07-Oct-18 8:00:01 AM AST,143
07-Oct-18 8:15:01 AM AST,180
07-Oct-18 8:30:01 AM AST,217
07-Oct-18 8:45:01 AM AST,248
07-Oct-18 9:00:02 AM AST,279
07-Oct-18 9:15:02 AM AST,300
07-Oct-18 9:30:01 AM AST,336
07-Oct-18 9:45:01 AM AST,360
07-Oct-18 10:00:01 AM AST,376
07-Oct-18 10:15:01 AM AST,393
07-Oct-18 10:30:01 AM AST,408
07-Oct-18 10:45:01 AM AST,427
07-Oct-18 11:00:01 AM AST,446
07-Oct-18 11:15:01 AM AST,464
07-Oct-18 11:30:02 AM AST,466
07-Oct-18 11:45:02 AM AST,480
07-Oct-18 12:00:01 PM AST,488
07-Oct-18 12:15:01 PM AST,493
07-Oct-18 12:30:01 PM AST,493
07-Oct-18 12:45:01 PM AST,500
07-Oct-18 1:00:01 PM AST,493
07-Oct-18 1:15:01 PM AST,487
07-Oct-18 1:30:01 PM AST,486
07-Oct-18 1:45:01 PM AST,467
07-Oct-18 2:00:01 PM AST,449
07-Oct-18 2:15:01 PM AST,428
07-Oct-18 2:30:01 PM AST,405
07-Oct-18 2:45:01 PM AST,377
07-Oct-18 3:00:01 PM AST,347
07-Oct-18 3:15:01 PM AST,323
07-Oct-18 3:30:01 PM AST,297
07-Oct-18 3:45:01 PM AST,263
07-Oct-18 4:00:01 PM AST,226
07-Oct-18 4:15:01 PM AST,185
07-Oct-18 4:30:01 PM AST,148
07-Oct-18 4:45:01 PM AST,110
07-Oct-18 5:00:01 PM AST,75
07-Oct-18 5:15:01 PM AST,47
07-Oct-18 5:30:01 PM AST,26
07-Oct-18 5:45:01 PM AST,3
07-Oct-18 6:00:01 PM AST,0
07-Oct-18 6:15:02 PM AST,0
07-Oct-18 6:30:01 PM AST,0
07-Oct-18 6:45:01 PM AST,0
07-Oct-18 7:00:02 PM AST,0
07-Oct-18 7:15:01 PM AST,0
07-Oct-18 7:30:01 PM AST,0
07-Oct-18 7:45:01 PM AST,0
07-Oct-18 8:00:01 PM AST,0
07-Oct-18 8:15:01 PM AST,0
07-Oct-18 8:30:01 PM AST,0
07-Oct-18 8:45:01 PM AST,0
07-Oct-18 9:00:02 PM AST,0
07-Oct-18 9:15:01 PM AST,0
07-Oct-18 9:30:01 PM AST,0
07-Oct-18 9:45:01 PM AST,0
07-Oct-18 10:00:01 PM AST,0
07-Oct-18 10:15:01 PM AST,0
07-Oct-18 10:30:01 PM AST,0
07-Oct-18 10:45:01 PM AST,0
07-Oct-18 11:00:01 PM AST,0
07-Oct-18 11:15:02 PM AST,0
07-Oct-18 11:30:01 PM AST,0
07-Oct-18 11:45:01 PM AST,0
08-Oct-18 12:00:01 AM AST,0
08-Oct-18 12:15:01 AM AST,0
08-Oct-18 12:30:01 AM AST,0
08-Oct-18 12:45:01 AM AST,0
08-Oct-18 1:00:01 AM AST,0
08-Oct-18 1:15:02 AM AST,0
08-Oct-18 1:30:01 AM AST,0
08-Oct-18 1:45:01 AM AST,0
08-Oct-18 2:00:01 AM AST,0
08-Oct-18 2:15:01 AM AST,0
08-Oct-18 2:30:01 AM AST,0
08-Oct-18 2:45:01 AM AST,0
08-Oct-18 3:00:01 AM AST,0
08-Oct-18 3:15:01 AM AST,0
08-Oct-18 3:30:01 AM AST,0
08-Oct-18 3:45:01 AM AST,0
08-Oct-18 4:00:01 AM AST,0
08-Oct-18 4:15:01 AM AST,0
08-Oct-18 4:30:01 AM AST,0
08-Oct-18 4:45:02 AM AST,0
08-Oct-18 5:00:01 AM AST,0
08-Oct-18 5:15:01 AM AST,0
08-Oct-18 5:30:01 AM AST,0
08-Oct-18 5:45:01 AM AST,0
08-Oct-18 6:00:01 AM AST,0
08-Oct-18 6:15:01 AM AST,0
08-Oct-18 6:30:01 AM AST,2
08-Oct-18 6:45:01 AM AST,13
08-Oct-18 7:00:01 AM AST,36
08-Oct-18 7:15:01 AM AST,63
08-Oct-18 7:30:01 AM AST,91
08-Oct-18 7:45:01 AM AST,120
08-Oct-18 8:00:02 AM AST,154
08-Oct-18 8:15:01 AM AST,191
08-Oct-18 8:30:01 AM AST,222
08-Oct-18 8:45:01 AM AST,252
08-Oct-18 9:00:01 AM AST,276
08-Oct-18 9:15:01 AM AST,278
08-Oct-18 9:30:01 AM AST,323
08-Oct-18 9:45:01 AM AST,341
08-Oct-18 10:00:01 AM AST,376
08-Oct-18 10:15:01 AM AST,395
08-Oct-18 10:30:01 AM AST,425
08-Oct-18 10:45:01 AM AST,444
08-Oct-18 11:00:01 AM AST,462
08-Oct-18 11:15:01 AM AST,472
08-Oct-18 11:30:01 AM AST,482
08-Oct-18 11:45:01 AM AST,497
08-Oct-18 12:00:01 PM AST,504
08-Oct-18 12:15:02 PM AST,507
08-Oct-18 12:30:01 PM AST,503
08-Oct-18 12:45:01 PM AST,507
08-Oct-18 1:00:01 PM AST,502
08-Oct-18 1:15:01 PM AST,496
08-Oct-18 1:30:02 PM AST,483
08-Oct-18 1:45:01 PM AST,472
08-Oct-18 2:00:01 PM AST,456
08-Oct-18 2:15:01 PM AST,434
08-Oct-18 2:30:01 PM AST,411
08-Oct-18 2:45:01 PM AST,389
08-Oct-18 3:00:01 PM AST,359
08-Oct-18 3:15:01 PM AST,325
08-Oct-18 3:30:01 PM AST,290
08-Oct-18 3:45:01 PM AST,255
08-Oct-18 4:00:02 PM AST,217
08-Oct-18 4:15:02 PM AST,181
08-Oct-18 4:30:01 PM AST,145
08-Oct-18 4:45:01 PM AST,115
08-Oct-18 5:00:01 PM AST,83
08-Oct-18 5:15:01 PM AST,53
08-Oct-18 5:30:01 PM AST,25
08-Oct-18 5:45:01 PM AST,7
08-Oct-18 6:00:01 PM AST,0
08-Oct-18 6:15:01 PM AST,0
08-Oct-18 6:30:01 PM AST,0
08-Oct-18 6:45:01 PM AST,0
08-Oct-18 7:00:01 PM AST,0
08-Oct-18 7:15:01 PM AST,0
08-Oct-18 7:30:01 PM AST,0
08-Oct-18 7:45:01 PM AST,0
08-Oct-18 8:00:01 PM AST,0
08-Oct-18 8:15:01 PM AST,0
08-Oct-18 8:30:01 PM AST,0
08-Oct-18 8:45:02 PM AST,0
08-Oct-18 9:00:01 PM AST,0
08-Oct-18 9:15:01 PM AST,0
08-Oct-18 9:30:01 PM AST,0
08-Oct-18 9:45:01 PM AST,0
08-Oct-18 10:00:01 PM AST,0
08-Oct-18 10:15:03 PM AST,0
08-Oct-18 10:30:01 PM AST,0
08-Oct-18 10:45:01 PM AST,0
08-Oct-18 11:00:01 PM AST,0
08-Oct-18 11:15:02 PM AST,0
08-Oct-18 11:30:01 PM AST,0
08-Oct-18 11:45:01 PM AST,0
09-Oct-18 12:00:01 AM AST,0
09-Oct-18 12:15:01 AM AST,0
09-Oct-18 12:30:01 AM AST,0
09-Oct-18 12:45:01 AM AST,0
09-Oct-18 1:00:01 AM AST,0
09-Oct-18 1:15:01 AM AST,0
09-Oct-18 1:30:01 AM AST,0
09-Oct-18 1:45:02 AM AST,0
09-Oct-18 2:00:01 AM AST,0
09-Oct-18 2:15:01 AM AST,0
09-Oct-18 2:30:01 AM AST,0
09-Oct-18 2:45:01 AM AST,0
09-Oct-18 3:00:01 AM AST,0
09-Oct-18 3:15:01 AM AST,0
09-Oct-18 3:30:01 AM AST,0
09-Oct-18 3:45:01 AM AST,0
09-Oct-18 4:00:01 AM AST,0
09-Oct-18 4:15:01 AM AST,0
09-Oct-18 4:30:01 AM AST,0
09-Oct-18 4:45:02 AM AST,0
09-Oct-18 5:00:01 AM AST,0
09-Oct-18 5:15:01 AM AST,0
09-Oct-18 5:30:01 AM AST,0
09-Oct-18 5:45:01 AM AST,0
09-Oct-18 6:00:01 AM AST,0
09-Oct-18 6:15:01 AM AST,0
09-Oct-18 6:30:02 AM AST,0
09-Oct-18 6:45:01 AM AST,15
09-Oct-18 7:00:01 AM AST,42
09-Oct-18 7:15:01 AM AST,70
09-Oct-18 7:30:01 AM AST,89
09-Oct-18 7:45:01 AM AST,119
09-Oct-18 8:00:01 AM AST,143
09-Oct-18 8:15:01 AM AST,182
09-Oct-18 8:30:02 AM AST,217
09-Oct-18 8:45:01 AM AST,254
09-Oct-18 9:00:01 AM AST,280
09-Oct-18 9:15:01 AM AST,309
09-Oct-18 9:30:01 AM AST,336
09-Oct-18 9:45:01 AM AST,361
09-Oct-18 10:00:01 AM AST,379
09-Oct-18 10:15:01 AM AST,396
09-Oct-18 10:30:01 AM AST,414
09-Oct-18 10:45:01 AM AST,440
09-Oct-18 11:00:01 AM AST,455
09-Oct-18 11:15:02 AM AST,476
09-Oct-18 11:30:02 AM AST,490
09-Oct-18 11:45:01 AM AST,503
09-Oct-18 12:00:01 PM AST,511
09-Oct-18 12:15:02 PM AST,512
09-Oct-18 12:30:01 PM AST,514
09-Oct-18 12:45:01 PM AST,513
09-Oct-18 1:00:02 PM AST,506
09-Oct-18 1:15:01 PM AST,501
09-Oct-18 1:30:02 PM AST,485
09-Oct-18 1:45:01 PM AST,473
09-Oct-18 2:00:01 PM AST,454
09-Oct-18 2:15:01 PM AST,430
09-Oct-18 2:30:01 PM AST,407
09-Oct-18 2:45:01 PM AST,381
09-Oct-18 3:00:01 PM AST,362
09-Oct-18 3:15:01 PM AST,328
09-Oct-18 3:30:01 PM AST,300
09-Oct-18 3:45:01 PM AST,265
09-Oct-18 4:00:01 PM AST,222
09-Oct-18 4:15:01 PM AST,184
09-Oct-18 4:30:01 PM AST,129
09-Oct-18 4:45:02 PM AST,88
09-Oct-18 5:00:01 PM AST,75
09-Oct-18 5:15:01 PM AST,39
09-Oct-18 5:30:01 PM AST,24
09-Oct-18 5:45:01 PM AST,4
09-Oct-18 6:00:01 PM AST,0
09-Oct-18 6:15:01 PM AST,0
09-Oct-18 6:30:01 PM AST,0
09-Oct-18 6:45:01 PM AST,0
09-Oct-18 7:00:01 PM AST,0
09-Oct-18 7:15:01 PM AST,0
09-Oct-18 7:30:01 PM AST,0
09-Oct-18 7:45:01 PM AST,0
09-Oct-18 8:00:01 PM AST,0
09-Oct-18 8:15:01 PM AST,0
09-Oct-18 8:30:01 PM AST,0
09-Oct-18 8:45:01 PM AST,0
09-Oct-18 9:00:01 PM AST,0
09-Oct-18 9:15:01 PM AST,0
09-Oct-18 9:30:01 PM AST,0
09-Oct-18 9:45:01 PM AST,0
09-Oct-18 10:00:01 PM AST,0
09-Oct-18 10:15:01 PM AST,0
09-Oct-18 10:30:01 PM AST,0
09-Oct-18 10:45:01 PM AST,0
09-Oct-18 11:00:01 PM AST,0
09-Oct-18 11:15:01 PM AST,0
09-Oct-18 11:30:01 PM AST,0
09-Oct-18 11:45:01 PM AST,0
10-Oct-18 12:00:01 AM AST,0
10-Oct-18 12:15:01 AM AST,0
10-Oct-18 12:30:01 AM AST,0
10-Oct-18 12:45:01 AM AST,0
10-Oct-18 1:00:01 AM AST,0
10-Oct-18 1:15:01 AM AST,0
10-Oct-18 1:30:02 AM AST,0
10-Oct-18 1:45:01 AM AST,0
10-Oct-18 2:00:01 AM AST,0
10-Oct-18 2:15:01 AM AST,0
10-Oct-18 2:30:01 AM AST,0
10-Oct-18 2:45:01 AM AST,0
10-Oct-18 3:00:01 AM AST,0
10-Oct-18 3:15:01 AM AST,0
10-Oct-18 3:30:01 AM AST,0
10-Oct-18 3:45:01 AM AST,0
10-Oct-18 4:00:01 AM AST,0
10-Oct-18 4:15:01 AM AST,0
10-Oct-18 4:30:01 AM AST,0
10-Oct-18 4:45:01 AM AST,0
10-Oct-18 5:00:01 AM AST,0
10-Oct-18 5:15:01 AM AST,0
10-Oct-18 5:30:01 AM AST,0
10-Oct-18 5:45:01 AM AST,0
10-Oct-18 6:00:01 AM AST,0
10-Oct-18 6:15:01 AM AST,0
10-Oct-18 6:30:01 AM AST,3
10-Oct-18 6:45:01 AM AST,11
10-Oct-18 7:00:01 AM AST,36
10-Oct-18 7:15:01 AM AST,64
10-Oct-18 7:30:01 AM AST,91
10-Oct-18 7:45:01 AM AST,121
10-Oct-18 8:00:01 AM AST,155
10-Oct-18 8:15:01 AM AST,191
10-Oct-18 8:30:01 AM AST,220
10-Oct-18 8:45:02 AM AST,254
10-Oct-18 9:00:01 AM AST,284
10-Oct-18 9:15:01 AM AST,302
10-Oct-18 9:30:01 AM AST,330
10-Oct-18 9:45:01 AM AST,354
10-Oct-18 10:00:01 AM AST,375
10-Oct-18 10:15:01 AM AST,401
10-Oct-18 10:30:01 AM AST,432
10-Oct-18 10:45:01 AM AST,452
10-Oct-18 11:00:01 AM AST,465
10-Oct-18 11:15:01 AM AST,478
10-Oct-18 11:30:01 AM AST,494
10-Oct-18 11:45:01 AM AST,500
10-Oct-18 12:00:01 PM AST,509
10-Oct-18 12:15:01 PM AST,514
10-Oct-18 12:30:01 PM AST,522
10-Oct-18 12:45:01 PM AST,517
10-Oct-18 1:00:01 PM AST,519
10-Oct-18 1:15:02 PM AST,509
10-Oct-18 1:30:01 PM AST,496
10-Oct-18 1:45:01 PM AST,490
10-Oct-18 2:00:01 PM AST,473
10-Oct-18 2:15:01 PM AST,456
10-Oct-18 2:30:02 PM AST,428
10-Oct-18 2:45:02 PM AST,403
10-Oct-18 3:00:01 PM AST,375
10-Oct-18 3:15:01 PM AST,342
10-Oct-18 3:30:01 PM AST,304
10-Oct-18 3:45:01 PM AST,269
10-Oct-18 4:00:01 PM AST,231
10-Oct-18 4:15:01 PM AST,194
10-Oct-18 4:30:01 PM AST,153
10-Oct-18 4:45:01 PM AST,121
10-Oct-18 5:00:01 PM AST,86
10-Oct-18 5:15:01 PM AST,53
10-Oct-18 5:30:01 PM AST,23
10-Oct-18 5:45:01 PM AST,3
10-Oct-18 6:00:01 PM AST,0
10-Oct-18 6:15:01 PM AST,0
10-Oct-18 6:30:01 PM AST,0
10-Oct-18 6:45:01 PM AST,0
10-Oct-18 7:00:01 PM AST,0
10-Oct-18 7:15:01 PM AST,0
10-Oct-18 7:30:02 PM AST,0
10-Oct-18 7:45:01 PM AST,0
10-Oct-18 8:00:01 PM AST,0
10-Oct-18 8:15:02 PM AST,0
10-Oct-18 8:30:01 PM AST,0
10-Oct-18 8:45:01 PM AST,0
10-Oct-18 9:00:01 PM AST,0
10-Oct-18 9:15:01 PM AST,0
10-Oct-18 9:30:01 PM AST,0
10-Oct-18 9:45:01 PM AST,0
10-Oct-18 10:00:01 PM AST,0
10-Oct-18 10:15:01 PM AST,0
10-Oct-18 10:30:01 PM AST,0
10-Oct-18 10:45:01 PM AST,0
10-Oct-18 11:00:01 PM AST,0
10-Oct-18 11:15:01 PM AST,0
10-Oct-18 11:30:01 PM AST,0
10-Oct-18 11:45:01 PM AST,0
11-Oct-18 12:00:01 AM AST,0
11-Oct-18 12:15:02 AM AST,0
11-Oct-18 12:30:01 AM AST,0
11-Oct-18 12:45:01 AM AST,0
11-Oct-18 1:00:01 AM AST,0
11-Oct-18 1:15:01 AM AST,0
11-Oct-18 1:30:01 AM AST,0
11-Oct-18 1:45:01 AM AST,0
11-Oct-18 2:00:01 AM AST,0
11-Oct-18 2:15:02 AM AST,0
11-Oct-18 2:30:01 AM AST,0
11-Oct-18 2:45:01 AM AST,0
11-Oct-18 3:00:01 AM AST,0
11-Oct-18 3:15:01 AM AST,0
11-Oct-18 3:30:01 AM AST,0
11-Oct-18 3:45:01 AM AST,0
11-Oct-18 4:00:01 AM AST,0
11-Oct-18 4:15:01 AM AST,0
11-Oct-18 4:30:01 AM AST,0
11-Oct-18 4:45:01 AM AST,0
11-Oct-18 5:00:01 AM AST,0
11-Oct-18 5:15:01 AM AST,0
11-Oct-18 5:30:01 AM AST,0
11-Oct-18 5:45:01 AM AST,0
11-Oct-18 6:00:01 AM AST,0
11-Oct-18 6:15:01 AM AST,0
11-Oct-18 6:30:01 AM AST,0
11-Oct-18 6:45:01 AM AST,14
11-Oct-18 7:00:01 AM AST,39
11-Oct-18 7:15:01 AM AST,69
11-Oct-18 7:30:01 AM AST,88
11-Oct-18 7:45:01 AM AST,121
11-Oct-18 8:00:01 AM AST,145
11-Oct-18 8:15:00 AM AST,181
11-Oct-18 8:30:00 AM AST,211
11-Oct-18 8:45:00 AM AST,246
11-Oct-18 9:00:00 AM AST,276
11-Oct-18 9:15:00 AM AST,300
11-Oct-18 9:30:00 AM AST,329
11-Oct-18 9:45:00 AM AST,354
11-Oct-18 10:00:00 AM AST,370
11-Oct-18 10:15:00 AM AST,396
11-Oct-18 10:30:00 AM AST,420
11-Oct-18 10:45:00 AM AST,445
11-Oct-18 11:00:00 AM AST,455
11-Oct-18 11:15:01 AM AST,472
11-Oct-18 11:30:00 AM AST,484
11-Oct-18 11:45:00 AM AST,495
11-Oct-18 12:00:00 PM AST,498
11-Oct-18 12:15:00 PM AST,486
11-Oct-18 12:30:00 PM AST,485
11-Oct-18 12:45:00 PM AST,498
11-Oct-18 1:00:00 PM AST,495
11-Oct-18 1:15:00 PM AST,489
11-Oct-18 1:30:00 PM AST,474
11-Oct-18 1:45:00 PM AST,452
11-Oct-18 2:00:00 PM AST,432
11-Oct-18 2:15:00 PM AST,421
11-Oct-18 2:30:00 PM AST,401
11-Oct-18 2:45:00 PM AST,379
11-Oct-18 3:00:00 PM AST,353
11-Oct-18 3:15:00 PM AST,326
11-Oct-18 3:30:00 PM AST,303
11-Oct-18 3:45:00 PM AST,263
11-Oct-18 4:00:00 PM AST,226
11-Oct-18 4:15:00 PM AST,182
11-Oct-18 4:30:00 PM AST,146
11-Oct-18 4:45:00 PM AST,106
11-Oct-18 5:00:00 PM AST,73
11-Oct-18 5:15:00 PM AST,41
11-Oct-18 5:30:00 PM AST,18
11-Oct-18 5:45:00 PM AST,2
11-Oct-18 6:00:00 PM AST,3
11-Oct-18 6:15:00 PM AST,0
11-Oct-18 6:30:00 PM AST,0
11-Oct-18 6:45:00 PM AST,0
11-Oct-18 7:00:00 PM AST,0
11-Oct-18 7:15:00 PM AST,0
11-Oct-18 7:30:00 PM AST,0
11-Oct-18 7:45:00 PM AST,0
11-Oct-18 8:00:00 PM AST,0
11-Oct-18 8:15:00 PM AST,0
11-Oct-18 8:30:00 PM AST,0
11-Oct-18 8:45:00 PM AST,0
11-Oct-18 9:00:00 PM AST,0
11-Oct-18 9:15:00 PM AST,0
11-Oct-18 9:30:00 PM AST,0
11-Oct-18 9:45:00 PM AST,0
11-Oct-18 10:00:00 PM AST,0
11-Oct-18 10:15:00 PM AST,0
11-Oct-18 10:30:00 PM AST,0
11-Oct-18 10:45:00 PM AST,0
11-Oct-18 11:00:00 PM AST,0
11-Oct-18 11:15:00 PM AST,0
11-Oct-18 11:30:00 PM AST,0
11-Oct-18 11:45:00 PM AST,0
12-Oct-18 12:00:00 AM AST,0
12-Oct-18 12:15:00 AM AST,0
12-Oct-18 12:30:00 AM AST,0
12-Oct-18 12:45:00 AM AST,0
12-Oct-18 1:00:00 AM AST,0
12-Oct-18 1:15:00 AM AST,0
12-Oct-18 1:30:00 AM AST,0
12-Oct-18 1:45:00 AM AST,0
12-Oct-18 2:00:01 AM AST,0
12-Oct-18 2:15:00 AM AST,0
12-Oct-18 2:30:00 AM AST,0
12-Oct-18 2:45:00 AM AST,0
12-Oct-18 3:00:00 AM AST,0
12-Oct-18 3:15:01 AM AST,0
12-Oct-18 3:30:01 AM AST,0
12-Oct-18 3:45:00 AM AST,0
12-Oct-18 4:00:00 AM AST,0
12-Oct-18 4:15:00 AM AST,0
12-Oct-18 4:30:00 AM AST,0
12-Oct-18 4:45:00 AM AST,0
12-Oct-18 5:00:01 AM AST,0
12-Oct-18 5:15:00 AM AST,0
12-Oct-18 5:30:01 AM AST,0
12-Oct-18 5:45:01 AM AST,0
12-Oct-18 6:00:00 AM AST,0
12-Oct-18 6:15:00 AM AST,0
12-Oct-18 6:30:00 AM AST,1
12-Oct-18 6:45:00 AM AST,9
12-Oct-18 7:00:00 AM AST,33
12-Oct-18 7:15:00 AM AST,60
12-Oct-18 7:30:00 AM AST,88
12-Oct-18 7:45:01 AM AST,118
12-Oct-18 8:00:00 AM AST,152
12-Oct-18 8:15:00 AM AST,192
12-Oct-18 8:30:00 AM AST,221
12-Oct-18 8:45:00 AM AST,241
12-Oct-18 9:00:00 AM AST,282
12-Oct-18 9:15:00 AM AST,301
12-Oct-18 9:30:00 AM AST,326
12-Oct-18 9:45:00 AM AST,352
12-Oct-18 10:00:00 AM AST,370
12-Oct-18 10:15:00 AM AST,398
12-Oct-18 10:30:00 AM AST,427
12-Oct-18 10:45:01 AM AST,446
12-Oct-18 11:00:00 AM AST,457
12-Oct-18 11:15:01 AM AST,460
12-Oct-18 11:30:00 AM AST,482
12-Oct-18 11:45:00 AM AST,494
12-Oct-18 12:00:00 PM AST,507
12-Oct-18 12:15:01 PM AST,511
12-Oct-18 12:30:00 PM AST,515
12-Oct-18 12:45:00 PM AST,503
12-Oct-18 1:00:00 PM AST,504
12-Oct-18 1:15:00 PM AST,492
12-Oct-18 1:30:00 PM AST,483
12-Oct-18 1:45:00 PM AST,473
12-Oct-18 2:00:01 PM AST,453
12-Oct-18 2:15:01 PM AST,436
12-Oct-18 2:30:00 PM AST,409
12-Oct-18 2:45:00 PM AST,385
12-Oct-18 3:00:00 PM AST,351
12-Oct-18 3:15:00 PM AST,325
12-Oct-18 3:30:00 PM AST,285
12-Oct-18 3:45:00 PM AST,252
12-Oct-18 4:00:00 PM AST,213
12-Oct-18 4:15:00 PM AST,183
12-Oct-18 4:30:00 PM AST,143
12-Oct-18 4:45:00 PM AST,111
12-Oct-18 5:00:00 PM AST,77
12-Oct-18 5:15:00 PM AST,43
12-Oct-18 5:30:00 PM AST,18
12-Oct-18 5:45:00 PM AST,0
12-Oct-18 6:00:00 PM AST,1
12-Oct-18 6:15:01 PM AST,0
12-Oct-18 6:30:00 PM AST,0
12-Oct-18 6:45:01 PM AST,0
12-Oct-18 7:00:00 PM AST,0
12-Oct-18 7:15:00 PM AST,0
12-Oct-18 7:30:00 PM AST,0
12-Oct-18 7:45:00 PM AST,0
12-Oct-18 8:00:00 PM AST,0
12-Oct-18 8:15:00 PM AST,0
12-Oct-18 8:30:01 PM AST,0
12-Oct-18 8:45:00 PM AST,0
12-Oct-18 9:00:00 PM AST,0
12-Oct-18 9:15:00 PM AST,0
12-Oct-18 9:30:00 PM AST,0
12-Oct-18 9:45:00 PM AST,0
12-Oct-18 10:00:00 PM AST,0
12-Oct-18 10:15:00 PM AST,0
12-Oct-18 10:30:00 PM AST,0
12-Oct-18 10:45:00 PM AST,0
12-Oct-18 11:00:00 PM AST,0
12-Oct-18 11:15:00 PM AST,0
12-Oct-18 11:30:00 PM AST,0
12-Oct-18 11:45:00 PM AST,0
13-Oct-18 12:00:00 AM AST,0
13-Oct-18 12:15:00 AM AST,0
13-Oct-18 12:30:01 AM AST,0
13-Oct-18 12:45:01 AM AST,0
13-Oct-18 1:00:00 AM AST,0
13-Oct-18 1:15:00 AM AST,0
13-Oct-18 1:30:00 AM AST,0
13-Oct-18 1:45:00 AM AST,0
13-Oct-18 2:00:00 AM AST,0
13-Oct-18 2:15:00 AM AST,0
13-Oct-18 2:30:00 AM AST,0
13-Oct-18 2:45:00 AM AST,0
13-Oct-18 3:00:00 AM AST,0
13-Oct-18 3:15:00 AM AST,0
13-Oct-18 3:30:00 AM AST,0
13-Oct-18 3:45:00 AM AST,0
13-Oct-18 4:00:01 AM AST,0
13-Oct-18 4:15:00 AM AST,0
13-Oct-18 4:30:00 AM AST,0
13-Oct-18 4:45:00 AM AST,0
13-Oct-18 5:00:00 AM AST,0
13-Oct-18 5:15:00 AM AST,0
13-Oct-18 5:30:00 AM AST,0
13-Oct-18 5:45:00 AM AST,0
13-Oct-18 6:00:00 AM AST,0
13-Oct-18 6:15:00 AM AST,0
13-Oct-18 6:30:00 AM AST,0
13-Oct-18 6:45:00 AM AST,12
13-Oct-18 7:00:01 AM AST,37
13-Oct-18 7:15:00 AM AST,65
13-Oct-18 7:30:00 AM AST,87
13-Oct-18 7:45:00 AM AST,113
13-Oct-18 8:00:00 AM AST,138
13-Oct-18 8:15:00 AM AST,172
13-Oct-18 8:30:00 AM AST,209
13-Oct-18 8:45:00 AM AST,244
13-Oct-18 9:00:00 AM AST,281
13-Oct-18 9:15:00 AM AST,312
13-Oct-18 9:30:00 AM AST,336
13-Oct-18 9:45:00 AM AST,365
13-Oct-18 10:00:00 AM AST,389
13-Oct-18 10:15:01 AM AST,408
13-Oct-18 10:30:00 AM AST,437
13-Oct-18 10:45:00 AM AST,456
13-Oct-18 11:00:01 AM AST,468
13-Oct-18 11:15:00 AM AST,488
13-Oct-18 11:30:00 AM AST,497
13-Oct-18 11:45:00 AM AST,505
13-Oct-18 12:00:00 PM AST,512
13-Oct-18 12:15:00 PM AST,523
13-Oct-18 12:30:00 PM AST,519
13-Oct-18 12:45:00 PM AST,516
13-Oct-18 1:00:01 PM AST,511
13-Oct-18 1:15:00 PM AST,494
13-Oct-18 1:30:00 PM AST,482
13-Oct-18 1:45:00 PM AST,466
13-Oct-18 2:00:00 PM AST,447
13-Oct-18 2:15:00 PM AST,427
13-Oct-18 2:30:00 PM AST,401
13-Oct-18 2:45:00 PM AST,375
13-Oct-18 3:00:00 PM AST,354
13-Oct-18 3:15:00 PM AST,317
13-Oct-18 3:30:00 PM AST,292
13-Oct-18 3:45:00 PM AST,258
13-Oct-18 4:00:00 PM AST,217
13-Oct-18 4:15:00 PM AST,175
13-Oct-18 4:30:00 PM AST,135
13-Oct-18 4:45:00 PM AST,100
13-Oct-18 5:00:00 PM AST,66
13-Oct-18 5:15:00 PM AST,36
13-Oct-18 5:30:00 PM AST,19
13-Oct-18 5:45:00 PM AST,1
13-Oct-18 6:00:00 PM AST,2
13-Oct-18 6:15:00 PM AST,0
13-Oct-18 6:30:00 PM AST,0
13-Oct-18 6:45:00 PM AST,0
13-Oct-18 7:00:00 PM AST,0
13-Oct-18 7:15:00 PM AST,0
13-Oct-18 7:30:00 PM AST,0
13-Oct-18 7:45:00 PM AST,0
13-Oct-18 8:00:00 PM AST,0
13-Oct-18 8:15:00 PM AST,0
13-Oct-18 8:30:00 PM AST,0
13-Oct-18 8:45:00 PM AST,0
13-Oct-18 9:00:00 PM AST,0
13-Oct-18 9:15:00 PM AST,0
13-Oct-18 9:30:00 PM AST,0
13-Oct-18 9:45:00 PM AST,0
13-Oct-18 10:00:00 PM AST,0
13-Oct-18 10:15:00 PM AST,0
13-Oct-18 10:30:00 PM AST,0
13-Oct-18 10:45:01 PM AST,0
13-Oct-18 11:00:00 PM AST,0
13-Oct-18 11:15:00 PM AST,0
13-Oct-18 11:30:00 PM AST,0
13-Oct-18 11:45:00 PM AST,0
14-Oct-18 12:00:00 AM AST,0
14-Oct-18 12:15:00 AM AST,0
14-Oct-18 12:30:00 AM AST,0
14-Oct-18 12:45:00 AM AST,0
14-Oct-18 1:00:00 AM AST,0
14-Oct-18 1:15:00 AM AST,0
14-Oct-18 1:30:01 AM AST,0
14-Oct-18 1:45:00 AM AST,0
14-Oct-18 2:00:00 AM AST,0
14-Oct-18 2:15:01 AM AST,0
14-Oct-18 2:30:00 AM AST,0
14-Oct-18 2:45:01 AM AST,0
14-Oct-18 3:00:00 AM AST,0
14-Oct-18 3:15:00 AM AST,0
14-Oct-18 3:30:00 AM AST,0
14-Oct-18 3:45:00 AM AST,0
14-Oct-18 4:00:00 AM AST,0
14-Oct-18 4:15:00 AM AST,0
14-Oct-18 4:30:00 AM AST,0
14-Oct-18 4:45:00 AM AST,0
14-Oct-18 5:00:00 AM AST,0
14-Oct-18 5:15:00 AM AST,0
14-Oct-18 5:30:00 AM AST,0
14-Oct-18 5:45:00 AM AST,0
14-Oct-18 6:00:00 AM AST,0
14-Oct-18 6:15:00 AM AST,0
14-Oct-18 6:30:00 AM AST,1
14-Oct-18 6:45:00 AM AST,8
14-Oct-18 7:00:00 AM AST,32
14-Oct-18 7:15:00 AM AST,60
14-Oct-18 7:30:00 AM AST,86
14-Oct-18 7:45:00 AM AST,113
14-Oct-18 8:00:00 AM AST,143
14-Oct-18 8:15:00 AM AST,174
14-Oct-18 8:30:01 AM AST,205
14-Oct-18 8:45:00 AM AST,231
14-Oct-18 9:00:00 AM AST,266
14-Oct-18 9:15:00 AM AST,282
14-Oct-18 9:30:00 AM AST,315
14-Oct-18 9:45:00 AM AST,344
14-Oct-18 10:00:00 AM AST,370
14-Oct-18 10:15:00 AM AST,391
14-Oct-18 10:30:00 AM AST,428
14-Oct-18 10:45:01 AM AST,445
14-Oct-18 11:00:00 AM AST,457
14-Oct-18 11:15:00 AM AST,469
14-Oct-18 11:30:00 AM AST,482
14-Oct-18 11:45:01 AM AST,483
14-Oct-18 12:00:00 PM AST,496
14-Oct-18 12:15:00 PM AST,497
14-Oct-18 12:30:00 PM AST,498
14-Oct-18 12:45:01 PM AST,490
14-Oct-18 1:00:01 PM AST,499
14-Oct-18 1:15:01 PM AST,492
14-Oct-18 1:30:01 PM AST,476
14-Oct-18 1:45:01 PM AST,470
14-Oct-18 2:00:00 PM AST,453
14-Oct-18 2:15:00 PM AST,435
14-Oct-18 2:30:00 PM AST,403
14-Oct-18 2:45:00 PM AST,372
14-Oct-18 3:00:01 PM AST,337
14-Oct-18 3:15:00 PM AST,305
14-Oct-18 3:30:00 PM AST,263
14-Oct-18 3:45:00 PM AST,229
14-Oct-18 4:00:00 PM AST,184
14-Oct-18 4:15:00 PM AST,158
14-Oct-18 4:30:00 PM AST,122
14-Oct-18 4:45:01 PM AST,97
14-Oct-18 5:00:00 PM AST,65
14-Oct-18 5:15:01 PM AST,37
14-Oct-18 5:30:00 PM AST,14
14-Oct-18 5:45:00 PM AST,0
14-Oct-18 6:00:00 PM AST,0
14-Oct-18 6:15:00 PM AST,0
14-Oct-18 6:30:00 PM AST,0
14-Oct-18 6:45:00 PM AST,0
14-Oct-18 7:00:00 PM AST,0
14-Oct-18 7:15:00 PM AST,0
14-Oct-18 7:30:01 PM AST,0
14-Oct-18 7:45:00 PM AST,0
14-Oct-18 8:00:00 PM AST,0
14-Oct-18 8:15:00 PM AST,0
14-Oct-18 8:30:00 PM AST,0
14-Oct-18 8:45:00 PM AST,0
14-Oct-18 9:00:00 PM AST,0
14-Oct-18 9:15:00 PM AST,0
14-Oct-18 9:30:00 PM AST,0
14-Oct-18 9:45:00 PM AST,0
14-Oct-18 10:00:00 PM AST,0
14-Oct-18 10:15:00 PM AST,0
14-Oct-18 10:30:00 PM AST,0
14-Oct-18 10:45:00 PM AST,0
14-Oct-18 11:00:01 PM AST,0
14-Oct-18 11:15:01 PM AST,0
14-Oct-18 11:30:01 PM AST,0
14-Oct-18 11:45:01 PM AST,0
15-Oct-18 12:00:01 AM AST,0
15-Oct-18 12:15:00 AM AST,0
15-Oct-18 12:30:00 AM AST,0
15-Oct-18 12:45:00 AM AST,0
15-Oct-18 1:00:00 AM AST,0
15-Oct-18 1:15:00 AM AST,0
15-Oct-18 1:30:00 AM AST,0
15-Oct-18 1:45:01 AM AST,0
15-Oct-18 2:00:00 AM AST,0
15-Oct-18 2:15:00 AM AST,0
15-Oct-18 2:30:00 AM AST,0
15-Oct-18 2:45:00 AM AST,0
15-Oct-18 3:00:00 AM AST,0
15-Oct-18 3:15:00 AM AST,0
15-Oct-18 3:30:00 AM AST,0
15-Oct-18 3:45:00 AM AST,0
15-Oct-18 4:00:00 AM AST,0
15-Oct-18 4:15:00 AM AST,0
15-Oct-18 4:30:00 AM AST,0
15-Oct-18 4:45:00 AM AST,0
15-Oct-18 5:00:00 AM AST,0
15-Oct-18 5:15:00 AM AST,0
15-Oct-18 5:30:00 AM AST,0
15-Oct-18 5:45:00 AM AST,0
15-Oct-18 6:00:00 AM AST,0
15-Oct-18 6:15:00 AM AST,0
15-Oct-18 6:30:00 AM AST,0
15-Oct-18 6:45:00 AM AST,15
15-Oct-18 7:00:00 AM AST,39
15-Oct-18 7:15:00 AM AST,67
15-Oct-18 7:30:00 AM AST,90
15-Oct-18 7:45:00 AM AST,118
15-Oct-18 8:00:00 AM AST,147
15-Oct-18 8:15:00 AM AST,183
15-Oct-18 8:30:00 AM AST,219
15-Oct-18 8:45:00 AM AST,251
15-Oct-18 9:00:00 AM AST,288
15-Oct-18 9:15:00 AM AST,315
15-Oct-18 9:30:00 AM AST,340
15-Oct-18 9:45:00 AM AST,361
15-Oct-18 10:00:00 AM AST,380
15-Oct-18 10:15:01 AM AST,393
15-Oct-18 10:30:00 AM AST,421
15-Oct-18 10:45:01 AM AST,441
15-Oct-18 11:00:00 AM AST,459
15-Oct-18 11:15:00 AM AST,470
15-Oct-18 11:30:00 AM AST,491
15-Oct-18 11:45:00 AM AST,496
15-Oct-18 12:00:00 PM AST,505
15-Oct-18 12:15:00 PM AST,513
15-Oct-18 12:30:00 PM AST,515
15-Oct-18 12:45:00 PM AST,512
15-Oct-18 1:00:00 PM AST,511
15-Oct-18 1:15:01 PM AST,503
15-Oct-18 1:30:00 PM AST,488
15-Oct-18 1:45:00 PM AST,470
15-Oct-18 2:00:00 PM AST,458
15-Oct-18 2:15:00 PM AST,430
15-Oct-18 2:30:00 PM AST,401
15-Oct-18 2:45:00 PM AST,372
15-Oct-18 3:00:01 PM AST,350
15-Oct-18 3:15:01 PM AST,321
15-Oct-18 3:30:01 PM AST,291
15-Oct-18 3:45:01 PM AST,258
15-Oct-18 4:00:01 PM AST,220
15-Oct-18 4:15:01 PM AST,178
15-Oct-18 4:30:02 PM AST,138
15-Oct-18 4:45:01 PM AST,99
15-Oct-18 5:00:01 PM AST,67
15-Oct-18 5:15:01 PM AST,38
15-Oct-18 5:30:00 PM AST,17
15-Oct-18 5:45:00 PM AST,1
15-Oct-18 6:00:01 PM AST,1
15-Oct-18 6:15:01 PM AST,0
15-Oct-18 6:30:00 PM AST,0
15-Oct-18 6:45:01 PM AST,0
15-Oct-18 7:00:00 PM AST,0
15-Oct-18 7:15:00 PM AST,0
15-Oct-18 7:30:00 PM AST,0
15-Oct-18 7:45:00 PM AST,0
15-Oct-18 8:00:00 PM AST,0
15-Oct-18 8:15:00 PM AST,0
15-Oct-18 8:30:01 PM AST,0
15-Oct-18 8:45:01 PM AST,0
15-Oct-18 9:00:01 PM AST,0
15-Oct-18 9:15:01 PM AST,0
15-Oct-18 9:30:01 PM AST,0
15-Oct-18 9:45:01 PM AST,0
15-Oct-18 10:00:01 PM AST,0
15-Oct-18 10:15:01 PM AST,0
15-Oct-18 10:30:01 PM AST,0
15-Oct-18 10:45:01 PM AST,0
15-Oct-18 11:00:01 PM AST,0
15-Oct-18 11:15:01 PM AST,0
15-Oct-18 11:30:00 PM AST,0
15-Oct-18 11:45:00 PM AST,0
16-Oct-18 12:00:00 AM AST,0
16-Oct-18 12:15:01 AM AST,0
16-Oct-18 12:30:00 AM AST,0
16-Oct-18 12:45:00 AM AST,0
16-Oct-18 1:00:00 AM AST,0
16-Oct-18 1:15:00 AM AST,0
16-Oct-18 1:30:00 AM AST,0
16-Oct-18 1:45:00 AM AST,0
16-Oct-18 2:00:01 AM AST,0
16-Oct-18 2:15:01 AM AST,0
16-Oct-18 2:30:01 AM AST,0
16-Oct-18 2:45:00 AM AST,0
16-Oct-18 3:00:00 AM AST,0
16-Oct-18 3:15:00 AM AST,0
16-Oct-18 3:30:00 AM AST,0
16-Oct-18 3:45:00 AM AST,0
16-Oct-18 4:00:00 AM AST,0
16-Oct-18 4:15:00 AM AST,0
16-Oct-18 4:30:00 AM AST,0
16-Oct-18 4:45:00 AM AST,0
16-Oct-18 5:00:00 AM AST,0
16-Oct-18 5:15:00 AM AST,0
16-Oct-18 5:30:00 AM AST,0
16-Oct-18 5:45:00 AM AST,0
16-Oct-18 6:00:01 AM AST,0
16-Oct-18 6:15:00 AM AST,0
16-Oct-18 6:30:00 AM AST,0
16-Oct-18 6:45:00 AM AST,9
16-Oct-18 7:00:00 AM AST,33
16-Oct-18 7:15:00 AM AST,61
16-Oct-18 7:30:00 AM AST,89
16-Oct-18 7:45:00 AM AST,119
16-Oct-18 8:00:00 AM AST,151
16-Oct-18 8:15:00 AM AST,180
16-Oct-18 8:30:00 AM AST,215
16-Oct-18 8:45:00 AM AST,240
16-Oct-18 9:00:00 AM AST,270
16-Oct-18 9:15:00 AM AST,289
16-Oct-18 9:30:00 AM AST,312
16-Oct-18 9:45:00 AM AST,335
16-Oct-18 10:00:00 AM AST,358
16-Oct-18 10:15:00 AM AST,386
16-Oct-18 10:30:00 AM AST,413
16-Oct-18 10:45:00 AM AST,438
16-Oct-18 11:00:00 AM AST,458
16-Oct-18 11:15:00 AM AST,474
16-Oct-18 11:30:00 AM AST,482
16-Oct-18 11:45:00 AM AST,491
16-Oct-18 12:00:00 PM AST,502
16-Oct-18 12:15:00 PM AST,499
16-Oct-18 12:30:00 PM AST,501
16-Oct-18 12:45:00 PM AST,494
16-Oct-18 1:00:00 PM AST,497
16-Oct-18 1:15:00 PM AST,485
16-Oct-18 1:30:00 PM AST,465
16-Oct-18 1:45:00 PM AST,459
16-Oct-18 2:00:00 PM AST,435
16-Oct-18 2:15:01 PM AST,417
16-Oct-18 2:30:00 PM AST,398
16-Oct-18 2:45:01 PM AST,369
16-Oct-18 3:00:00 PM AST,338
16-Oct-18 3:15:00 PM AST,300
16-Oct-18 3:30:00 PM AST,271
16-Oct-18 3:45:00 PM AST,241
16-Oct-18 4:00:00 PM AST,192
16-Oct-18 4:15:01 PM AST,166
16-Oct-18 4:30:01 PM AST,128
16-Oct-18 4:45:01 PM AST,103
16-Oct-18 5:00:01 PM AST,67
16-Oct-18 5:15:01 PM AST,37
16-Oct-18 5:30:01 PM AST,14
16-Oct-18 5:45:01 PM AST,0
16-Oct-18 6:00:01 PM AST,0
16-Oct-18 6:15:01 PM AST,0
16-Oct-18 6:30:01 PM AST,0
16-Oct-18 6:45:01 PM AST,0
16-Oct-18 7:00:01 PM AST,0
16-Oct-18 7:15:01 PM AST,0
16-Oct-18 7:30:01 PM AST,0
16-Oct-18 7:45:01 PM AST,0
16-Oct-18 8:00:00 PM AST,0
16-Oct-18 8:15:01 PM AST,0
16-Oct-18 8:30:01 PM AST,0
16-Oct-18 8:45:01 PM AST,0
16-Oct-18 9:00:01 PM AST,0
16-Oct-18 9:15:01 PM AST,0
16-Oct-18 9:30:01 PM AST,0
16-Oct-18 9:45:01 PM AST,0
16-Oct-18 10:00:01 PM AST,0
16-Oct-18 10:15:01 PM AST,0
16-Oct-18 10:30:01 PM AST,0
16-Oct-18 10:45:01 PM AST,0
16-Oct-18 11:00:01 PM AST,0
16-Oct-18 11:15:01 PM AST,0
16-Oct-18 11:30:00 PM AST,0
16-Oct-18 11:45:00 PM AST,0
17-Oct-18 12:00:00 AM AST,0
17-Oct-18 12:15:00 AM AST,0
17-Oct-18 12:30:00 AM AST,0
17-Oct-18 12:45:00 AM AST,0
17-Oct-18 1:00:00 AM AST,0
17-Oct-18 1:15:00 AM AST,0
17-Oct-18 1:30:01 AM AST,0
17-Oct-18 1:45:00 AM AST,0
17-Oct-18 2:00:01 AM AST,0
17-Oct-18 2:15:00 AM AST,0
17-Oct-18 2:30:00 AM AST,0
17-Oct-18 2:45:00 AM AST,0
17-Oct-18 3:00:00 AM AST,0
17-Oct-18 3:15:00 AM AST,0
17-Oct-18 3:30:00 AM AST,0
17-Oct-18 3:45:00 AM AST,0
17-Oct-18 4:00:00 AM AST,0
17-Oct-18 4:15:00 AM AST,0
17-Oct-18 4:30:00 AM AST,0
17-Oct-18 4:45:00 AM AST,0
17-Oct-18 5:00:00 AM AST,0
17-Oct-18 5:15:00 AM AST,0
17-Oct-18 5:30:00 AM AST,0
17-Oct-18 5:45:00 AM AST,0
17-Oct-18 6:00:00 AM AST,0
17-Oct-18 6:15:00 AM AST,0
17-Oct-18 6:30:00 AM AST,0
17-Oct-18 6:45:00 AM AST,12
17-Oct-18 7:00:00 AM AST,41
17-Oct-18 7:15:00 AM AST,69
17-Oct-18 7:30:00 AM AST,92
17-Oct-18 7:45:00 AM AST,133
17-Oct-18 8:00:00 AM AST,162
17-Oct-18 8:15:00 AM AST,184
17-Oct-18 8:30:00 AM AST,232
17-Oct-18 8:45:00 AM AST,257
17-Oct-18 9:00:00 AM AST,279
17-Oct-18 9:15:00 AM AST,305
17-Oct-18 9:30:00 AM AST,326
17-Oct-18 9:45:00 AM AST,351
17-Oct-18 10:00:00 AM AST,369
17-Oct-18 10:15:01 AM AST,393
17-Oct-18 10:30:00 AM AST,421
17-Oct-18 10:45:00 AM AST,437
17-Oct-18 11:00:00 AM AST,447
17-Oct-18 11:15:00 AM AST,458
17-Oct-18 11:30:00 AM AST,474
17-Oct-18 11:45:00 AM AST,485
17-Oct-18 12:00:00 PM AST,495
17-Oct-18 12:15:01 PM AST,495
17-Oct-18 12:30:00 PM AST,493
17-Oct-18 12:45:00 PM AST,490
17-Oct-18 1:00:00 PM AST,483
17-Oct-18 1:15:01 PM AST,478
17-Oct-18 1:30:00 PM AST,459
17-Oct-18 1:45:00 PM AST,443
17-Oct-18 2:00:00 PM AST,417
17-Oct-18 2:15:00 PM AST,399
17-Oct-18 2:30:01 PM AST,369
17-Oct-18 2:45:00 PM AST,343
17-Oct-18 3:00:00 PM AST,321
17-Oct-18 3:15:01 PM AST,292
17-Oct-18 3:30:01 PM AST,267
17-Oct-18 3:45:01 PM AST,232
17-Oct-18 4:00:02 PM AST,194
17-Oct-18 4:15:01 PM AST,158
17-Oct-18 4:30:01 PM AST,121
17-Oct-18 4:45:00 PM AST,83
17-Oct-18 5:00:00 PM AST,57
17-Oct-18 5:15:00 PM AST,36
17-Oct-18 5:30:00 PM AST,17
17-Oct-18 5:45:00 PM AST,0
17-Oct-18 6:00:00 PM AST,0
17-Oct-18 6:15:00 PM AST,0
17-Oct-18 6:30:00 PM AST,0
17-Oct-18 6:45:00 PM AST,0
17-Oct-18 7:00:00 PM AST,0
17-Oct-18 7:15:00 PM AST,0
17-Oct-18 7:30:00 PM AST,0
17-Oct-18 7:45:00 PM AST,0
17-Oct-18 8:00:00 PM AST,0
17-Oct-18 8:15:00 PM AST,0
17-Oct-18 8:30:00 PM AST,0
17-Oct-18 8:45:00 PM AST,0
17-Oct-18 9:00:00 PM AST,0
17-Oct-18 9:15:00 PM AST,0
17-Oct-18 9:30:02 PM AST,0
17-Oct-18 9:45:00 PM AST,0
17-Oct-18 10:00:00 PM AST,0
17-Oct-18 10:15:00 PM AST,0
17-Oct-18 10:30:00 PM AST,0
17-Oct-18 10:45:00 PM AST,0
17-Oct-18 11:00:00 PM AST,0
17-Oct-18 11:15:00 PM AST,0
17-Oct-18 11:30:00 PM AST,0
17-Oct-18 11:45:00 PM AST,0
18-Oct-18 12:00:00 AM AST,0
18-Oct-18 12:15:00 AM AST,0
18-Oct-18 12:30:01 AM AST,0
18-Oct-18 12:45:00 AM AST,0
18-Oct-18 1:00:01 AM AST,0
18-Oct-18 1:15:00 AM AST,0
18-Oct-18 1:30:00 AM AST,0
18-Oct-18 1:45:00 AM AST,0
18-Oct-18 2:00:00 AM AST,0
18-Oct-18 2:15:00 AM AST,0
18-Oct-18 2:30:00 AM AST,0
18-Oct-18 2:45:00 AM AST,0
18-Oct-18 3:00:00 AM AST,0
18-Oct-18 3:15:00 AM AST,0
18-Oct-18 3:30:00 AM AST,0
18-Oct-18 3:45:00 AM AST,0
18-Oct-18 4:00:00 AM AST,0
18-Oct-18 4:15:00 AM AST,0
18-Oct-18 4:30:01 AM AST,0
18-Oct-18 4:45:00 AM AST,0
18-Oct-18 5:00:00 AM AST,0
18-Oct-18 5:15:00 AM AST,0
18-Oct-18 5:30:00 AM AST,0
18-Oct-18 5:45:00 AM AST,0
18-Oct-18 6:00:00 AM AST,0
18-Oct-18 6:15:00 AM AST,0
18-Oct-18 6:30:00 AM AST,1
18-Oct-18 6:45:00 AM AST,8
18-Oct-18 7:00:01 AM AST,29
18-Oct-18 7:15:01 AM AST,62
18-Oct-18 7:30:00 AM AST,54
18-Oct-18 7:45:00 AM AST,98
18-Oct-18 8:00:00 AM AST,134
18-Oct-18 8:15:00 AM AST,172
18-Oct-18 8:30:00 AM AST,209
18-Oct-18 8:45:00 AM AST,237
18-Oct-18 9:00:00 AM AST,273
18-Oct-18 9:15:00 AM AST,296
18-Oct-18 9:30:01 AM AST,328
18-Oct-18 9:45:00 AM AST,352
18-Oct-18 10:00:00 AM AST,421
18-Oct-18 10:15:00 AM AST,403
18-Oct-18 10:30:00 AM AST,440
18-Oct-18 10:45:00 AM AST,462
18-Oct-18 11:00:01 AM AST,476
18-Oct-18 11:15:00 AM AST,476
18-Oct-18 11:30:00 AM AST,480
18-Oct-18 11:45:00 AM AST,493
18-Oct-18 12:00:01 PM AST,496
18-Oct-18 12:15:00 PM AST,497
18-Oct-18 12:30:00 PM AST,497
18-Oct-18 12:45:00 PM AST,492
18-Oct-18 1:00:01 PM AST,478
18-Oct-18 1:15:01 PM AST,469
18-Oct-18 1:30:01 PM AST,453
18-Oct-18 1:45:00 PM AST,435
18-Oct-18 2:00:01 PM AST,414
18-Oct-18 2:15:01 PM AST,389
18-Oct-18 2:30:01 PM AST,375
18-Oct-18 2:45:01 PM AST,290
18-Oct-18 3:00:01 PM AST,312
18-Oct-18 3:15:01 PM AST,282
18-Oct-18 3:30:01 PM AST,251
18-Oct-18 3:45:02 PM AST,214
18-Oct-18 4:00:01 PM AST,179
18-Oct-18 4:15:01 PM AST,147
18-Oct-18 4:30:01 PM AST,115
18-Oct-18 4:45:01 PM AST,92
18-Oct-18 5:00:01 PM AST,60
18-Oct-18 5:15:01 PM AST,34
18-Oct-18 5:30:02 PM AST,10
18-Oct-18 5:45:01 PM AST,0
18-Oct-18 6:00:02 PM AST,0
18-Oct-18 6:15:01 PM AST,0
18-Oct-18 6:30:01 PM AST,0
18-Oct-18 6:45:01 PM AST,0
18-Oct-18 7:00:01 PM AST,0
18-Oct-18 7:15:01 PM AST,0
18-Oct-18 7:30:01 PM AST,0
18-Oct-18 7:45:01 PM AST,0
18-Oct-18 8:00:01 PM AST,0
18-Oct-18 8:15:01 PM AST,0
18-Oct-18 8:30:01 PM AST,0
18-Oct-18 8:45:01 PM AST,0
18-Oct-18 9:00:01 PM AST,0
18-Oct-18 9:15:01 PM AST,0
18-Oct-18 9:30:01 PM AST,0
18-Oct-18 9:45:01 PM AST,0
18-Oct-18 10:00:01 PM AST,0
18-Oct-18 10:15:01 PM AST,0
18-Oct-18 10:30:01 PM AST,0
18-Oct-18 10:45:01 PM AST,0
18-Oct-18 11:00:01 PM AST,0
18-Oct-18 11:15:01 PM AST,0
18-Oct-18 11:30:01 PM AST,0
18-Oct-18 11:45:01 PM AST,0
19-Oct-18 12:00:01 AM AST,0
19-Oct-18 12:15:01 AM AST,0
19-Oct-18 12:30:01 AM AST,0
19-Oct-18 12:45:01 AM AST,0
19-Oct-18 1:00:01 AM AST,0
19-Oct-18 1:15:01 AM AST,0
19-Oct-18 1:30:01 AM AST,0
19-Oct-18 1:45:01 AM AST,0
19-Oct-18 2:00:01 AM AST,0
19-Oct-18 2:15:01 AM AST,0
19-Oct-18 2:30:00 AM AST,0
19-Oct-18 2:45:01 AM AST,0
19-Oct-18 3:00:01 AM AST,0
19-Oct-18 3:15:01 AM AST,0
19-Oct-18 3:30:01 AM AST,0
19-Oct-18 3:45:01 AM AST,0
19-Oct-18 4:00:02 AM AST,0
19-Oct-18 4:15:01 AM AST,0
19-Oct-18 4:30:01 AM AST,0
19-Oct-18 4:45:01 AM AST,0
19-Oct-18 5:00:01 AM AST,0
19-Oct-18 5:15:01 AM AST,0
19-Oct-18 5:30:01 AM AST,0
19-Oct-18 5:45:01 AM AST,0
19-Oct-18 6:00:02 AM AST,0
19-Oct-18 6:15:01 AM AST,0
19-Oct-18 6:30:02 AM AST,0
19-Oct-18 6:45:01 AM AST,0
19-Oct-18 7:00:02 AM AST,24
19-Oct-18 7:15:01 AM AST,58
19-Oct-18 7:30:01 AM AST,75
19-Oct-18 7:45:01 AM AST,97
19-Oct-18 8:00:01 AM AST,133
19-Oct-18 8:15:01 AM AST,128
19-Oct-18 8:30:01 AM AST,168
19-Oct-18 8:45:01 AM AST,277
19-Oct-18 9:00:01 AM AST,307
19-Oct-18 9:15:01 AM AST,321
19-Oct-18 9:30:01 AM AST,352
19-Oct-18 9:45:01 AM AST,362
19-Oct-18 10:00:01 AM AST,346
19-Oct-18 10:15:01 AM AST,417
19-Oct-18 10:30:01 AM AST,442
19-Oct-18 10:45:01 AM AST,459
19-Oct-18 11:00:01 AM AST,470
19-Oct-18 11:15:01 AM AST,483
19-Oct-18 11:30:01 AM AST,494
19-Oct-18 11:45:01 AM AST,496
19-Oct-18 12:00:01 PM AST,504
19-Oct-18 12:15:01 PM AST,504
19-Oct-18 12:30:02 PM AST,506
19-Oct-18 12:45:01 PM AST,505
19-Oct-18 1:00:01 PM AST,500
19-Oct-18 1:15:02 PM AST,492
19-Oct-18 1:30:01 PM AST,477
19-Oct-18 1:45:01 PM AST,459
19-Oct-18 2:00:01 PM AST,433
19-Oct-18 2:15:01 PM AST,405
19-Oct-18 2:30:01 PM AST,380
19-Oct-18 2:45:01 PM AST,349
19-Oct-18 3:00:02 PM AST,327
19-Oct-18 3:15:01 PM AST,284
19-Oct-18 3:30:01 PM AST,271
19-Oct-18 3:45:01 PM AST,235
19-Oct-18 4:00:01 PM AST,191
19-Oct-18 4:15:01 PM AST,152
19-Oct-18 4:30:01 PM AST,118
19-Oct-18 4:45:01 PM AST,82
19-Oct-18 5:00:01 PM AST,53
19-Oct-18 5:15:01 PM AST,28
19-Oct-18 5:30:01 PM AST,1
19-Oct-18 5:45:01 PM AST,0
19-Oct-18 6:00:01 PM AST,2
19-Oct-18 6:15:01 PM AST,0
19-Oct-18 6:30:01 PM AST,0
19-Oct-18 6:45:01 PM AST,0
19-Oct-18 7:00:01 PM AST,0
19-Oct-18 7:15:01 PM AST,0
19-Oct-18 7:30:01 PM AST,0
19-Oct-18 7:45:01 PM AST,0
19-Oct-18 8:00:01 PM AST,0
19-Oct-18 8:15:01 PM AST,0
19-Oct-18 8:30:01 PM AST,0
19-Oct-18 8:45:01 PM AST,0
19-Oct-18 9:00:01 PM AST,0
19-Oct-18 9:15:01 PM AST,0
19-Oct-18 9:30:01 PM AST,0
19-Oct-18 9:45:01 PM AST,0
19-Oct-18 10:00:01 PM AST,0
19-Oct-18 10:15:01 PM AST,0
19-Oct-18 10:30:01 PM AST,0
19-Oct-18 10:45:01 PM AST,0
19-Oct-18 11:00:01 PM AST,0
19-Oct-18 11:15:01 PM AST,0
19-Oct-18 11:30:01 PM AST,0
19-Oct-18 11:45:01 PM AST,0
20-Oct-18 12:00:01 AM AST,0
20-Oct-18 12:15:01 AM AST,0
20-Oct-18 12:30:02 AM AST,0
20-Oct-18 12:45:01 AM AST,0
20-Oct-18 1:00:01 AM AST,0
20-Oct-18 1:15:01 AM AST,0
20-Oct-18 1:30:01 AM AST,0
20-Oct-18 1:45:01 AM AST,0
20-Oct-18 2:00:01 AM AST,0
20-Oct-18 2:15:01 AM AST,0
20-Oct-18 2:30:00 AM AST,0
20-Oct-18 2:45:01 AM AST,0
20-Oct-18 3:00:01 AM AST,0
20-Oct-18 3:15:01 AM AST,0
20-Oct-18 3:30:01 AM AST,0
20-Oct-18 3:45:01 AM AST,0
20-Oct-18 4:00:02 AM AST,0
20-Oct-18 4:15:01 AM AST,0
20-Oct-18 4:30:01 AM AST,0
20-Oct-18 4:45:01 AM AST,0
20-Oct-18 5:00:01 AM AST,0
20-Oct-18 5:15:01 AM AST,0
20-Oct-18 5:30:01 AM AST,0
20-Oct-18 5:45:01 AM AST,0
20-Oct-18 6:00:01 AM AST,0
20-Oct-18 6:15:01 AM AST,0
20-Oct-18 6:30:01 AM AST,2
20-Oct-18 6:45:01 AM AST,5
20-Oct-18 7:00:01 AM AST,11
20-Oct-18 7:15:01 AM AST,64
20-Oct-18 7:30:01 AM AST,93
20-Oct-18 7:45:01 AM AST,73
20-Oct-18 8:00:02 AM AST,92
20-Oct-18 8:15:01 AM AST,203
20-Oct-18 8:30:01 AM AST,200
20-Oct-18 8:45:01 AM AST,132
20-Oct-18 9:00:01 AM AST,233
20-Oct-18 9:15:01 AM AST,160
20-Oct-18 9:30:01 AM AST,340
20-Oct-18 9:45:01 AM AST,203
20-Oct-18 10:00:01 AM AST,324
20-Oct-18 10:15:01 AM AST,485
20-Oct-18 10:30:01 AM AST,416
20-Oct-18 10:45:01 AM AST,446
20-Oct-18 11:00:01 AM AST,454
20-Oct-18 11:15:01 AM AST,397
20-Oct-18 11:30:01 AM AST,403
20-Oct-18 11:45:01 AM AST,510
20-Oct-18 12:00:01 PM AST,286
20-Oct-18 12:15:02 PM AST,262
20-Oct-18 12:30:01 PM AST,416
20-Oct-18 12:45:01 PM AST,523
20-Oct-18 1:00:01 PM AST,408
20-Oct-18 1:15:01 PM AST,530
20-Oct-18 1:30:01 PM AST,513
20-Oct-18 1:45:01 PM AST,450
20-Oct-18 2:00:01 PM AST,425
20-Oct-18 2:15:01 PM AST,409
20-Oct-18 2:30:01 PM AST,379
20-Oct-18 2:45:01 PM AST,357
20-Oct-18 3:00:01 PM AST,325
20-Oct-18 3:15:02 PM AST,288
20-Oct-18 3:30:01 PM AST,259
20-Oct-18 3:45:01 PM AST,226
20-Oct-18 4:00:01 PM AST,182
20-Oct-18 4:15:01 PM AST,157
20-Oct-18 4:30:01 PM AST,119
20-Oct-18 4:45:01 PM AST,86
20-Oct-18 5:00:01 PM AST,63
20-Oct-18 5:15:01 PM AST,34
20-Oct-18 5:30:01 PM AST,0
20-Oct-18 5:45:02 PM AST,2
20-Oct-18 6:00:01 PM AST,0
20-Oct-18 6:15:01 PM AST,0
20-Oct-18 6:30:01 PM AST,0
20-Oct-18 6:45:01 PM AST,0
20-Oct-18 7:00:02 PM AST,0
20-Oct-18 7:15:02 PM AST,0
20-Oct-18 7:30:01 PM AST,0
20-Oct-18 7:45:01 PM AST,0
20-Oct-18 8:00:01 PM AST,0
20-Oct-18 8:15:01 PM AST,0
20-Oct-18 8:30:02 PM AST,0
20-Oct-18 8:45:01 PM AST,0
20-Oct-18 9:00:01 PM AST,0
20-Oct-18 9:15:01 PM AST,0
20-Oct-18 9:30:01 PM AST,0
20-Oct-18 9:45:01 PM AST,0
20-Oct-18 10:00:01 PM AST,0
20-Oct-18 10:15:01 PM AST,0
20-Oct-18 10:30:01 PM AST,0
20-Oct-18 10:45:01 PM AST,0
20-Oct-18 11:00:01 PM AST,0
20-Oct-18 11:15:01 PM AST,0
20-Oct-18 11:30:01 PM AST,0
20-Oct-18 11:45:01 PM AST,0
21-Oct-18 12:00:01 AM AST,0
21-Oct-18 12:15:01 AM AST,0
21-Oct-18 12:30:01 AM AST,0
21-Oct-18 12:45:01 AM AST,0
21-Oct-18 1:00:01 AM AST,0
21-Oct-18 1:15:01 AM AST,0
21-Oct-18 1:30:01 AM AST,0
21-Oct-18 1:45:01 AM AST,0
21-Oct-18 2:00:01 AM AST,0
21-Oct-18 2:15:01 AM AST,0
21-Oct-18 2:30:01 AM AST,0
21-Oct-18 2:45:01 AM AST,0
21-Oct-18 3:00:01 AM AST,0
21-Oct-18 3:15:01 AM AST,0
21-Oct-18 3:30:01 AM AST,0
21-Oct-18 3:45:01 AM AST,0
21-Oct-18 4:00:01 AM AST,0
21-Oct-18 4:15:03 AM AST,0
21-Oct-18 4:30:01 AM AST,0
21-Oct-18 4:45:01 AM AST,0
21-Oct-18 5:00:01 AM AST,0
21-Oct-18 5:15:01 AM AST,0
21-Oct-18 5:30:01 AM AST,0
21-Oct-18 5:45:01 AM AST,0
21-Oct-18 6:00:01 AM AST,0
21-Oct-18 6:15:01 AM AST,0
21-Oct-18 6:30:01 AM AST,0
21-Oct-18 6:45:01 AM AST,9
21-Oct-18 7:00:01 AM AST,30
21-Oct-18 7:15:01 AM AST,57
21-Oct-18 7:30:01 AM AST,80
21-Oct-18 7:45:01 AM AST,106
21-Oct-18 8:00:01 AM AST,130
21-Oct-18 8:15:01 AM AST,159
21-Oct-18 8:30:01 AM AST,193
21-Oct-18 8:45:01 AM AST,230
21-Oct-18 9:00:01 AM AST,266
21-Oct-18 9:15:01 AM AST,292
21-Oct-18 9:30:01 AM AST,319
21-Oct-18 9:45:01 AM AST,349
21-Oct-18 10:00:01 AM AST,366
21-Oct-18 10:15:01 AM AST,394
21-Oct-18 10:30:02 AM AST,420
21-Oct-18 10:45:01 AM AST,444
21-Oct-18 11:00:01 AM AST,450
21-Oct-18 11:15:01 AM AST,470
21-Oct-18 11:30:02 AM AST,484
21-Oct-18 11:45:01 AM AST,492
21-Oct-18 12:00:01 PM AST,496
21-Oct-18 12:15:01 PM AST,500
21-Oct-18 12:30:01 PM AST,500
21-Oct-18 12:45:01 PM AST,497
21-Oct-18 1:00:01 PM AST,492
21-Oct-18 1:15:01 PM AST,487
21-Oct-18 1:30:01 PM AST,475
21-Oct-18 1:45:02 PM AST,455
21-Oct-18 2:00:01 PM AST,437
21-Oct-18 2:15:01 PM AST,417
21-Oct-18 2:30:01 PM AST,392
21-Oct-18 2:45:01 PM AST,363
21-Oct-18 3:00:01 PM AST,347
21-Oct-18 3:15:01 PM AST,310
21-Oct-18 3:30:01 PM AST,284
21-Oct-18 3:45:01 PM AST,250
21-Oct-18 4:00:01 PM AST,214
21-Oct-18 4:15:01 PM AST,170
21-Oct-18 4:30:01 PM AST,129
21-Oct-18 4:45:02 PM AST,77
21-Oct-18 5:00:01 PM AST,45
21-Oct-18 5:15:01 PM AST,5
21-Oct-18 5:30:01 PM AST,1
21-Oct-18 5:45:01 PM AST,1
21-Oct-18 6:00:01 PM AST,0
21-Oct-18 6:15:01 PM AST,0
21-Oct-18 6:30:01 PM AST,0
21-Oct-18 6:45:01 PM AST,0
21-Oct-18 7:00:01 PM AST,0
21-Oct-18 7:15:01 PM AST,0
21-Oct-18 7:30:02 PM AST,0
21-Oct-18 7:45:01 PM AST,0
21-Oct-18 8:00:01 PM AST,0
21-Oct-18 8:15:01 PM AST,0
21-Oct-18 8:30:01 PM AST,0
21-Oct-18 8:45:01 PM AST,0
21-Oct-18 9:00:02 PM AST,0
21-Oct-18 9:15:01 PM AST,0
21-Oct-18 9:30:01 PM AST,0
21-Oct-18 9:45:01 PM AST,0
21-Oct-18 10:00:01 PM AST,0
21-Oct-18 10:15:01 PM AST,0
21-Oct-18 10:30:01 PM AST,0
21-Oct-18 10:45:01 PM AST,0
21-Oct-18 11:00:01 PM AST,0
21-Oct-18 11:15:01 PM AST,0
21-Oct-18 11:30:01 PM AST,0
21-Oct-18 11:45:01 PM AST,0
22-Oct-18 12:00:01 AM AST,0
22-Oct-18 12:15:01 AM AST,0
22-Oct-18 12:30:01 AM AST,0
22-Oct-18 12:45:02 AM AST,0
22-Oct-18 1:00:02 AM AST,0
22-Oct-18 1:15:01 AM AST,0
22-Oct-18 1:30:01 AM AST,0
22-Oct-18 1:45:01 AM AST,0
22-Oct-18 2:00:01 AM AST,0
22-Oct-18 2:15:01 AM AST,0
22-Oct-18 2:30:01 AM AST,0
22-Oct-18 2:45:01 AM AST,0
22-Oct-18 3:00:01 AM AST,0
22-Oct-18 3:15:01 AM AST,0
22-Oct-18 3:30:01 AM AST,0
22-Oct-18 3:45:02 AM AST,0
22-Oct-18 4:00:01 AM AST,0
22-Oct-18 4:15:01 AM AST,0
22-Oct-18 4:30:02 AM AST,0
22-Oct-18 4:45:01 AM AST,0
22-Oct-18 5:00:01 AM AST,0
22-Oct-18 5:15:02 AM AST,0
22-Oct-18 5:30:01 AM AST,0
22-Oct-18 5:45:01 AM AST,0
22-Oct-18 6:00:02 AM AST,0
22-Oct-18 6:15:01 AM AST,0
22-Oct-18 6:30:01 AM AST,1
22-Oct-18 6:45:01 AM AST,8
22-Oct-18 7:00:01 AM AST,24
22-Oct-18 7:15:01 AM AST,51
22-Oct-18 7:30:01 AM AST,81
22-Oct-18 7:45:01 AM AST,109
22-Oct-18 8:00:01 AM AST,135
22-Oct-18 8:15:01 AM AST,162
22-Oct-18 8:30:01 AM AST,202
22-Oct-18 8:45:01 AM AST,219
22-Oct-18 9:00:01 AM AST,263
22-Oct-18 9:15:01 AM AST,283
22-Oct-18 9:30:02 AM AST,314
22-Oct-18 9:45:01 AM AST,334
22-Oct-18 10:00:01 AM AST,359
22-Oct-18 10:15:01 AM AST,391
22-Oct-18 10:30:01 AM AST,417
22-Oct-18 10:45:01 AM AST,437
22-Oct-18 11:00:01 AM AST,450
22-Oct-18 11:15:02 AM AST,460
22-Oct-18 11:30:01 AM AST,469
22-Oct-18 11:45:01 AM AST,479
22-Oct-18 12:00:01 PM AST,488
22-Oct-18 12:15:01 PM AST,493
22-Oct-18 12:30:00 PM AST,495
22-Oct-18 12:45:00 PM AST,491
22-Oct-18 1:00:00 PM AST,484
22-Oct-18 1:15:00 PM AST,476
22-Oct-18 1:30:00 PM AST,461
22-Oct-18 1:45:00 PM AST,446
22-Oct-18 2:00:00 PM AST,426
22-Oct-18 2:15:00 PM AST,409
22-Oct-18 2:30:00 PM AST,369
22-Oct-18 2:45:00 PM AST,350
22-Oct-18 3:00:00 PM AST,345
22-Oct-18 3:15:00 PM AST,305
22-Oct-18 3:30:00 PM AST,270
22-Oct-18 3:45:01 PM AST,218
22-Oct-18 4:00:00 PM AST,201
22-Oct-18 4:15:00 PM AST,154
22-Oct-18 4:30:00 PM AST,119
22-Oct-18 4:45:00 PM AST,92
22-Oct-18 5:00:00 PM AST,60
22-Oct-18 5:15:00 PM AST,8
22-Oct-18 5:30:00 PM AST,1
22-Oct-18 5:45:00 PM AST,1
22-Oct-18 6:00:01 PM AST,0
22-Oct-18 6:15:01 PM AST,0
22-Oct-18 6:30:01 PM AST,0
22-Oct-18 6:45:00 PM AST,0
22-Oct-18 7:00:01 PM AST,0
22-Oct-18 7:15:00 PM AST,0
22-Oct-18 7:30:00 PM AST,0
22-Oct-18 7:45:00 PM AST,0
22-Oct-18 8:00:01 PM AST,0
22-Oct-18 8:15:00 PM AST,0
22-Oct-18 8:30:00 PM AST,0
22-Oct-18 8:45:01 PM AST,0
22-Oct-18 9:00:00 PM AST,0
22-Oct-18 9:15:00 PM AST,0
22-Oct-18 9:30:00 PM AST,0
22-Oct-18 9:45:00 PM AST,0
22-Oct-18 10:00:00 PM AST,0
22-Oct-18 10:15:00 PM AST,0
22-Oct-18 10:30:00 PM AST,0
22-Oct-18 10:45:01 PM AST,0
22-Oct-18 11:00:01 PM AST,0
22-Oct-18 11:15:01 PM AST,0
22-Oct-18 11:30:01 PM AST,0
22-Oct-18 11:45:00 PM AST,0
23-Oct-18 12:00:00 AM AST,0
23-Oct-18 12:15:00 AM AST,0
23-Oct-18 12:30:00 AM AST,0
23-Oct-18 12:45:00 AM AST,0
23-Oct-18 1:00:00 AM AST,0
23-Oct-18 1:15:00 AM AST,0
23-Oct-18 1:30:00 AM AST,0
23-Oct-18 1:45:00 AM AST,0
23-Oct-18 2:00:01 AM AST,0
23-Oct-18 2:15:02 AM AST,0
23-Oct-18 2:30:00 AM AST,0
23-Oct-18 2:45:00 AM AST,0
23-Oct-18 3:00:00 AM AST,0
23-Oct-18 3:15:00 AM AST,0
23-Oct-18 3:30:00 AM AST,0
23-Oct-18 3:45:00 AM AST,0
23-Oct-18 4:00:00 AM AST,0
23-Oct-18 4:15:00 AM AST,0
23-Oct-18 4:30:00 AM AST,0
23-Oct-18 4:45:00 AM AST,0
23-Oct-18 5:00:00 AM AST,0
23-Oct-18 5:15:00 AM AST,0
23-Oct-18 5:30:00 AM AST,0
23-Oct-18 5:45:00 AM AST,0
23-Oct-18 6:00:00 AM AST,0
23-Oct-18 6:15:00 AM AST,0
23-Oct-18 6:30:00 AM AST,3
23-Oct-18 6:45:00 AM AST,5
23-Oct-18 7:00:00 AM AST,28
23-Oct-18 7:15:01 AM AST,23
23-Oct-18 7:30:00 AM AST,20
23-Oct-18 7:45:00 AM AST,65
23-Oct-18 8:00:00 AM AST,80
23-Oct-18 8:15:00 AM AST,92
23-Oct-18 8:30:00 AM AST,107
23-Oct-18 8:45:01 AM AST,114
23-Oct-18 9:00:00 AM AST,105
23-Oct-18 9:15:00 AM AST,120
23-Oct-18 9:30:00 AM AST,134
23-Oct-18 9:45:00 AM AST,139
23-Oct-18 10:00:00 AM AST,152
23-Oct-18 10:15:00 AM AST,204
23-Oct-18 10:30:01 AM AST,205
23-Oct-18 10:45:00 AM AST,223
23-Oct-18 11:00:00 AM AST,268
23-Oct-18 11:15:00 AM AST,295
23-Oct-18 11:30:00 AM AST,279
23-Oct-18 11:45:00 AM AST,355
23-Oct-18 12:00:00 PM AST,306
23-Oct-18 12:15:00 PM AST,446
23-Oct-18 12:30:00 PM AST,381
23-Oct-18 12:45:01 PM AST,239
23-Oct-18 1:00:00 PM AST,223
23-Oct-18 1:15:00 PM AST,220
23-Oct-18 1:30:00 PM AST,221
23-Oct-18 1:45:00 PM AST,263
23-Oct-18 2:00:00 PM AST,216
23-Oct-18 2:15:00 PM AST,166
23-Oct-18 2:30:00 PM AST,136
23-Oct-18 2:45:00 PM AST,137
23-Oct-18 3:00:00 PM AST,106
23-Oct-18 3:15:00 PM AST,83
23-Oct-18 3:30:00 PM AST,68
23-Oct-18 3:45:00 PM AST,61
23-Oct-18 4:00:00 PM AST,49
23-Oct-18 4:15:00 PM AST,40
23-Oct-18 4:30:01 PM AST,20
23-Oct-18 4:45:00 PM AST,21
23-Oct-18 5:00:00 PM AST,13
23-Oct-18 5:15:00 PM AST,0
23-Oct-18 5:30:00 PM AST,1
23-Oct-18 5:45:00 PM AST,0
23-Oct-18 6:00:00 PM AST,0
23-Oct-18 6:15:00 PM AST,0
23-Oct-18 6:30:00 PM AST,0
23-Oct-18 6:45:00 PM AST,0
23-Oct-18 7:00:00 PM AST,0
23-Oct-18 7:15:00 PM AST,0
23-Oct-18 7:30:01 PM AST,0
23-Oct-18 7:45:00 PM AST,0
23-Oct-18 8:00:00 PM AST,0
23-Oct-18 8:15:00 PM AST,0
23-Oct-18 8:30:00 PM AST,0
23-Oct-18 8:45:00 PM AST,0
23-Oct-18 9:00:00 PM AST,0
23-Oct-18 9:15:00 PM AST,0
23-Oct-18 9:30:00 PM AST,0
23-Oct-18 9:45:00 PM AST,0
23-Oct-18 10:00:00 PM AST,0
23-Oct-18 10:15:00 PM AST,0
23-Oct-18 10:30:00 PM AST,0
23-Oct-18 10:45:00 PM AST,0
23-Oct-18 11:00:00 PM AST,0
23-Oct-18 11:15:00 PM AST,0
23-Oct-18 11:30:00 PM AST,0
23-Oct-18 11:45:00 PM AST,0
24-Oct-18 12:00:00 AM AST,0
24-Oct-18 12:15:00 AM AST,0
24-Oct-18 12:30:00 AM AST,0
24-Oct-18 12:45:01 AM AST,0
24-Oct-18 1:00:00 AM AST,0
24-Oct-18 1:15:01 AM AST,0
24-Oct-18 1:30:00 AM AST,0
24-Oct-18 1:45:00 AM AST,0
24-Oct-18 2:00:00 AM AST,0
24-Oct-18 2:15:01 AM AST,0
24-Oct-18 2:30:00 AM AST,0
24-Oct-18 2:45:00 AM AST,0
24-Oct-18 3:00:00 AM AST,0
24-Oct-18 3:15:00 AM AST,0
24-Oct-18 3:30:00 AM AST,0
24-Oct-18 3:45:01 AM AST,0
24-Oct-18 4:00:01 AM AST,0
24-Oct-18 4:15:00 AM AST,0
24-Oct-18 4:30:00 AM AST,0
24-Oct-18 4:45:00 AM AST,0
24-Oct-18 5:00:00 AM AST,0
24-Oct-18 5:15:00 AM AST,0
24-Oct-18 5:30:00 AM AST,0
24-Oct-18 5:45:00 AM AST,0
24-Oct-18 6:00:00 AM AST,0
24-Oct-18 6:15:00 AM AST,0
24-Oct-18 6:30:00 AM AST,0
24-Oct-18 6:45:00 AM AST,2
24-Oct-18 7:00:00 AM AST,7
24-Oct-18 7:15:00 AM AST,47
24-Oct-18 7:30:01 AM AST,47
24-Oct-18 7:45:01 AM AST,80
24-Oct-18 8:00:01 AM AST,109
24-Oct-18 8:15:00 AM AST,176
24-Oct-18 8:30:00 AM AST,190
24-Oct-18 8:45:00 AM AST,284
24-Oct-18 9:00:00 AM AST,308
24-Oct-18 9:15:00 AM AST,298
24-Oct-18 9:30:00 AM AST,272
24-Oct-18 9:45:00 AM AST,413
24-Oct-18 10:00:01 AM AST,411
24-Oct-18 10:15:00 AM AST,295
24-Oct-18 10:30:00 AM AST,499
24-Oct-18 10:45:00 AM AST,493
24-Oct-18 11:00:00 AM AST,322
24-Oct-18 11:15:00 AM AST,279
24-Oct-18 11:30:00 AM AST,292
24-Oct-18 11:45:00 AM AST,275
24-Oct-18 12:00:01 PM AST,281
24-Oct-18 12:15:00 PM AST,321
24-Oct-18 12:30:00 PM AST,372
24-Oct-18 12:45:00 PM AST,475
24-Oct-18 1:00:00 PM AST,514
24-Oct-18 1:15:00 PM AST,401
24-Oct-18 1:30:00 PM AST,317
24-Oct-18 1:45:00 PM AST,404
24-Oct-18 2:00:00 PM AST,442
24-Oct-18 2:15:00 PM AST,389
24-Oct-18 2:30:00 PM AST,338
24-Oct-18 2:45:00 PM AST,333
24-Oct-18 3:00:00 PM AST,302
24-Oct-18 3:15:01 PM AST,195
24-Oct-18 3:30:00 PM AST,166
24-Oct-18 3:45:01 PM AST,75
24-Oct-18 4:00:01 PM AST,120
24-Oct-18 4:15:01 PM AST,62
24-Oct-18 4:30:00 PM AST,34
24-Oct-18 4:45:00 PM AST,27
24-Oct-18 5:00:00 PM AST,18
24-Oct-18 5:15:01 PM AST,6
24-Oct-18 5:30:00 PM AST,1
24-Oct-18 5:45:00 PM AST,2
24-Oct-18 6:00:01 PM AST,0
24-Oct-18 6:15:00 PM AST,0
24-Oct-18 6:30:00 PM AST,0
24-Oct-18 6:45:00 PM AST,0
24-Oct-18 7:00:00 PM AST,0
24-Oct-18 7:15:00 PM AST,0
24-Oct-18 7:30:00 PM AST,0
24-Oct-18 7:45:01 PM AST,0
24-Oct-18 8:00:00 PM AST,0
24-Oct-18 8:15:00 PM AST,0
24-Oct-18 8:30:01 PM AST,0
24-Oct-18 8:45:00 PM AST,0
24-Oct-18 9:00:00 PM AST,0
24-Oct-18 9:15:00 PM AST,0
24-Oct-18 9:30:00 PM AST,0
24-Oct-18 9:45:00 PM AST,0
24-Oct-18 10:00:00 PM AST,0
24-Oct-18 10:15:00 PM AST,0
24-Oct-18 10:30:00 PM AST,0
24-Oct-18 10:45:00 PM AST,0
24-Oct-18 11:00:00 PM AST,0
24-Oct-18 11:15:00 PM AST,0
24-Oct-18 11:30:01 PM AST,0
24-Oct-18 11:45:00 PM AST,0
25-Oct-18 12:00:00 AM AST,0
25-Oct-18 12:15:00 AM AST,0
25-Oct-18 12:30:00 AM AST,0
25-Oct-18 12:45:00 AM AST,0
25-Oct-18 1:00:01 AM AST,0
25-Oct-18 1:15:00 AM AST,0
25-Oct-18 1:30:01 AM AST,0
25-Oct-18 1:45:00 AM AST,0
25-Oct-18 2:00:00 AM AST,0
25-Oct-18 2:15:00 AM AST,0
25-Oct-18 2:30:00 AM AST,0
25-Oct-18 2:45:00 AM AST,0
25-Oct-18 3:00:00 AM AST,0
25-Oct-18 3:15:00 AM AST,0
25-Oct-18 3:30:00 AM AST,0
25-Oct-18 3:45:00 AM AST,0
25-Oct-18 4:00:00 AM AST,0
25-Oct-18 4:15:00 AM AST,0
25-Oct-18 4:30:00 AM AST,0
25-Oct-18 4:45:00 AM AST,0
25-Oct-18 5:00:00 AM AST,0
25-Oct-18 5:15:00 AM AST,0
25-Oct-18 5:30:00 AM AST,0
25-Oct-18 5:45:00 AM AST,0
25-Oct-18 6:00:00 AM AST,0
25-Oct-18 6:15:00 AM AST,0
25-Oct-18 6:30:00 AM AST,0
25-Oct-18 6:45:00 AM AST,0
25-Oct-18 7:00:00 AM AST,2
25-Oct-18 7:15:00 AM AST,12
25-Oct-18 7:30:00 AM AST,20
25-Oct-18 7:45:00 AM AST,20
25-Oct-18 8:00:00 AM AST,35
25-Oct-18 8:15:00 AM AST,73
25-Oct-18 8:30:00 AM AST,90
25-Oct-18 8:45:00 AM AST,250
25-Oct-18 9:00:01 AM AST,434
25-Oct-18 9:15:00 AM AST,253
25-Oct-18 9:30:01 AM AST,372
25-Oct-18 9:45:00 AM AST,261
25-Oct-18 10:00:00 AM AST,353
25-Oct-18 10:15:00 AM AST,376
25-Oct-18 10:30:00 AM AST,498
25-Oct-18 10:45:00 AM AST,505
25-Oct-18 11:00:00 AM AST,472
25-Oct-18 11:15:00 AM AST,476
25-Oct-18 11:30:00 AM AST,637
25-Oct-18 11:45:00 AM AST,529
25-Oct-18 12:00:01 PM AST,527
25-Oct-18 12:15:00 PM AST,517
25-Oct-18 12:30:00 PM AST,526
25-Oct-18 12:45:00 PM AST,508
25-Oct-18 1:00:00 PM AST,457
25-Oct-18 1:15:00 PM AST,491
25-Oct-18 1:30:02 PM AST,492
25-Oct-18 1:45:00 PM AST,495
25-Oct-18 2:00:01 PM AST,297
25-Oct-18 2:15:00 PM AST,280
25-Oct-18 2:30:00 PM AST,318
25-Oct-18 2:45:00 PM AST,192
25-Oct-18 3:00:00 PM AST,203
25-Oct-18 3:15:01 PM AST,146
25-Oct-18 3:30:01 PM AST,214
25-Oct-18 3:45:00 PM AST,270
25-Oct-18 4:00:00 PM AST,169
25-Oct-18 4:15:01 PM AST,57
25-Oct-18 4:30:00 PM AST,143
25-Oct-18 4:45:00 PM AST,79
25-Oct-18 5:00:00 PM AST,17
25-Oct-18 5:15:00 PM AST,22
25-Oct-18 5:30:00 PM AST,2
25-Oct-18 5:45:00 PM AST,3
25-Oct-18 6:00:00 PM AST,0
25-Oct-18 6:15:00 PM AST,0
25-Oct-18 6:30:01 PM AST,0
25-Oct-18 6:45:00 PM AST,0
25-Oct-18 7:00:00 PM AST,0
25-Oct-18 7:15:01 PM AST,0
25-Oct-18 7:30:00 PM AST,0
25-Oct-18 7:45:00 PM AST,0
25-Oct-18 8:00:00 PM AST,0
25-Oct-18 8:15:00 PM AST,0
25-Oct-18 8:30:00 PM AST,0
25-Oct-18 8:45:00 PM AST,0
25-Oct-18 9:00:00 PM AST,0
25-Oct-18 9:15:00 PM AST,0
25-Oct-18 9:30:00 PM AST,0
25-Oct-18 9:45:01 PM AST,0
25-Oct-18 10:00:01 PM AST,0
25-Oct-18 10:15:01 PM AST,0
25-Oct-18 10:30:01 PM AST,0
25-Oct-18 10:45:01 PM AST,0
25-Oct-18 11:00:01 PM AST,0
25-Oct-18 11:15:01 PM AST,0
25-Oct-18 11:30:01 PM AST,0
25-Oct-18 11:45:00 PM AST,0
26-Oct-18 12:00:00 AM AST,0
26-Oct-18 12:15:00 AM AST,0
26-Oct-18 12:30:00 AM AST,0
26-Oct-18 12:45:00 AM AST,0
26-Oct-18 1:00:02 AM AST,0
26-Oct-18 1:15:01 AM AST,0
26-Oct-18 1:30:00 AM AST,0
26-Oct-18 1:45:00 AM AST,0
26-Oct-18 2:00:00 AM AST,0
26-Oct-18 2:15:00 AM AST,0
26-Oct-18 2:30:01 AM AST,0
26-Oct-18 2:45:00 AM AST,0
26-Oct-18 3:00:00 AM AST,0
26-Oct-18 3:15:01 AM AST,0
26-Oct-18 3:30:00 AM AST,0
26-Oct-18 3:45:00 AM AST,0
26-Oct-18 4:00:00 AM AST,0
26-Oct-18 4:15:00 AM AST,0
26-Oct-18 4:30:00 AM AST,0
26-Oct-18 4:45:01 AM AST,0
26-Oct-18 5:00:00 AM AST,0
26-Oct-18 5:15:00 AM AST,0
26-Oct-18 5:30:00 AM AST,0
26-Oct-18 5:45:00 AM AST,0
26-Oct-18 6:00:00 AM AST,0
26-Oct-18 6:15:00 AM AST,0
26-Oct-18 6:30:00 AM AST,0
26-Oct-18 6:45:00 AM AST,11
26-Oct-18 7:00:01 AM AST,44
26-Oct-18 7:15:01 AM AST,69
26-Oct-18 7:30:02 AM AST,95
26-Oct-18 7:45:00 AM AST,115
26-Oct-18 8:00:01 AM AST,134
26-Oct-18 8:15:00 AM AST,162
26-Oct-18 8:30:00 AM AST,198
26-Oct-18 8:45:00 AM AST,236
26-Oct-18 9:00:01 AM AST,266
26-Oct-18 9:15:00 AM AST,292
26-Oct-18 9:30:00 AM AST,317
26-Oct-18 9:45:01 AM AST,337
26-Oct-18 10:00:00 AM AST,364
26-Oct-18 10:15:00 AM AST,400
26-Oct-18 10:30:01 AM AST,423
26-Oct-18 10:45:00 AM AST,442
26-Oct-18 11:00:00 AM AST,462
26-Oct-18 11:15:00 AM AST,480
26-Oct-18 11:30:00 AM AST,488
26-Oct-18 11:45:00 AM AST,501
26-Oct-18 12:00:00 PM AST,501
26-Oct-18 12:15:00 PM AST,425
26-Oct-18 12:30:00 PM AST,503
26-Oct-18 12:45:00 PM AST,495
26-Oct-18 1:00:00 PM AST,423
26-Oct-18 1:15:00 PM AST,515
26-Oct-18 1:30:00 PM AST,471
26-Oct-18 1:45:00 PM AST,416
26-Oct-18 2:00:00 PM AST,423
26-Oct-18 2:15:00 PM AST,424
26-Oct-18 2:30:00 PM AST,411
26-Oct-18 2:45:00 PM AST,334
26-Oct-18 3:00:00 PM AST,333
26-Oct-18 3:15:01 PM AST,296
26-Oct-18 3:30:00 PM AST,250
26-Oct-18 3:45:00 PM AST,221
26-Oct-18 4:00:01 PM AST,186
26-Oct-18 4:15:00 PM AST,144
26-Oct-18 4:30:00 PM AST,115
26-Oct-18 4:45:00 PM AST,82
26-Oct-18 5:00:00 PM AST,36
26-Oct-18 5:15:00 PM AST,0
26-Oct-18 5:30:00 PM AST,3
26-Oct-18 5:45:00 PM AST,1
26-Oct-18 6:00:00 PM AST,0
26-Oct-18 6:15:00 PM AST,0
26-Oct-18 6:30:00 PM AST,0
26-Oct-18 6:45:00 PM AST,0
26-Oct-18 7:00:01 PM AST,0
26-Oct-18 7:15:00 PM AST,0
26-Oct-18 7:30:00 PM AST,0
26-Oct-18 7:45:00 PM AST,0
26-Oct-18 8:00:00 PM AST,0
26-Oct-18 8:15:00 PM AST,0
26-Oct-18 8:30:00 PM AST,0
26-Oct-18 8:45:00 PM AST,0
26-Oct-18 9:00:00 PM AST,0
26-Oct-18 9:15:01 PM AST,0
26-Oct-18 9:30:00 PM AST,0
26-Oct-18 9:45:00 PM AST,0
26-Oct-18 10:00:00 PM AST,0
26-Oct-18 10:15:00 PM AST,0
26-Oct-18 10:30:00 PM AST,0
26-Oct-18 10:45:00 PM AST,0
26-Oct-18 11:00:00 PM AST,0
26-Oct-18 11:15:00 PM AST,0
26-Oct-18 11:30:00 PM AST,0
26-Oct-18 11:45:00 PM AST,0
27-Oct-18 12:00:00 AM AST,0
27-Oct-18 12:15:00 AM AST,0
27-Oct-18 12:30:00 AM AST,0
27-Oct-18 12:45:00 AM AST,0
27-Oct-18 1:00:00 AM AST,0
27-Oct-18 1:15:01 AM AST,0
27-Oct-18 1:30:00 AM AST,0
27-Oct-18 1:45:00 AM AST,0
27-Oct-18 2:00:01 AM AST,0
27-Oct-18 2:15:00 AM AST,0
27-Oct-18 2:30:00 AM AST,0
27-Oct-18 2:45:00 AM AST,0
27-Oct-18 3:00:00 AM AST,0
27-Oct-18 3:15:00 AM AST,0
27-Oct-18 3:30:00 AM AST,0
27-Oct-18 3:45:00 AM AST,0
27-Oct-18 4:00:00 AM AST,0
27-Oct-18 4:15:01 AM AST,0
27-Oct-18 4:30:00 AM AST,0
27-Oct-18 4:45:00 AM AST,0
27-Oct-18 5:00:00 AM AST,0
27-Oct-18 5:15:00 AM AST,0
27-Oct-18 5:30:00 AM AST,0
27-Oct-18 5:45:00 AM AST,0
27-Oct-18 6:00:01 AM AST,0
27-Oct-18 6:15:00 AM AST,0
27-Oct-18 6:30:00 AM AST,3
27-Oct-18 6:45:01 AM AST,5
27-Oct-18 7:00:00 AM AST,21
27-Oct-18 7:15:00 AM AST,51
27-Oct-18 7:30:00 AM AST,71
27-Oct-18 7:45:00 AM AST,97
27-Oct-18 8:00:00 AM AST,128
27-Oct-18 8:15:00 AM AST,175
27-Oct-18 8:30:00 AM AST,193
27-Oct-18 8:45:00 AM AST,225
27-Oct-18 9:00:00 AM AST,268
27-Oct-18 9:15:00 AM AST,291
27-Oct-18 9:30:00 AM AST,311
27-Oct-18 9:45:01 AM AST,341
27-Oct-18 10:00:00 AM AST,359
27-Oct-18 10:15:00 AM AST,375
27-Oct-18 10:30:00 AM AST,414
27-Oct-18 10:45:00 AM AST,426
27-Oct-18 11:00:00 AM AST,442
27-Oct-18 11:15:00 AM AST,460
27-Oct-18 11:30:00 AM AST,470
27-Oct-18 11:45:00 AM AST,483
27-Oct-18 12:00:00 PM AST,485
27-Oct-18 12:15:00 PM AST,481
27-Oct-18 12:30:00 PM AST,493
27-Oct-18 12:45:00 PM AST,481
27-Oct-18 1:00:00 PM AST,477
27-Oct-18 1:15:00 PM AST,470
27-Oct-18 1:30:00 PM AST,456
27-Oct-18 1:45:00 PM AST,439
27-Oct-18 2:00:00 PM AST,421
27-Oct-18 2:15:01 PM AST,397
27-Oct-18 2:30:00 PM AST,369
27-Oct-18 2:45:00 PM AST,344
27-Oct-18 3:00:00 PM AST,315
27-Oct-18 3:15:00 PM AST,294
27-Oct-18 3:30:00 PM AST,258
27-Oct-18 3:45:00 PM AST,232
27-Oct-18 4:00:01 PM AST,193
27-Oct-18 4:15:01 PM AST,152
27-Oct-18 4:30:00 PM AST,115
27-Oct-18 4:45:01 PM AST,79
27-Oct-18 5:00:01 PM AST,48
27-Oct-18 5:15:00 PM AST,21
27-Oct-18 5:30:00 PM AST,1
27-Oct-18 5:45:00 PM AST,1
27-Oct-18 6:00:00 PM AST,0
27-Oct-18 6:15:00 PM AST,0
27-Oct-18 6:30:00 PM AST,0
27-Oct-18 6:45:00 PM AST,0
27-Oct-18 7:00:00 PM AST,0
27-Oct-18 7:15:00 PM AST,0
27-Oct-18 7:30:00 PM AST,0
27-Oct-18 7:45:00 PM AST,0
27-Oct-18 8:00:00 PM AST,0
27-Oct-18 8:15:00 PM AST,0
27-Oct-18 8:30:01 PM AST,0
27-Oct-18 8:45:00 PM AST,0
27-Oct-18 9:00:00 PM AST,0
27-Oct-18 9:15:00 PM AST,0
27-Oct-18 9:30:00 PM AST,0
27-Oct-18 9:45:00 PM AST,0
27-Oct-18 10:00:00 PM AST,0
27-Oct-18 10:15:00 PM AST,0
27-Oct-18 10:30:00 PM AST,0
27-Oct-18 10:45:00 PM AST,0
27-Oct-18 11:00:01 PM AST,0
27-Oct-18 11:15:01 PM AST,0
27-Oct-18 11:30:00 PM AST,0
27-Oct-18 11:45:00 PM AST,0
28-Oct-18 12:00:00 AM AST,0
28-Oct-18 12:15:00 AM AST,0
28-Oct-18 12:30:01 AM AST,0
28-Oct-18 12:45:00 AM AST,0
28-Oct-18 1:00:00 AM AST,0
28-Oct-18 1:15:00 AM AST,0
28-Oct-18 1:30:00 AM AST,0
28-Oct-18 1:45:00 AM AST,0
28-Oct-18 2:00:00 AM AST,0
28-Oct-18 2:15:00 AM AST,0
28-Oct-18 2:30:00 AM AST,0
28-Oct-18 2:45:01 AM AST,0
28-Oct-18 3:00:00 AM AST,0
28-Oct-18 3:15:00 AM AST,0
28-Oct-18 3:30:00 AM AST,0
28-Oct-18 3:45:00 AM AST,0
28-Oct-18 4:00:00 AM AST,0
28-Oct-18 4:15:00 AM AST,0
28-Oct-18 4:30:01 AM AST,0
28-Oct-18 4:45:01 AM AST,0
28-Oct-18 5:00:00 AM AST,0
28-Oct-18 5:15:00 AM AST,0
28-Oct-18 5:30:00 AM AST,0
28-Oct-18 5:45:00 AM AST,0
28-Oct-18 6:00:00 AM AST,0
28-Oct-18 6:15:02 AM AST,0
28-Oct-18 6:30:00 AM AST,1
28-Oct-18 6:45:00 AM AST,1
28-Oct-18 7:00:01 AM AST,17
28-Oct-18 7:15:00 AM AST,41
28-Oct-18 7:30:00 AM AST,66
28-Oct-18 7:45:00 AM AST,94
28-Oct-18 8:00:00 AM AST,123
28-Oct-18 8:15:00 AM AST,156
28-Oct-18 8:30:00 AM AST,192
28-Oct-18 8:45:00 AM AST,218
28-Oct-18 9:00:00 AM AST,228
28-Oct-18 9:15:00 AM AST,279
28-Oct-18 9:30:00 AM AST,295
28-Oct-18 9:45:00 AM AST,319
28-Oct-18 10:00:00 AM AST,341
28-Oct-18 10:15:00 AM AST,373
28-Oct-18 10:30:00 AM AST,380
28-Oct-18 10:45:01 AM AST,398
28-Oct-18 11:00:01 AM AST,410
28-Oct-18 11:15:00 AM AST,431
28-Oct-18 11:30:00 AM AST,431
28-Oct-18 11:45:00 AM AST,444
28-Oct-18 12:00:00 PM AST,420
28-Oct-18 12:15:00 PM AST,413
28-Oct-18 12:30:01 PM AST,409
28-Oct-18 12:45:00 PM AST,402
28-Oct-18 1:00:00 PM AST,395
28-Oct-18 1:15:01 PM AST,380
28-Oct-18 1:30:00 PM AST,374
28-Oct-18 1:45:00 PM AST,374
28-Oct-18 2:00:01 PM AST,344
28-Oct-18 2:15:00 PM AST,316
28-Oct-18 2:30:00 PM AST,301
28-Oct-18 2:45:00 PM AST,277
28-Oct-18 3:00:00 PM AST,265
28-Oct-18 3:15:01 PM AST,233
28-Oct-18 3:30:01 PM AST,203
28-Oct-18 3:45:01 PM AST,172
28-Oct-18 4:00:00 PM AST,131
28-Oct-18 4:15:00 PM AST,103
28-Oct-18 4:30:00 PM AST,83
28-Oct-18 4:45:01 PM AST,57
28-Oct-18 5:00:00 PM AST,41
28-Oct-18 5:15:00 PM AST,19
28-Oct-18 5:30:00 PM AST,1
28-Oct-18 5:45:00 PM AST,0
28-Oct-18 6:00:01 PM AST,0
28-Oct-18 6:15:00 PM AST,0
28-Oct-18 6:30:00 PM AST,0
28-Oct-18 6:45:00 PM AST,0
28-Oct-18 7:00:00 PM AST,0
28-Oct-18 7:15:00 PM AST,0
28-Oct-18 7:30:00 PM AST,0
28-Oct-18 7:45:00 PM AST,0
28-Oct-18 8:00:00 PM AST,0
28-Oct-18 8:15:00 PM AST,0
28-Oct-18 8:30:00 PM AST,0
28-Oct-18 8:45:00 PM AST,0
28-Oct-18 9:00:00 PM AST,0
28-Oct-18 9:15:00 PM AST,0
28-Oct-18 9:30:00 PM AST,0
28-Oct-18 9:45:00 PM AST,0
28-Oct-18 10:00:00 PM AST,0
28-Oct-18 10:15:00 PM AST,0
28-Oct-18 10:30:00 PM AST,0
28-Oct-18 10:45:00 PM AST,0
28-Oct-18 11:00:00 PM AST,0
28-Oct-18 11:15:00 PM AST,0
28-Oct-18 11:30:00 PM AST,0
28-Oct-18 11:45:00 PM AST,0
29-Oct-18 12:00:00 AM AST,0
29-Oct-18 12:15:00 AM AST,0
29-Oct-18 12:30:00 AM AST,0
29-Oct-18 12:45:00 AM AST,0
29-Oct-18 1:00:00 AM AST,0
29-Oct-18 1:15:00 AM AST,0
29-Oct-18 1:30:00 AM AST,0
29-Oct-18 1:45:00 AM AST,0
29-Oct-18 2:00:01 AM AST,0
29-Oct-18 2:15:00 AM AST,0
29-Oct-18 2:30:00 AM AST,0
29-Oct-18 2:45:00 AM AST,0
29-Oct-18 3:00:00 AM AST,0
29-Oct-18 3:15:00 AM AST,0
29-Oct-18 3:30:00 AM AST,0
29-Oct-18 3:45:00 AM AST,0
29-Oct-18 4:00:00 AM AST,0
29-Oct-18 4:15:01 AM AST,0
29-Oct-18 4:30:00 AM AST,0
29-Oct-18 4:45:00 AM AST,0
29-Oct-18 5:00:00 AM AST,0
29-Oct-18 5:15:00 AM AST,0
29-Oct-18 5:30:00 AM AST,0
29-Oct-18 5:45:00 AM AST,0
29-Oct-18 6:00:01 AM AST,0
29-Oct-18 6:15:00 AM AST,0
29-Oct-18 6:30:00 AM AST,3
29-Oct-18 6:45:00 AM AST,1
29-Oct-18 7:00:00 AM AST,19
29-Oct-18 7:15:00 AM AST,46
29-Oct-18 7:30:00 AM AST,70
29-Oct-18 7:45:01 AM AST,89
29-Oct-18 8:00:01 AM AST,120
29-Oct-18 8:15:00 AM AST,140
29-Oct-18 8:30:01 AM AST,169
29-Oct-18 8:45:01 AM AST,202
29-Oct-18 9:00:01 AM AST,231
29-Oct-18 9:15:01 AM AST,259
29-Oct-18 9:30:01 AM AST,286
29-Oct-18 9:45:01 AM AST,306
29-Oct-18 10:00:01 AM AST,325
29-Oct-18 10:15:01 AM AST,338
29-Oct-18 10:30:01 AM AST,368
29-Oct-18 10:45:01 AM AST,369
29-Oct-18 11:00:01 AM AST,408
29-Oct-18 11:15:01 AM AST,416
29-Oct-18 11:30:02 AM AST,420
29-Oct-18 11:45:01 AM AST,424
29-Oct-18 12:00:02 PM AST,440
29-Oct-18 12:15:01 PM AST,442
29-Oct-18 12:30:02 PM AST,406
29-Oct-18 12:45:01 PM AST,427
29-Oct-18 1:00:01 PM AST,429
29-Oct-18 1:15:01 PM AST,423
29-Oct-18 1:30:01 PM AST,421
29-Oct-18 1:45:01 PM AST,403
29-Oct-18 2:00:01 PM AST,378
29-Oct-18 2:15:01 PM AST,353
29-Oct-18 2:30:01 PM AST,332
29-Oct-18 2:45:01 PM AST,307
29-Oct-18 3:00:01 PM AST,275
29-Oct-18 3:15:01 PM AST,253
29-Oct-18 3:30:01 PM AST,218
29-Oct-18 3:45:01 PM AST,195
29-Oct-18 4:00:01 PM AST,158
29-Oct-18 4:15:01 PM AST,122
29-Oct-18 4:30:01 PM AST,92
29-Oct-18 4:45:01 PM AST,64
29-Oct-18 5:00:02 PM AST,38
29-Oct-18 5:15:00 PM AST,15
29-Oct-18 5:30:00 PM AST,0
29-Oct-18 5:45:01 PM AST,0
29-Oct-18 6:00:00 PM AST,0
29-Oct-18 6:15:00 PM AST,0
29-Oct-18 6:30:00 PM AST,0
29-Oct-18 6:45:00 PM AST,0
29-Oct-18 7:00:01 PM AST,0
29-Oct-18 7:15:00 PM AST,0
29-Oct-18 7:30:00 PM AST,0
29-Oct-18 7:45:00 PM AST,0
29-Oct-18 8:00:01 PM AST,0
29-Oct-18 8:15:01 PM AST,0
29-Oct-18 8:30:01 PM AST,0
29-Oct-18 8:45:00 PM AST,0
29-Oct-18 9:00:00 PM AST,0
29-Oct-18 9:15:00 PM AST,0
29-Oct-18 9:30:00 PM AST,0
29-Oct-18 9:45:00 PM AST,0
29-Oct-18 10:00:01 PM AST,0
29-Oct-18 10:15:00 PM AST,0
29-Oct-18 10:30:00 PM AST,0
29-Oct-18 10:45:01 PM AST,0
29-Oct-18 11:00:00 PM AST,0
29-Oct-18 11:15:00 PM AST,0
29-Oct-18 11:30:00 PM AST,0
29-Oct-18 11:45:00 PM AST,0
30-Oct-18 12:00:00 AM AST,0
30-Oct-18 12:15:00 AM AST,0
30-Oct-18 12:30:00 AM AST,0
30-Oct-18 12:45:00 AM AST,0
30-Oct-18 1:00:00 AM AST,0
30-Oct-18 1:15:00 AM AST,0
30-Oct-18 1:30:00 AM AST,0
30-Oct-18 1:45:00 AM AST,0
30-Oct-18 2:00:01 AM AST,0
30-Oct-18 2:15:00 AM AST,0
30-Oct-18 2:30:00 AM AST,0
30-Oct-18 2:45:00 AM AST,0
30-Oct-18 3:00:00 AM AST,0
30-Oct-18 3:15:00 AM AST,0
30-Oct-18 3:30:00 AM AST,0
30-Oct-18 3:45:00 AM AST,0
30-Oct-18 4:00:00 AM AST,0
30-Oct-18 4:15:01 AM AST,0
30-Oct-18 4:30:00 AM AST,0
30-Oct-18 4:45:00 AM AST,0
30-Oct-18 5:00:01 AM AST,0
30-Oct-18 5:15:00 AM AST,0
30-Oct-18 5:30:00 AM AST,0
30-Oct-18 5:45:01 AM AST,0
30-Oct-18 6:00:00 AM AST,0
30-Oct-18 6:15:00 AM AST,0
30-Oct-18 6:30:00 AM AST,0
30-Oct-18 6:45:00 AM AST,6
30-Oct-18 7:00:00 AM AST,17
30-Oct-18 7:15:00 AM AST,46
30-Oct-18 7:30:00 AM AST,56
30-Oct-18 7:45:00 AM AST,46
30-Oct-18 8:00:00 AM AST,57
30-Oct-18 8:15:00 AM AST,167
30-Oct-18 8:30:00 AM AST,198
30-Oct-18 8:45:00 AM AST,248
30-Oct-18 9:00:00 AM AST,287
30-Oct-18 9:15:00 AM AST,295
30-Oct-18 9:30:00 AM AST,299
30-Oct-18 9:45:00 AM AST,268
30-Oct-18 10:00:00 AM AST,295
30-Oct-18 10:15:00 AM AST,144
30-Oct-18 10:30:00 AM AST,505
30-Oct-18 10:45:00 AM AST,87
30-Oct-18 11:00:00 AM AST,32
30-Oct-18 11:15:00 AM AST,15
30-Oct-18 11:30:00 AM AST,23
30-Oct-18 11:45:00 AM AST,54
30-Oct-18 12:00:00 PM AST,93
30-Oct-18 12:15:00 PM AST,104
30-Oct-18 12:30:00 PM AST,75
30-Oct-18 12:45:00 PM AST,60
30-Oct-18 1:00:00 PM AST,124
30-Oct-18 1:15:00 PM AST,171
30-Oct-18 1:30:00 PM AST,125
30-Oct-18 1:45:01 PM AST,51
30-Oct-18 2:00:00 PM AST,31
30-Oct-18 2:15:00 PM AST,59
30-Oct-18 2:30:00 PM AST,132
30-Oct-18 2:45:00 PM AST,134
30-Oct-18 3:00:00 PM AST,101
30-Oct-18 3:15:00 PM AST,112
30-Oct-18 3:30:00 PM AST,123
30-Oct-18 3:45:00 PM AST,145
30-Oct-18 4:00:00 PM AST,97
30-Oct-18 4:15:00 PM AST,166
30-Oct-18 4:30:00 PM AST,108
30-Oct-18 4:45:00 PM AST,52
30-Oct-18 5:00:00 PM AST,26
30-Oct-18 5:15:00 PM AST,18
30-Oct-18 5:30:00 PM AST,3
30-Oct-18 5:45:00 PM AST,1
30-Oct-18 6:00:00 PM AST,0
30-Oct-18 6:15:00 PM AST,0
30-Oct-18 6:30:00 PM AST,0
30-Oct-18 6:45:00 PM AST,0
30-Oct-18 7:00:00 PM AST,0
30-Oct-18 7:15:00 PM AST,0
30-Oct-18 7:30:00 PM AST,0
30-Oct-18 7:45:01 PM AST,0
30-Oct-18 8:00:00 PM AST,0
30-Oct-18 8:15:00 PM AST,0
30-Oct-18 8:30:00 PM AST,0
30-Oct-18 8:45:00 PM AST,0
30-Oct-18 9:00:00 PM AST,0
30-Oct-18 9:15:00 PM AST,0
30-Oct-18 9:30:00 PM AST,0
30-Oct-18 9:45:00 PM AST,0
30-Oct-18 10:00:00 PM AST,0
30-Oct-18 10:15:00 PM AST,0
30-Oct-18 10:30:00 PM AST,0
30-Oct-18 10:45:00 PM AST,0
30-Oct-18 11:00:00 PM AST,0
30-Oct-18 11:15:00 PM AST,0
30-Oct-18 11:30:00 PM AST,0
30-Oct-18 11:45:00 PM AST,0
31-Oct-18 12:00:00 AM AST,0
31-Oct-18 12:15:00 AM AST,0
31-Oct-18 12:30:00 AM AST,0
31-Oct-18 12:45:00 AM AST,0
31-Oct-18 1:00:00 AM AST,0
31-Oct-18 1:15:00 AM AST,0
31-Oct-18 1:30:00 AM AST,0
31-Oct-18 1:45:00 AM AST,0
31-Oct-18 2:00:00 AM AST,0
31-Oct-18 2:15:01 AM AST,0
31-Oct-18 2:30:00 AM AST,0
31-Oct-18 2:45:00 AM AST,0
31-Oct-18 3:00:00 AM AST,0
31-Oct-18 3:15:01 AM AST,0
31-Oct-18 3:30:00 AM AST,0
31-Oct-18 3:45:00 AM AST,0
31-Oct-18 4:00:01 AM AST,0
31-Oct-18 4:15:01 AM AST,0
31-Oct-18 4:30:00 AM AST,0
31-Oct-18 4:45:00 AM AST,0
31-Oct-18 5:00:00 AM AST,0
31-Oct-18 5:15:00 AM AST,0
31-Oct-18 5:30:00 AM AST,0
31-Oct-18 5:45:01 AM AST,0
31-Oct-18 6:00:01 AM AST,0
31-Oct-18 6:15:00 AM AST,0
31-Oct-18 6:30:00 AM AST,0
31-Oct-18 6:45:00 AM AST,0
31-Oct-18 7:00:00 AM AST,0
31-Oct-18 7:15:00 AM AST,3
31-Oct-18 7:30:01 AM AST,30
31-Oct-18 7:45:00 AM AST,72
31-Oct-18 8:00:00 AM AST,75
31-Oct-18 8:15:00 AM AST,66
31-Oct-18 8:30:00 AM AST,223
31-Oct-18 8:45:00 AM AST,142
31-Oct-18 9:00:00 AM AST,140
31-Oct-18 9:15:00 AM AST,95
31-Oct-18 9:30:01 AM AST,92
31-Oct-18 9:45:01 AM AST,109
31-Oct-18 10:00:00 AM AST,109
31-Oct-18 10:15:01 AM AST,91
31-Oct-18 10:30:00 AM AST,147
31-Oct-18 10:45:00 AM AST,163
31-Oct-18 11:00:00 AM AST,153
31-Oct-18 11:15:00 AM AST,78
31-Oct-18 11:30:00 AM AST,72
31-Oct-18 11:45:00 AM AST,43
31-Oct-18 12:00:01 PM AST,50
31-Oct-18 12:15:01 PM AST,10
31-Oct-18 12:30:00 PM AST,3
31-Oct-18 12:45:00 PM AST,4
31-Oct-18 1:00:00 PM AST,0
31-Oct-18 1:15:00 PM AST,0
31-Oct-18 1:30:00 PM AST,0
31-Oct-18 1:45:00 PM AST,0
31-Oct-18 2:00:00 PM AST,0
31-Oct-18 2:15:00 PM AST,0
31-Oct-18 2:30:00 PM AST,0
31-Oct-18 2:45:00 PM AST,0
31-Oct-18 3:00:00 PM AST,0
31-Oct-18 3:15:00 PM AST,0
31-Oct-18 3:30:00 PM AST,0
31-Oct-18 3:45:01 PM AST,0
31-Oct-18 4:00:00 PM AST,0
31-Oct-18 4:15:00 PM AST,0
31-Oct-18 4:30:00 PM AST,0
31-Oct-18 4:45:00 PM AST,0
31-Oct-18 5:00:00 PM AST,0
31-Oct-18 5:15:00 PM AST,0
31-Oct-18 5:30:00 PM AST,0
31-Oct-18 5:45:00 PM AST,0
31-Oct-18 6:00:00 PM AST,0
31-Oct-18 6:15:00 PM AST,0
31-Oct-18 6:30:00 PM AST,0
31-Oct-18 6:45:00 PM AST,0
31-Oct-18 7:00:00 PM AST,0
31-Oct-18 7:15:02 PM AST,0
31-Oct-18 7:30:00 PM AST,0
31-Oct-18 7:45:00 PM AST,0
31-Oct-18 8:00:01 PM AST,0
31-Oct-18 8:15:01 PM AST,0
31-Oct-18 8:30:00 PM AST,0
31-Oct-18 8:45:00 PM AST,0
31-Oct-18 9:00:00 PM AST,0
31-Oct-18 9:15:00 PM AST,0
31-Oct-18 9:30:00 PM AST,0
31-Oct-18 9:45:01 PM AST,0
31-Oct-18 10:00:00 PM AST,0
31-Oct-18 10:15:00 PM AST,0
31-Oct-18 10:30:01 PM AST,0
31-Oct-18 10:45:00 PM AST,0
31-Oct-18 11:00:00 PM AST,0
31-Oct-18 11:15:00 PM AST,0
31-Oct-18 11:30:00 PM AST,0
31-Oct-18 11:45:00 PM AST,0
01-Nov-18 12:00:00 AM AST,0
01-Nov-18 12:15:01 AM AST,0
01-Nov-18 12:30:00 AM AST,0
01-Nov-18 12:45:00 AM AST,0
01-Nov-18 1:00:01 AM AST,0
01-Nov-18 1:15:00 AM AST,0
01-Nov-18 1:30:01 AM AST,0
01-Nov-18 1:45:00 AM AST,0
01-Nov-18 2:00:00 AM AST,0
01-Nov-18 2:15:01 AM AST,0
01-Nov-18 2:30:00 AM AST,0
01-Nov-18 2:45:00 AM AST,0
01-Nov-18 3:00:00 AM AST,0
01-Nov-18 3:15:01 AM AST,0
01-Nov-18 3:30:00 AM AST,0
01-Nov-18 3:45:00 AM AST,0
01-Nov-18 4:00:01 AM AST,0
01-Nov-18 4:15:01 AM AST,0
01-Nov-18 4:30:01 AM AST,0
01-Nov-18 4:45:00 AM AST,0
01-Nov-18 5:00:00 AM AST,0
01-Nov-18 5:15:00 AM AST,0
01-Nov-18 5:30:00 AM AST,0
01-Nov-18 5:45:01 AM AST,0
01-Nov-18 6:00:00 AM AST,0
01-Nov-18 6:15:00 AM AST,0
01-Nov-18 6:30:00 AM AST,0
01-Nov-18 6:45:00 AM AST,0
01-Nov-18 7:00:00 AM AST,0
01-Nov-18 7:15:01 AM AST,0
01-Nov-18 7:30:00 AM AST,0
01-Nov-18 7:45:00 AM AST,0
01-Nov-18 8:00:00 AM AST,0
01-Nov-18 8:15:00 AM AST,15
01-Nov-18 8:30:00 AM AST,50
01-Nov-18 8:45:00 AM AST,45
01-Nov-18 9:00:00 AM AST,67
01-Nov-18 9:15:00 AM AST,76
01-Nov-18 9:30:00 AM AST,136
01-Nov-18 9:45:00 AM AST,158
01-Nov-18 10:00:00 AM AST,107
01-Nov-18 10:15:00 AM AST,135
01-Nov-18 10:30:00 AM AST,146
01-Nov-18 10:45:00 AM AST,167
01-Nov-18 11:00:00 AM AST,190
01-Nov-18 11:15:00 AM AST,179
01-Nov-18 11:30:00 AM AST,256
01-Nov-18 11:45:00 AM AST,208
01-Nov-18 12:00:00 PM AST,510
01-Nov-18 12:15:00 PM AST,324
01-Nov-18 12:30:00 PM AST,434
01-Nov-18 12:45:00 PM AST,456
01-Nov-18 1:00:00 PM AST,453
01-Nov-18 1:15:00 PM AST,438
01-Nov-18 1:30:00 PM AST,422
01-Nov-18 1:45:00 PM AST,406
01-Nov-18 2:00:00 PM AST,397
01-Nov-18 2:15:01 PM AST,396
01-Nov-18 2:30:01 PM AST,294
01-Nov-18 2:45:01 PM AST,321
01-Nov-18 3:00:01 PM AST,119
01-Nov-18 3:15:01 PM AST,354
01-Nov-18 3:30:01 PM AST,113
01-Nov-18 3:45:01 PM AST,167
01-Nov-18 4:00:01 PM AST,112
01-Nov-18 4:15:01 PM AST,85
01-Nov-18 4:30:01 PM AST,65
01-Nov-18 4:45:01 PM AST,12
01-Nov-18 5:00:01 PM AST,13
01-Nov-18 5:15:01 PM AST,4
01-Nov-18 5:30:01 PM AST,0
01-Nov-18 5:45:00 PM AST,0
01-Nov-18 6:00:00 PM AST,0
01-Nov-18 6:15:00 PM AST,0
01-Nov-18 6:30:00 PM AST,0
01-Nov-18 6:45:01 PM AST,0
01-Nov-18 7:00:00 PM AST,0
01-Nov-18 7:15:00 PM AST,0
01-Nov-18 7:30:01 PM AST,0
01-Nov-18 7:45:00 PM AST,0
01-Nov-18 8:00:00 PM AST,0
01-Nov-18 8:15:00 PM AST,0
01-Nov-18 8:30:00 PM AST,0
01-Nov-18 8:45:00 PM AST,0
01-Nov-18 9:00:00 PM AST,0
01-Nov-18 9:15:01 PM AST,0
01-Nov-18 9:30:00 PM AST,0
01-Nov-18 9:45:00 PM AST,0
01-Nov-18 10:00:00 PM AST,0
01-Nov-18 10:15:00 PM AST,0
01-Nov-18 10:30:00 PM AST,0
01-Nov-18 10:45:00 PM AST,0
01-Nov-18 11:00:00 PM AST,0
01-Nov-18 11:15:00 PM AST,0
01-Nov-18 11:30:00 PM AST,0
01-Nov-18 11:45:00 PM AST,0
02-Nov-18 12:00:00 AM AST,0
02-Nov-18 12:15:00 AM AST,0
02-Nov-18 12:30:01 AM AST,0
02-Nov-18 12:45:00 AM AST,0
02-Nov-18 1:00:00 AM AST,0
02-Nov-18 1:15:01 AM AST,0
02-Nov-18 1:30:00 AM AST,0
02-Nov-18 1:45:00 AM AST,0
02-Nov-18 2:00:01 AM AST,0
02-Nov-18 2:15:01 AM AST,0
02-Nov-18 2:30:00 AM AST,0
02-Nov-18 2:45:00 AM AST,0
02-Nov-18 3:00:01 AM AST,0
02-Nov-18 3:15:01 AM AST,0
02-Nov-18 3:30:00 AM AST,0
02-Nov-18 3:45:00 AM AST,0
02-Nov-18 4:00:00 AM AST,0
02-Nov-18 4:15:00 AM AST,0
02-Nov-18 4:30:00 AM AST,0
02-Nov-18 4:45:00 AM AST,0
02-Nov-18 5:00:00 AM AST,0
02-Nov-18 5:15:00 AM AST,0
02-Nov-18 5:30:00 AM AST,0
02-Nov-18 5:45:00 AM AST,0
02-Nov-18 6:00:00 AM AST,0
02-Nov-18 6:15:00 AM AST,0
02-Nov-18 6:30:00 AM AST,4
02-Nov-18 6:45:01 AM AST,3
02-Nov-18 7:00:00 AM AST,19
02-Nov-18 7:15:00 AM AST,38
02-Nov-18 7:30:00 AM AST,66
02-Nov-18 7:45:00 AM AST,92
02-Nov-18 8:00:00 AM AST,123
02-Nov-18 8:15:00 AM AST,157
02-Nov-18 8:30:00 AM AST,136
02-Nov-18 8:45:00 AM AST,228
02-Nov-18 9:00:01 AM AST,246
02-Nov-18 9:15:01 AM AST,225
02-Nov-18 9:30:01 AM AST,306
02-Nov-18 9:45:01 AM AST,208
02-Nov-18 10:00:02 AM AST,127
02-Nov-18 10:15:00 AM AST,97
02-Nov-18 10:30:00 AM AST,74
02-Nov-18 10:45:00 AM AST,75
02-Nov-18 11:00:02 AM AST,47
02-Nov-18 11:15:00 AM AST,39
02-Nov-18 11:30:00 AM AST,27
02-Nov-18 11:45:01 AM AST,18
02-Nov-18 12:00:00 PM AST,67
02-Nov-18 12:15:00 PM AST,290
02-Nov-18 12:30:00 PM AST,228
02-Nov-18 12:45:00 PM AST,393
02-Nov-18 1:00:00 PM AST,232
02-Nov-18 1:15:00 PM AST,405
02-Nov-18 1:30:00 PM AST,439
02-Nov-18 1:45:00 PM AST,277
02-Nov-18 2:00:00 PM AST,201
02-Nov-18 2:15:01 PM AST,147
02-Nov-18 2:30:00 PM AST,140
02-Nov-18 2:45:01 PM AST,149
02-Nov-18 3:00:01 PM AST,169
02-Nov-18 3:15:01 PM AST,215
02-Nov-18 3:30:00 PM AST,156
02-Nov-18 3:45:00 PM AST,80
02-Nov-18 4:00:00 PM AST,156
02-Nov-18 4:15:00 PM AST,225
02-Nov-18 4:30:00 PM AST,101
02-Nov-18 4:45:00 PM AST,37
02-Nov-18 5:00:00 PM AST,24
02-Nov-18 5:15:01 PM AST,5
02-Nov-18 5:30:00 PM AST,0
02-Nov-18 5:45:00 PM AST,1
02-Nov-18 6:00:01 PM AST,0
02-Nov-18 6:15:00 PM AST,0
02-Nov-18 6:30:00 PM AST,0
02-Nov-18 6:45:00 PM AST,0
02-Nov-18 7:00:01 PM AST,0
02-Nov-18 7:15:01 PM AST,0
02-Nov-18 7:30:00 PM AST,0
02-Nov-18 7:45:00 PM AST,0
02-Nov-18 8:00:00 PM AST,0
02-Nov-18 8:15:00 PM AST,0
02-Nov-18 8:30:00 PM AST,0
02-Nov-18 8:45:00 PM AST,0
02-Nov-18 9:00:00 PM AST,0
02-Nov-18 9:15:01 PM AST,0
02-Nov-18 9:30:00 PM AST,0
02-Nov-18 9:45:01 PM AST,0
02-Nov-18 10:00:00 PM AST,0
02-Nov-18 10:15:00 PM AST,0
02-Nov-18 10:30:01 PM AST,0
02-Nov-18 10:45:00 PM AST,0
02-Nov-18 11:00:00 PM AST,0
02-Nov-18 11:15:00 PM AST,0
02-Nov-18 11:30:00 PM AST,0
02-Nov-18 11:45:00 PM AST,0
03-Nov-18 12:00:00 AM AST,0
03-Nov-18 12:15:00 AM AST,0
03-Nov-18 12:30:00 AM AST,0
03-Nov-18 12:45:00 AM AST,0
03-Nov-18 1:00:00 AM AST,0
03-Nov-18 1:15:00 AM AST,0
03-Nov-18 1:30:00 AM AST,0
03-Nov-18 1:45:00 AM AST,0
03-Nov-18 2:00:01 AM AST,0
03-Nov-18 2:15:01 AM AST,0
03-Nov-18 2:30:00 AM AST,0
03-Nov-18 2:45:00 AM AST,0
03-Nov-18 3:00:00 AM AST,0
03-Nov-18 3:15:00 AM AST,0
03-Nov-18 3:30:00 AM AST,0
03-Nov-18 3:45:00 AM AST,0
03-Nov-18 4:00:01 AM AST,0
03-Nov-18 4:15:01 AM AST,0
03-Nov-18 4:30:00 AM AST,0
03-Nov-18 4:45:00 AM AST,0
03-Nov-18 5:00:00 AM AST,0
03-Nov-18 5:15:00 AM AST,0
03-Nov-18 5:30:00 AM AST,0
03-Nov-18 5:45:00 AM AST,0
03-Nov-18 6:00:00 AM AST,0
03-Nov-18 6:15:00 AM AST,0
03-Nov-18 6:30:00 AM AST,6
03-Nov-18 6:45:00 AM AST,56
03-Nov-18 7:00:00 AM AST,25
03-Nov-18 7:15:01 AM AST,0
03-Nov-18 7:30:00 AM AST,2
03-Nov-18 7:45:01 AM AST,0
03-Nov-18 8:00:00 AM AST,0
03-Nov-18 8:15:00 AM AST,0
03-Nov-18 8:30:00 AM AST,0
03-Nov-18 8:45:00 AM AST,0
03-Nov-18 9:00:00 AM AST,0
03-Nov-18 9:15:00 AM AST,0
03-Nov-18 9:30:00 AM AST,0
03-Nov-18 9:45:01 AM AST,0
03-Nov-18 10:00:00 AM AST,0
03-Nov-18 10:15:00 AM AST,0
03-Nov-18 10:30:00 AM AST,0
03-Nov-18 10:45:00 AM AST,24
03-Nov-18 11:00:00 AM AST,35
03-Nov-18 11:15:00 AM AST,38
03-Nov-18 11:30:00 AM AST,91
03-Nov-18 11:45:00 AM AST,153
03-Nov-18 12:00:01 PM AST,219
03-Nov-18 12:15:00 PM AST,188
03-Nov-18 12:30:00 PM AST,301
03-Nov-18 12:45:00 PM AST,200
03-Nov-18 1:00:00 PM AST,315
03-Nov-18 1:15:00 PM AST,144
03-Nov-18 1:30:00 PM AST,143
03-Nov-18 1:45:00 PM AST,213
03-Nov-18 2:00:00 PM AST,165
03-Nov-18 2:15:00 PM AST,97
03-Nov-18 2:30:00 PM AST,105
03-Nov-18 2:45:01 PM AST,16
03-Nov-18 3:00:00 PM AST,41
03-Nov-18 3:15:00 PM AST,101
03-Nov-18 3:30:00 PM AST,305
03-Nov-18 3:45:00 PM AST,217
03-Nov-18 4:00:00 PM AST,60
03-Nov-18 4:15:01 PM AST,82
03-Nov-18 4:30:00 PM AST,25
03-Nov-18 4:45:01 PM AST,3
03-Nov-18 5:00:00 PM AST,2
03-Nov-18 5:15:00 PM AST,0
03-Nov-18 5:30:01 PM AST,0
03-Nov-18 5:45:00 PM AST,0
03-Nov-18 6:00:00 PM AST,0
03-Nov-18 6:15:00 PM AST,0
03-Nov-18 6:30:00 PM AST,0
03-Nov-18 6:45:01 PM AST,0
03-Nov-18 7:00:01 PM AST,0
03-Nov-18 7:15:00 PM AST,0
03-Nov-18 7:30:00 PM AST,0
03-Nov-18 7:45:00 PM AST,0
03-Nov-18 8:00:00 PM AST,0
03-Nov-18 8:15:00 PM AST,0
03-Nov-18 8:30:00 PM AST,0
03-Nov-18 8:45:00 PM AST,0
03-Nov-18 9:00:00 PM AST,0
03-Nov-18 9:15:00 PM AST,0
03-Nov-18 9:30:00 PM AST,0
03-Nov-18 9:45:00 PM AST,0
03-Nov-18 10:00:00 PM AST,0
03-Nov-18 10:15:00 PM AST,0
03-Nov-18 10:30:01 PM AST,0
03-Nov-18 10:45:00 PM AST,0
03-Nov-18 11:00:00 PM AST,0
03-Nov-18 11:15:00 PM AST,0
03-Nov-18 11:30:00 PM AST,0
03-Nov-18 11:45:00 PM AST,0
04-Nov-18 12:00:00 AM AST,0
04-Nov-18 12:15:01 AM AST,0
04-Nov-18 12:30:00 AM AST,0
04-Nov-18 12:45:00 AM AST,0
04-Nov-18 1:00:01 AM AST,0
04-Nov-18 1:15:01 AM AST,0
04-Nov-18 1:30:00 AM AST,0
04-Nov-18 1:45:00 AM AST,0
04-Nov-18 2:00:00 AM AST,0
04-Nov-18 2:15:01 AM AST,0
04-Nov-18 2:30:00 AM AST,0
04-Nov-18 2:45:00 AM AST,0
04-Nov-18 3:00:00 AM AST,0
04-Nov-18 3:15:00 AM AST,0
04-Nov-18 3:30:00 AM AST,0
04-Nov-18 3:45:00 AM AST,0
04-Nov-18 4:00:00 AM AST,0
04-Nov-18 4:15:00 AM AST,0
04-Nov-18 4:30:00 AM AST,0
04-Nov-18 4:45:00 AM AST,0
04-Nov-18 5:00:00 AM AST,0
04-Nov-18 5:15:00 AM AST,0
04-Nov-18 5:30:00 AM AST,0
04-Nov-18 5:45:00 AM AST,0
04-Nov-18 6:00:00 AM AST,0
04-Nov-18 6:15:00 AM AST,0
04-Nov-18 6:30:00 AM AST,4
04-Nov-18 6:45:00 AM AST,3
04-Nov-18 7:00:00 AM AST,19
04-Nov-18 7:15:00 AM AST,35
04-Nov-18 7:30:00 AM AST,61
04-Nov-18 7:45:00 AM AST,89
04-Nov-18 8:00:00 AM AST,120
04-Nov-18 8:15:02 AM AST,157
04-Nov-18 8:30:00 AM AST,193
04-Nov-18 8:45:00 AM AST,231
04-Nov-18 9:00:01 AM AST,263
04-Nov-18 9:15:00 AM AST,286
04-Nov-18 9:30:00 AM AST,319
04-Nov-18 9:45:00 AM AST,332
04-Nov-18 10:00:01 AM AST,361
04-Nov-18 10:15:01 AM AST,391
04-Nov-18 10:30:01 AM AST,414
04-Nov-18 10:45:01 AM AST,429
04-Nov-18 11:00:01 AM AST,442
04-Nov-18 11:15:01 AM AST,447
04-Nov-18 11:30:01 AM AST,459
04-Nov-18 11:45:01 AM AST,460
04-Nov-18 12:00:01 PM AST,463
04-Nov-18 12:15:01 PM AST,464
04-Nov-18 12:30:01 PM AST,465
04-Nov-18 12:45:01 PM AST,462
04-Nov-18 1:00:01 PM AST,464
04-Nov-18 1:15:01 PM AST,453
04-Nov-18 1:30:01 PM AST,444
04-Nov-18 1:45:01 PM AST,429
04-Nov-18 2:00:01 PM AST,408
04-Nov-18 2:15:01 PM AST,397
04-Nov-18 2:30:02 PM AST,370
04-Nov-18 2:45:01 PM AST,346
04-Nov-18 3:00:01 PM AST,312
04-Nov-18 3:15:02 PM AST,295
04-Nov-18 3:30:01 PM AST,247
04-Nov-18 3:45:01 PM AST,208
04-Nov-18 4:00:01 PM AST,168
04-Nov-18 4:15:01 PM AST,134
04-Nov-18 4:30:01 PM AST,96
04-Nov-18 4:45:01 PM AST,76
04-Nov-18 5:00:02 PM AST,43
04-Nov-18 5:15:02 PM AST,24
04-Nov-18 5:30:01 PM AST,6
04-Nov-18 5:45:01 PM AST,2
04-Nov-18 6:00:01 PM AST,0
04-Nov-18 6:15:01 PM AST,0
04-Nov-18 6:30:01 PM AST,0
04-Nov-18 6:45:01 PM AST,0
04-Nov-18 7:00:02 PM AST,0
04-Nov-18 7:15:01 PM AST,0
04-Nov-18 7:30:01 PM AST,0
04-Nov-18 7:45:01 PM AST,0
04-Nov-18 8:00:01 PM AST,0
04-Nov-18 8:15:01 PM AST,0
04-Nov-18 8:30:01 PM AST,0
04-Nov-18 8:45:01 PM AST,0
04-Nov-18 9:00:01 PM AST,0
04-Nov-18 9:15:01 PM AST,0
04-Nov-18 9:30:01 PM AST,0
04-Nov-18 9:45:01 PM AST,0
04-Nov-18 10:00:01 PM AST,0
04-Nov-18 10:15:02 PM AST,0
04-Nov-18 10:30:01 PM AST,0
04-Nov-18 10:45:01 PM AST,0
04-Nov-18 11:00:01 PM AST,0
04-Nov-18 11:15:01 PM AST,0
04-Nov-18 11:30:01 PM AST,0
04-Nov-18 11:45:02 PM AST,0
05-Nov-18 12:00:01 AM AST,0
05-Nov-18 12:15:01 AM AST,0
05-Nov-18 12:30:01 AM AST,0
05-Nov-18 12:45:01 AM AST,0
05-Nov-18 1:00:01 AM AST,0
05-Nov-18 1:15:01 AM AST,0
05-Nov-18 1:30:00 AM AST,0
05-Nov-18 1:45:01 AM AST,0
05-Nov-18 2:00:01 AM AST,0
05-Nov-18 2:15:01 AM AST,0
05-Nov-18 2:30:01 AM AST,0
05-Nov-18 2:45:01 AM AST,0
05-Nov-18 3:00:02 AM AST,0
05-Nov-18 3:15:01 AM AST,0
05-Nov-18 3:30:01 AM AST,0
05-Nov-18 3:45:01 AM AST,0
05-Nov-18 4:00:01 AM AST,0
05-Nov-18 4:15:00 AM AST,0
05-Nov-18 4:30:00 AM AST,0
05-Nov-18 4:45:00 AM AST,0
05-Nov-18 5:00:00 AM AST,0
05-Nov-18 5:15:00 AM AST,0
05-Nov-18 5:30:00 AM AST,0
05-Nov-18 5:45:01 AM AST,0
05-Nov-18 6:00:01 AM AST,0
05-Nov-18 6:15:01 AM AST,0
05-Nov-18 6:30:01 AM AST,0
05-Nov-18 6:45:01 AM AST,0
05-Nov-18 7:00:01 AM AST,17
05-Nov-18 7:15:01 AM AST,53
05-Nov-18 7:30:01 AM AST,64
05-Nov-18 7:45:02 AM AST,92
05-Nov-18 8:00:02 AM AST,115
05-Nov-18 8:15:01 AM AST,145
05-Nov-18 8:30:01 AM AST,174
05-Nov-18 8:45:01 AM AST,211
05-Nov-18 9:00:01 AM AST,250
05-Nov-18 9:15:02 AM AST,279
05-Nov-18 9:30:01 AM AST,308
05-Nov-18 9:45:01 AM AST,331
05-Nov-18 10:00:01 AM AST,371
05-Nov-18 10:15:01 AM AST,271
05-Nov-18 10:30:01 AM AST,431
05-Nov-18 10:45:01 AM AST,276
05-Nov-18 11:00:01 AM AST,422
05-Nov-18 11:15:02 AM AST,312
05-Nov-18 11:30:01 AM AST,357
05-Nov-18 11:45:01 AM AST,384
05-Nov-18 12:00:02 PM AST,477
05-Nov-18 12:15:01 PM AST,464
05-Nov-18 12:30:01 PM AST,478
05-Nov-18 12:45:02 PM AST,477
05-Nov-18 1:00:01 PM AST,467
05-Nov-18 1:15:01 PM AST,460
05-Nov-18 1:30:02 PM AST,449
05-Nov-18 1:45:02 PM AST,430
05-Nov-18 2:00:01 PM AST,414
05-Nov-18 2:15:00 PM AST,403
05-Nov-18 2:30:00 PM AST,373
05-Nov-18 2:45:01 PM AST,346
05-Nov-18 3:00:00 PM AST,320
05-Nov-18 3:15:00 PM AST,289
05-Nov-18 3:30:00 PM AST,263
05-Nov-18 3:45:00 PM AST,224
05-Nov-18 4:00:01 PM AST,199
05-Nov-18 4:15:01 PM AST,155
05-Nov-18 4:30:00 PM AST,113
05-Nov-18 4:45:01 PM AST,79
05-Nov-18 5:00:00 PM AST,47
05-Nov-18 5:15:01 PM AST,16
05-Nov-18 5:30:00 PM AST,0
05-Nov-18 5:45:01 PM AST,1
05-Nov-18 6:00:01 PM AST,0
05-Nov-18 6:15:01 PM AST,0
05-Nov-18 6:30:01 PM AST,0
05-Nov-18 6:45:01 PM AST,0
05-Nov-18 7:00:01 PM AST,0
05-Nov-18 7:15:01 PM AST,0
05-Nov-18 7:30:01 PM AST,0
05-Nov-18 7:45:01 PM AST,0
05-Nov-18 8:00:01 PM AST,0
05-Nov-18 8:15:01 PM AST,0
05-Nov-18 8:30:01 PM AST,0
05-Nov-18 8:45:01 PM AST,0
05-Nov-18 9:00:02 PM AST,0
05-Nov-18 9:15:01 PM AST,0
05-Nov-18 9:30:01 PM AST,0
05-Nov-18 9:45:01 PM AST,0
05-Nov-18 10:00:01 PM AST,0
05-Nov-18 10:15:01 PM AST,0
05-Nov-18 10:30:01 PM AST,0
05-Nov-18 10:45:01 PM AST,0
05-Nov-18 11:00:01 PM AST,0
05-Nov-18 11:15:01 PM AST,0
05-Nov-18 11:30:01 PM AST,0
05-Nov-18 11:45:01 PM AST,0
06-Nov-18 12:00:02 AM AST,0
06-Nov-18 12:15:01 AM AST,0
06-Nov-18 12:30:01 AM AST,0
06-Nov-18 12:45:02 AM AST,0
06-Nov-18 1:00:01 AM AST,0
06-Nov-18 1:15:01 AM AST,0
06-Nov-18 1:30:01 AM AST,0
06-Nov-18 1:45:01 AM AST,0
06-Nov-18 2:00:01 AM AST,0
06-Nov-18 2:15:01 AM AST,0
06-Nov-18 2:30:00 AM AST,0
06-Nov-18 2:45:00 AM AST,0
06-Nov-18 3:00:00 AM AST,0
06-Nov-18 3:15:01 AM AST,0
06-Nov-18 3:30:00 AM AST,0
06-Nov-18 3:45:00 AM AST,0
06-Nov-18 4:00:00 AM AST,0
06-Nov-18 4:15:00 AM AST,0
06-Nov-18 4:30:00 AM AST,0
06-Nov-18 4:45:00 AM AST,0
06-Nov-18 5:00:00 AM AST,0
06-Nov-18 5:15:01 AM AST,0
06-Nov-18 5:30:00 AM AST,0
06-Nov-18 5:45:01 AM AST,0
06-Nov-18 6:00:01 AM AST,0
06-Nov-18 6:15:03 AM AST,0
06-Nov-18 6:30:01 AM AST,3
06-Nov-18 6:45:01 AM AST,3
06-Nov-18 7:00:02 AM AST,11
06-Nov-18 7:15:01 AM AST,32
06-Nov-18 7:30:01 AM AST,60
06-Nov-18 7:45:01 AM AST,87
06-Nov-18 8:00:01 AM AST,120
06-Nov-18 8:15:01 AM AST,152
06-Nov-18 8:30:01 AM AST,190
06-Nov-18 8:45:01 AM AST,225
06-Nov-18 9:00:01 AM AST,263
06-Nov-18 9:15:01 AM AST,289
06-Nov-18 9:30:02 AM AST,324
06-Nov-18 9:45:01 AM AST,343
06-Nov-18 10:00:01 AM AST,373
06-Nov-18 10:15:01 AM AST,404
06-Nov-18 10:30:01 AM AST,417
06-Nov-18 10:45:01 AM AST,435
06-Nov-18 11:00:01 AM AST,453
06-Nov-18 11:15:01 AM AST,461
06-Nov-18 11:30:01 AM AST,474
06-Nov-18 11:45:01 AM AST,479
06-Nov-18 12:00:01 PM AST,484
06-Nov-18 12:15:01 PM AST,484
06-Nov-18 12:30:01 PM AST,486
06-Nov-18 12:45:01 PM AST,480
06-Nov-18 1:00:01 PM AST,474
06-Nov-18 1:15:01 PM AST,462
06-Nov-18 1:30:01 PM AST,451
06-Nov-18 1:45:01 PM AST,430
06-Nov-18 2:00:01 PM AST,414
06-Nov-18 2:15:01 PM AST,394
06-Nov-18 2:30:01 PM AST,371
06-Nov-18 2:45:01 PM AST,350
06-Nov-18 3:00:01 PM AST,322
06-Nov-18 3:15:01 PM AST,291
06-Nov-18 3:30:00 PM AST,256
06-Nov-18 3:45:00 PM AST,213
06-Nov-18 4:00:00 PM AST,178
06-Nov-18 4:15:00 PM AST,135
06-Nov-18 4:30:00 PM AST,97
06-Nov-18 4:45:00 PM AST,73
06-Nov-18 5:00:01 PM AST,43
06-Nov-18 5:15:00 PM AST,22
06-Nov-18 5:30:00 PM AST,2
06-Nov-18 5:45:00 PM AST,2
06-Nov-18 6:00:01 PM AST,0
06-Nov-18 6:15:01 PM AST,0
06-Nov-18 6:30:01 PM AST,0
06-Nov-18 6:45:00 PM AST,0
06-Nov-18 7:00:01 PM AST,0
06-Nov-18 7:15:01 PM AST,0
06-Nov-18 7:30:01 PM AST,0
06-Nov-18 7:45:02 PM AST,0
06-Nov-18 8:00:01 PM AST,0
06-Nov-18 8:15:01 PM AST,0
06-Nov-18 8:30:01 PM AST,0
06-Nov-18 8:45:01 PM AST,0
06-Nov-18 9:00:01 PM AST,0
06-Nov-18 9:15:01 PM AST,0
06-Nov-18 9:30:01 PM AST,0
06-Nov-18 9:45:01 PM AST,0
06-Nov-18 10:00:01 PM AST,0
06-Nov-18 10:15:02 PM AST,0
06-Nov-18 10:30:01 PM AST,0
06-Nov-18 10:45:01 PM AST,0
06-Nov-18 11:00:01 PM AST,0
06-Nov-18 11:15:01 PM AST,0
06-Nov-18 11:30:01 PM AST,0
06-Nov-18 11:45:01 PM AST,0
07-Nov-18 12:00:01 AM AST,0
07-Nov-18 12:15:01 AM AST,0
07-Nov-18 12:30:01 AM AST,0
07-Nov-18 12:45:01 AM AST,0
07-Nov-18 1:00:02 AM AST,0
07-Nov-18 1:15:01 AM AST,0
07-Nov-18 1:30:01 AM AST,0
07-Nov-18 1:45:01 AM AST,0
07-Nov-18 2:00:01 AM AST,0
07-Nov-18 2:15:02 AM AST,0
07-Nov-18 2:30:01 AM AST,0
07-Nov-18 2:45:01 AM AST,0
07-Nov-18 3:00:01 AM AST,0
07-Nov-18 3:15:01 AM AST,0
07-Nov-18 3:30:01 AM AST,0
07-Nov-18 3:45:01 AM AST,0
07-Nov-18 4:00:02 AM AST,0
07-Nov-18 4:15:01 AM AST,0
07-Nov-18 4:30:01 AM AST,0
07-Nov-18 4:45:01 AM AST,0
07-Nov-18 5:00:01 AM AST,0
07-Nov-18 5:15:01 AM AST,0
07-Nov-18 5:30:01 AM AST,0
07-Nov-18 5:45:01 AM AST,0
07-Nov-18 6:00:01 AM AST,0
07-Nov-18 6:15:01 AM AST,0
07-Nov-18 6:30:01 AM AST,0
07-Nov-18 6:45:01 AM AST,0
07-Nov-18 7:00:01 AM AST,16
07-Nov-18 7:15:01 AM AST,38
07-Nov-18 7:30:01 AM AST,66
07-Nov-18 7:45:01 AM AST,93
07-Nov-18 8:00:01 AM AST,114
07-Nov-18 8:15:01 AM AST,144
07-Nov-18 8:30:01 AM AST,169
07-Nov-18 8:45:01 AM AST,208
07-Nov-18 9:00:01 AM AST,245
07-Nov-18 9:15:01 AM AST,277
07-Nov-18 9:30:01 AM AST,313
07-Nov-18 9:45:01 AM AST,343
07-Nov-18 10:00:01 AM AST,377
07-Nov-18 10:15:01 AM AST,403
07-Nov-18 10:30:01 AM AST,417
07-Nov-18 10:45:01 AM AST,439
07-Nov-18 11:00:01 AM AST,450
07-Nov-18 11:15:01 AM AST,461
07-Nov-18 11:30:01 AM AST,468
07-Nov-18 11:45:01 AM AST,476
07-Nov-18 12:00:00 PM AST,482
07-Nov-18 12:15:00 PM AST,481
07-Nov-18 12:30:00 PM AST,482
07-Nov-18 12:45:00 PM AST,478
07-Nov-18 1:00:00 PM AST,467
07-Nov-18 1:15:00 PM AST,464
07-Nov-18 1:30:00 PM AST,455
07-Nov-18 1:45:00 PM AST,434
07-Nov-18 2:00:01 PM AST,409
07-Nov-18 2:15:01 PM AST,389
07-Nov-18 2:30:01 PM AST,361
07-Nov-18 2:45:00 PM AST,334
07-Nov-18 3:00:01 PM AST,306
07-Nov-18 3:15:01 PM AST,269
07-Nov-18 3:30:00 PM AST,245
07-Nov-18 3:45:00 PM AST,206
07-Nov-18 4:00:02 PM AST,179
07-Nov-18 4:15:01 PM AST,136
07-Nov-18 4:30:00 PM AST,102
07-Nov-18 4:45:01 PM AST,70
07-Nov-18 5:00:01 PM AST,40
07-Nov-18 5:15:01 PM AST,14
07-Nov-18 5:30:01 PM AST,0
07-Nov-18 5:45:01 PM AST,0
07-Nov-18 6:00:01 PM AST,0
07-Nov-18 6:15:01 PM AST,0
07-Nov-18 6:30:01 PM AST,0
07-Nov-18 6:45:01 PM AST,0
07-Nov-18 7:00:01 PM AST,0
07-Nov-18 7:15:01 PM AST,0
07-Nov-18 7:30:01 PM AST,0
07-Nov-18 7:45:01 PM AST,0
07-Nov-18 8:00:02 PM AST,0
07-Nov-18 8:15:01 PM AST,0
07-Nov-18 8:30:01 PM AST,0
07-Nov-18 8:45:01 PM AST,0
07-Nov-18 9:00:01 PM AST,0
07-Nov-18 9:15:02 PM AST,0
07-Nov-18 9:30:01 PM AST,0
07-Nov-18 9:45:01 PM AST,0
07-Nov-18 10:00:01 PM AST,0
07-Nov-18 10:15:00 PM AST,0
07-Nov-18 10:30:00 PM AST,0
07-Nov-18 10:45:00 PM AST,0
07-Nov-18 11:00:00 PM AST,0
07-Nov-18 11:15:00 PM AST,0
07-Nov-18 11:30:00 PM AST,0
07-Nov-18 11:45:00 PM AST,0
08-Nov-18 12:00:00 AM AST,0
08-Nov-18 12:15:01 AM AST,0
08-Nov-18 12:30:01 AM AST,0
08-Nov-18 12:45:00 AM AST,0
08-Nov-18 1:00:01 AM AST,0
08-Nov-18 1:15:01 AM AST,0
08-Nov-18 1:30:01 AM AST,0
08-Nov-18 1:45:01 AM AST,0
08-Nov-18 2:00:01 AM AST,0
08-Nov-18 2:15:01 AM AST,0
08-Nov-18 2:30:00 AM AST,0
08-Nov-18 2:45:01 AM AST,0
08-Nov-18 3:00:01 AM AST,0
08-Nov-18 3:15:01 AM AST,0
08-Nov-18 3:30:02 AM AST,0
08-Nov-18 3:45:01 AM AST,0
08-Nov-18 4:00:01 AM AST,0
08-Nov-18 4:15:01 AM AST,0
08-Nov-18 4:30:01 AM AST,0
08-Nov-18 4:45:00 AM AST,0
08-Nov-18 5:00:00 AM AST,0
08-Nov-18 5:15:00 AM AST,0
08-Nov-18 5:30:00 AM AST,0
08-Nov-18 5:45:00 AM AST,0
08-Nov-18 6:00:00 AM AST,0
08-Nov-18 6:15:01 AM AST,0
08-Nov-18 6:30:00 AM AST,5
08-Nov-18 6:45:01 AM AST,2
08-Nov-18 7:00:00 AM AST,14
08-Nov-18 7:15:00 AM AST,31
08-Nov-18 7:30:00 AM AST,55
08-Nov-18 7:45:01 AM AST,83
08-Nov-18 8:00:01 AM AST,107
08-Nov-18 8:15:00 AM AST,135
08-Nov-18 8:30:00 AM AST,168
08-Nov-18 8:45:00 AM AST,209
08-Nov-18 9:00:01 AM AST,240
08-Nov-18 9:15:00 AM AST,272
08-Nov-18 9:30:01 AM AST,288
08-Nov-18 9:45:01 AM AST,317
08-Nov-18 10:00:01 AM AST,339
08-Nov-18 10:15:00 AM AST,365
08-Nov-18 10:30:00 AM AST,395
08-Nov-18 10:45:00 AM AST,420
08-Nov-18 11:00:00 AM AST,433
08-Nov-18 11:15:00 AM AST,443
08-Nov-18 11:30:00 AM AST,447
08-Nov-18 11:45:00 AM AST,456
08-Nov-18 12:00:00 PM AST,380
08-Nov-18 12:15:00 PM AST,447
08-Nov-18 12:30:00 PM AST,478
08-Nov-18 12:45:00 PM AST,481
08-Nov-18 1:00:00 PM AST,470
08-Nov-18 1:15:00 PM AST,442
08-Nov-18 1:30:00 PM AST,447
08-Nov-18 1:45:00 PM AST,410
08-Nov-18 2:00:00 PM AST,391
08-Nov-18 2:15:00 PM AST,379
08-Nov-18 2:30:00 PM AST,356
08-Nov-18 2:45:00 PM AST,341
08-Nov-18 3:00:00 PM AST,319
08-Nov-18 3:15:00 PM AST,279
08-Nov-18 3:30:00 PM AST,244
08-Nov-18 3:45:00 PM AST,204
08-Nov-18 4:00:01 PM AST,172
08-Nov-18 4:15:00 PM AST,64
08-Nov-18 4:30:00 PM AST,93
08-Nov-18 4:45:00 PM AST,24
08-Nov-18 5:00:00 PM AST,36
08-Nov-18 5:15:00 PM AST,28
08-Nov-18 5:30:00 PM AST,1
08-Nov-18 5:45:00 PM AST,2
08-Nov-18 6:00:00 PM AST,0
08-Nov-18 6:15:00 PM AST,0
08-Nov-18 6:30:00 PM AST,0
08-Nov-18 6:45:00 PM AST,0
08-Nov-18 7:00:00 PM AST,0
08-Nov-18 7:15:00 PM AST,0
08-Nov-18 7:30:00 PM AST,0
08-Nov-18 7:45:00 PM AST,0
08-Nov-18 8:00:00 PM AST,0
08-Nov-18 8:15:00 PM AST,0
08-Nov-18 8:30:00 PM AST,0
08-Nov-18 8:45:00 PM AST,0
08-Nov-18 9:00:00 PM AST,0
08-Nov-18 9:15:00 PM AST,0
08-Nov-18 9:30:00 PM AST,0
08-Nov-18 9:45:00 PM AST,0
08-Nov-18 10:00:00 PM AST,0
08-Nov-18 10:15:00 PM AST,0
08-Nov-18 10:30:00 PM AST,0
08-Nov-18 10:45:00 PM AST,0
08-Nov-18 11:00:00 PM AST,0
08-Nov-18 11:15:00 PM AST,0
08-Nov-18 11:30:00 PM AST,0
08-Nov-18 11:45:00 PM AST,0
09-Nov-18 12:00:00 AM AST,0
09-Nov-18 12:15:00 AM AST,0
09-Nov-18 12:30:00 AM AST,0
09-Nov-18 12:45:00 AM AST,0
09-Nov-18 1:00:00 AM AST,0
09-Nov-18 1:15:00 AM AST,0
09-Nov-18 1:30:00 AM AST,0
09-Nov-18 1:45:00 AM AST,0
09-Nov-18 2:00:01 AM AST,0
09-Nov-18 2:15:00 AM AST,0
09-Nov-18 2:30:00 AM AST,0
09-Nov-18 2:45:00 AM AST,0
09-Nov-18 3:00:00 AM AST,0
09-Nov-18 3:15:00 AM AST,0
09-Nov-18 3:30:00 AM AST,0
09-Nov-18 3:45:00 AM AST,0
09-Nov-18 4:00:00 AM AST,0
09-Nov-18 4:15:00 AM AST,0
09-Nov-18 4:30:00 AM AST,0
09-Nov-18 4:45:00 AM AST,0
09-Nov-18 5:00:00 AM AST,0
09-Nov-18 5:15:00 AM AST,0
09-Nov-18 5:30:00 AM AST,0
09-Nov-18 5:45:00 AM AST,0
09-Nov-18 6:00:00 AM AST,0
09-Nov-18 6:15:00 AM AST,0
09-Nov-18 6:30:00 AM AST,0
09-Nov-18 6:45:00 AM AST,0
09-Nov-18 7:00:00 AM AST,11
09-Nov-18 7:15:00 AM AST,35
09-Nov-18 7:30:00 AM AST,49
09-Nov-18 7:45:00 AM AST,28
09-Nov-18 8:00:00 AM AST,38
09-Nov-18 8:15:00 AM AST,70
09-Nov-18 8:30:00 AM AST,138
09-Nov-18 8:45:01 AM AST,112
09-Nov-18 9:00:00 AM AST,168
09-Nov-18 9:15:00 AM AST,309
09-Nov-18 9:30:00 AM AST,312
09-Nov-18 9:45:00 AM AST,239
09-Nov-18 10:00:00 AM AST,409
09-Nov-18 10:15:00 AM AST,404
09-Nov-18 10:30:00 AM AST,405
09-Nov-18 10:45:00 AM AST,253
09-Nov-18 11:00:00 AM AST,55
09-Nov-18 11:15:01 AM AST,0
09-Nov-18 11:30:01 AM AST,132
09-Nov-18 11:45:00 AM AST,523
09-Nov-18 12:00:00 PM AST,454
09-Nov-18 12:15:00 PM AST,461
09-Nov-18 12:30:00 PM AST,447
09-Nov-18 12:45:00 PM AST,438
09-Nov-18 1:00:01 PM AST,433
09-Nov-18 1:15:00 PM AST,420
09-Nov-18 1:30:00 PM AST,411
09-Nov-18 1:45:00 PM AST,396
09-Nov-18 2:00:00 PM AST,383
09-Nov-18 2:15:00 PM AST,354
09-Nov-18 2:30:00 PM AST,336
09-Nov-18 2:45:00 PM AST,307
09-Nov-18 3:00:00 PM AST,285
09-Nov-18 3:15:00 PM AST,259
09-Nov-18 3:30:00 PM AST,236
09-Nov-18 3:45:00 PM AST,205
09-Nov-18 4:00:00 PM AST,176
09-Nov-18 4:15:00 PM AST,142
09-Nov-18 4:30:01 PM AST,105
09-Nov-18 4:45:00 PM AST,73
09-Nov-18 5:00:00 PM AST,41
09-Nov-18 5:15:00 PM AST,11
09-Nov-18 5:30:00 PM AST,3
09-Nov-18 5:45:00 PM AST,4
09-Nov-18 6:00:00 PM AST,0
09-Nov-18 6:15:00 PM AST,0
09-Nov-18 6:30:00 PM AST,0
09-Nov-18 6:45:00 PM AST,0
09-Nov-18 7:00:00 PM AST,0
09-Nov-18 7:15:01 PM AST,0
09-Nov-18 7:30:00 PM AST,0
09-Nov-18 7:45:00 PM AST,0
09-Nov-18 8:00:00 PM AST,0
09-Nov-18 8:15:00 PM AST,0
09-Nov-18 8:30:00 PM AST,0
09-Nov-18 8:45:01 PM AST,0
09-Nov-18 9:00:00 PM AST,0
09-Nov-18 9:15:00 PM AST,0
09-Nov-18 9:30:00 PM AST,0
09-Nov-18 9:45:00 PM AST,0
09-Nov-18 10:00:00 PM AST,0
09-Nov-18 10:15:00 PM AST,0
09-Nov-18 10:30:00 PM AST,0
09-Nov-18 10:45:01 PM AST,0
09-Nov-18 11:00:01 PM AST,0
09-Nov-18 11:15:00 PM AST,0
09-Nov-18 11:30:00 PM AST,0
09-Nov-18 11:45:00 PM AST,0
10-Nov-18 12:00:00 AM AST,0
10-Nov-18 12:15:00 AM AST,0
10-Nov-18 12:30:00 AM AST,0
10-Nov-18 12:45:00 AM AST,0
10-Nov-18 1:00:00 AM AST,0
10-Nov-18 1:15:00 AM AST,0
10-Nov-18 1:30:00 AM AST,0
10-Nov-18 1:45:00 AM AST,0
10-Nov-18 2:00:00 AM AST,0
10-Nov-18 2:15:00 AM AST,0
10-Nov-18 2:30:00 AM AST,0
10-Nov-18 2:45:00 AM AST,0
10-Nov-18 3:00:00 AM AST,0
10-Nov-18 3:15:01 AM AST,0
10-Nov-18 3:30:00 AM AST,0
10-Nov-18 3:45:00 AM AST,0
10-Nov-18 4:00:00 AM AST,0
10-Nov-18 4:15:00 AM AST,0
10-Nov-18 4:30:00 AM AST,0
10-Nov-18 4:45:00 AM AST,0
10-Nov-18 5:00:01 AM AST,0
10-Nov-18 5:15:00 AM AST,0
10-Nov-18 5:30:00 AM AST,0
10-Nov-18 5:45:00 AM AST,0
10-Nov-18 6:00:00 AM AST,0
10-Nov-18 6:15:00 AM AST,0
10-Nov-18 6:30:00 AM AST,0
10-Nov-18 6:45:01 AM AST,1
10-Nov-18 7:00:00 AM AST,12
10-Nov-18 7:15:00 AM AST,29
10-Nov-18 7:30:00 AM AST,53
10-Nov-18 7:45:00 AM AST,81
10-Nov-18 8:00:00 AM AST,112
10-Nov-18 8:15:00 AM AST,136
10-Nov-18 8:30:00 AM AST,179
10-Nov-18 8:45:00 AM AST,216
10-Nov-18 9:00:00 AM AST,251
10-Nov-18 9:15:00 AM AST,270
10-Nov-18 9:30:00 AM AST,302
10-Nov-18 9:45:00 AM AST,321
10-Nov-18 10:00:00 AM AST,349
10-Nov-18 10:15:00 AM AST,385
10-Nov-18 10:30:01 AM AST,396
10-Nov-18 10:45:00 AM AST,405
10-Nov-18 11:00:00 AM AST,450
10-Nov-18 11:15:00 AM AST,462
10-Nov-18 11:30:00 AM AST,467
10-Nov-18 11:45:00 AM AST,464
10-Nov-18 12:00:00 PM AST,454
10-Nov-18 12:15:00 PM AST,460
10-Nov-18 12:30:00 PM AST,454
10-Nov-18 12:45:00 PM AST,468
10-Nov-18 1:00:00 PM AST,465
10-Nov-18 1:15:00 PM AST,458
10-Nov-18 1:30:00 PM AST,441
10-Nov-18 1:45:00 PM AST,427
10-Nov-18 2:00:00 PM AST,413
10-Nov-18 2:15:00 PM AST,395
10-Nov-18 2:30:00 PM AST,372
10-Nov-18 2:45:00 PM AST,343
10-Nov-18 3:00:00 PM AST,320
10-Nov-18 3:15:00 PM AST,291
10-Nov-18 3:30:00 PM AST,254
10-Nov-18 3:45:00 PM AST,213
10-Nov-18 4:00:00 PM AST,176
10-Nov-18 4:15:00 PM AST,134
10-Nov-18 4:30:00 PM AST,95
10-Nov-18 4:45:00 PM AST,69
10-Nov-18 5:00:00 PM AST,37
10-Nov-18 5:15:00 PM AST,17
10-Nov-18 5:30:00 PM AST,1
10-Nov-18 5:45:01 PM AST,0
10-Nov-18 6:00:00 PM AST,0
10-Nov-18 6:15:00 PM AST,0
10-Nov-18 6:30:00 PM AST,0
10-Nov-18 6:45:00 PM AST,0
10-Nov-18 7:00:00 PM AST,0
10-Nov-18 7:15:00 PM AST,0
10-Nov-18 7:30:00 PM AST,0
10-Nov-18 7:45:00 PM AST,0
10-Nov-18 8:00:01 PM AST,0
10-Nov-18 8:15:00 PM AST,0
10-Nov-18 8:30:00 PM AST,0
10-Nov-18 8:45:00 PM AST,0
10-Nov-18 9:00:00 PM AST,0
10-Nov-18 9:15:00 PM AST,0
10-Nov-18 9:30:00 PM AST,0
10-Nov-18 9:45:00 PM AST,0
10-Nov-18 10:00:00 PM AST,0
10-Nov-18 10:15:00 PM AST,0
10-Nov-18 10:30:00 PM AST,0
10-Nov-18 10:45:00 PM AST,0
10-Nov-18 11:00:00 PM AST,0
10-Nov-18 11:15:00 PM AST,0
10-Nov-18 11:30:00 PM AST,0
10-Nov-18 11:45:00 PM AST,0
11-Nov-18 12:00:00 AM AST,0
11-Nov-18 12:15:00 AM AST,0
11-Nov-18 12:30:01 AM AST,0
11-Nov-18 12:45:00 AM AST,0
11-Nov-18 1:00:00 AM AST,0
11-Nov-18 1:15:00 AM AST,0
11-Nov-18 1:30:00 AM AST,0
11-Nov-18 1:45:00 AM AST,0
11-Nov-18 2:00:00 AM AST,0
11-Nov-18 2:15:00 AM AST,0
11-Nov-18 2:30:00 AM AST,0
11-Nov-18 2:45:00 AM AST,0
11-Nov-18 3:00:00 AM AST,0
11-Nov-18 3:15:01 AM AST,0
11-Nov-18 3:30:00 AM AST,0
11-Nov-18 3:45:00 AM AST,0
11-Nov-18 4:00:01 AM AST,0
11-Nov-18 4:15:00 AM AST,0
11-Nov-18 4:30:00 AM AST,0
11-Nov-18 4:45:00 AM AST,0
11-Nov-18 5:00:00 AM AST,0
11-Nov-18 5:15:00 AM AST,0
11-Nov-18 5:30:00 AM AST,0
11-Nov-18 5:45:00 AM AST,0
11-Nov-18 6:00:00 AM AST,0
11-Nov-18 6:15:00 AM AST,0
11-Nov-18 6:30:00 AM AST,0
11-Nov-18 6:45:00 AM AST,0
11-Nov-18 7:00:00 AM AST,10
11-Nov-18 7:15:00 AM AST,30
11-Nov-18 7:30:00 AM AST,58
11-Nov-18 7:45:00 AM AST,90
11-Nov-18 8:00:00 AM AST,112
11-Nov-18 8:15:00 AM AST,147
11-Nov-18 8:30:00 AM AST,174
11-Nov-18 8:45:00 AM AST,212
11-Nov-18 9:00:00 AM AST,256
11-Nov-18 9:15:00 AM AST,284
11-Nov-18 9:30:00 AM AST,318
11-Nov-18 9:45:00 AM AST,354
11-Nov-18 10:00:00 AM AST,381
11-Nov-18 10:15:01 AM AST,409
11-Nov-18 10:30:00 AM AST,425
11-Nov-18 10:45:00 AM AST,446
11-Nov-18 11:00:00 AM AST,456
11-Nov-18 11:15:00 AM AST,470
11-Nov-18 11:30:00 AM AST,480
11-Nov-18 11:45:00 AM AST,486
11-Nov-18 12:00:01 PM AST,488
11-Nov-18 12:15:00 PM AST,478
11-Nov-18 12:30:00 PM AST,487
11-Nov-18 12:45:00 PM AST,481
11-Nov-18 1:00:00 PM AST,474
11-Nov-18 1:15:00 PM AST,468
11-Nov-18 1:30:00 PM AST,456
11-Nov-18 1:45:00 PM AST,438
11-Nov-18 2:00:00 PM AST,421
11-Nov-18 2:15:01 PM AST,395
11-Nov-18 2:30:00 PM AST,373
11-Nov-18 2:45:00 PM AST,344
11-Nov-18 3:00:00 PM AST,313
11-Nov-18 3:15:00 PM AST,278
11-Nov-18 3:30:00 PM AST,252
11-Nov-18 3:45:00 PM AST,215
11-Nov-18 4:00:00 PM AST,183
11-Nov-18 4:15:00 PM AST,144
11-Nov-18 4:30:01 PM AST,105
11-Nov-18 4:45:00 PM AST,70
11-Nov-18 5:00:00 PM AST,38
11-Nov-18 5:15:00 PM AST,11
11-Nov-18 5:30:00 PM AST,0
11-Nov-18 5:45:00 PM AST,3
11-Nov-18 6:00:00 PM AST,0
11-Nov-18 6:15:00 PM AST,0
11-Nov-18 6:30:00 PM AST,0
11-Nov-18 6:45:00 PM AST,0
11-Nov-18 7:00:00 PM AST,0
11-Nov-18 7:15:00 PM AST,0
11-Nov-18 7:30:00 PM AST,0
11-Nov-18 7:45:01 PM AST,0
11-Nov-18 8:00:01 PM AST,0
11-Nov-18 8:15:00 PM AST,0
11-Nov-18 8:30:00 PM AST,0
11-Nov-18 8:45:00 PM AST,0
11-Nov-18 9:00:00 PM AST,0
11-Nov-18 9:15:00 PM AST,0
11-Nov-18 9:30:00 PM AST,0
11-Nov-18 9:45:00 PM AST,0
11-Nov-18 10:00:00 PM AST,0
11-Nov-18 10:15:00 PM AST,0
11-Nov-18 10:30:00 PM AST,0
11-Nov-18 10:45:01 PM AST,0
11-Nov-18 11:00:01 PM AST,0
11-Nov-18 11:15:00 PM AST,0
11-Nov-18 11:30:00 PM AST,0
11-Nov-18 11:45:00 PM AST,0
12-Nov-18 12:00:00 AM AST,0
12-Nov-18 12:15:00 AM AST,0
12-Nov-18 12:30:00 AM AST,0
12-Nov-18 12:45:00 AM AST,0
12-Nov-18 1:00:00 AM AST,0
12-Nov-18 1:15:00 AM AST,0
12-Nov-18 1:30:00 AM AST,0
12-Nov-18 1:45:00 AM AST,0
12-Nov-18 2:00:00 AM AST,0
12-Nov-18 2:15:00 AM AST,0
12-Nov-18 2:30:00 AM AST,0
12-Nov-18 2:45:00 AM AST,0
12-Nov-18 3:00:00 AM AST,0
12-Nov-18 3:15:00 AM AST,0
12-Nov-18 3:30:00 AM AST,0
12-Nov-18 3:45:00 AM AST,0
12-Nov-18 4:00:00 AM AST,0
12-Nov-18 4:15:00 AM AST,0
12-Nov-18 4:30:00 AM AST,0
12-Nov-18 4:45:01 AM AST,0
12-Nov-18 5:00:00 AM AST,0
12-Nov-18 5:15:00 AM AST,0
12-Nov-18 5:30:00 AM AST,0
12-Nov-18 5:45:00 AM AST,0
12-Nov-18 6:00:00 AM AST,0
12-Nov-18 6:15:00 AM AST,0
12-Nov-18 6:30:00 AM AST,0
12-Nov-18 6:45:00 AM AST,1
12-Nov-18 7:00:00 AM AST,9
12-Nov-18 7:15:00 AM AST,26
12-Nov-18 7:30:00 AM AST,53
12-Nov-18 7:45:00 AM AST,81
12-Nov-18 8:00:00 AM AST,104
12-Nov-18 8:15:00 AM AST,139
12-Nov-18 8:30:00 AM AST,194
12-Nov-18 8:45:00 AM AST,212
12-Nov-18 9:00:00 AM AST,256
12-Nov-18 9:15:00 AM AST,279
12-Nov-18 9:30:00 AM AST,307
12-Nov-18 9:45:00 AM AST,332
12-Nov-18 10:00:00 AM AST,364
12-Nov-18 10:15:00 AM AST,391
12-Nov-18 10:30:00 AM AST,414
12-Nov-18 10:45:00 AM AST,430
12-Nov-18 11:00:00 AM AST,445
12-Nov-18 11:15:00 AM AST,454
12-Nov-18 11:30:00 AM AST,465
12-Nov-18 11:45:00 AM AST,467
12-Nov-18 12:00:00 PM AST,474
12-Nov-18 12:15:00 PM AST,471
12-Nov-18 12:30:00 PM AST,472
12-Nov-18 12:45:00 PM AST,468
12-Nov-18 1:00:00 PM AST,461
12-Nov-18 1:15:00 PM AST,451
12-Nov-18 1:30:01 PM AST,432
12-Nov-18 1:45:00 PM AST,416
12-Nov-18 2:00:00 PM AST,397
12-Nov-18 2:15:00 PM AST,379
12-Nov-18 2:30:00 PM AST,352
12-Nov-18 2:45:00 PM AST,329
12-Nov-18 3:00:01 PM AST,300
12-Nov-18 3:15:00 PM AST,271
12-Nov-18 3:30:00 PM AST,234
12-Nov-18 3:45:00 PM AST,197
12-Nov-18 4:00:00 PM AST,162
12-Nov-18 4:15:00 PM AST,124
12-Nov-18 4:30:00 PM AST,87
12-Nov-18 4:45:00 PM AST,63
12-Nov-18 5:00:00 PM AST,35
12-Nov-18 5:15:00 PM AST,16
12-Nov-18 5:30:00 PM AST,0
12-Nov-18 5:45:00 PM AST,0
12-Nov-18 6:00:00 PM AST,0
12-Nov-18 6:15:00 PM AST,0
12-Nov-18 6:30:00 PM AST,0
12-Nov-18 6:45:00 PM AST,0
12-Nov-18 7:00:01 PM AST,0
12-Nov-18 7:15:00 PM AST,0
12-Nov-18 7:30:00 PM AST,0
12-Nov-18 7:45:01 PM AST,0
12-Nov-18 8:00:00 PM AST,0
12-Nov-18 8:15:00 PM AST,0
12-Nov-18 8:30:00 PM AST,0
12-Nov-18 8:45:00 PM AST,0
12-Nov-18 9:00:00 PM AST,0
12-Nov-18 9:15:00 PM AST,0
12-Nov-18 9:30:00 PM AST,0
12-Nov-18 9:45:00 PM AST,0
12-Nov-18 10:00:00 PM AST,0
12-Nov-18 10:15:00 PM AST,0
12-Nov-18 10:30:00 PM AST,0
12-Nov-18 10:45:00 PM AST,0
12-Nov-18 11:00:01 PM AST,0
12-Nov-18 11:15:00 PM AST,0
12-Nov-18 11:30:01 PM AST,0
12-Nov-18 11:45:00 PM AST,0
13-Nov-18 12:00:00 AM AST,0
13-Nov-18 12:15:00 AM AST,0
13-Nov-18 12:30:01 AM AST,0
13-Nov-18 12:45:00 AM AST,0
13-Nov-18 1:00:00 AM AST,0
13-Nov-18 1:15:00 AM AST,0
13-Nov-18 1:30:00 AM AST,0
13-Nov-18 1:45:00 AM AST,0
13-Nov-18 2:00:01 AM AST,0
13-Nov-18 2:15:01 AM AST,0
13-Nov-18 2:30:00 AM AST,0
13-Nov-18 2:45:00 AM AST,0
13-Nov-18 3:00:00 AM AST,0
13-Nov-18 3:15:00 AM AST,0
13-Nov-18 3:30:00 AM AST,0
13-Nov-18 3:45:00 AM AST,0
13-Nov-18 4:00:01 AM AST,0
13-Nov-18 4:15:00 AM AST,0
13-Nov-18 4:30:00 AM AST,0
13-Nov-18 4:45:00 AM AST,0
13-Nov-18 5:00:00 AM AST,0
13-Nov-18 5:15:01 AM AST,0
13-Nov-18 5:30:00 AM AST,0
13-Nov-18 5:45:00 AM AST,0
13-Nov-18 6:00:00 AM AST,0
13-Nov-18 6:15:00 AM AST,0
13-Nov-18 6:30:00 AM AST,0
13-Nov-18 6:45:00 AM AST,0
13-Nov-18 7:00:00 AM AST,8
13-Nov-18 7:15:00 AM AST,33
13-Nov-18 7:30:00 AM AST,58
13-Nov-18 7:45:00 AM AST,83
13-Nov-18 8:00:00 AM AST,104
13-Nov-18 8:15:01 AM AST,131
13-Nov-18 8:30:00 AM AST,151
13-Nov-18 8:45:00 AM AST,187
13-Nov-18 9:00:00 AM AST,222
13-Nov-18 9:15:00 AM AST,256
13-Nov-18 9:30:00 AM AST,284
13-Nov-18 9:45:00 AM AST,314
13-Nov-18 10:00:00 AM AST,343
13-Nov-18 10:15:01 AM AST,383
13-Nov-18 10:30:00 AM AST,385
13-Nov-18 10:45:00 AM AST,349
13-Nov-18 11:00:00 AM AST,418
13-Nov-18 11:15:00 AM AST,386
13-Nov-18 11:30:00 AM AST,433
13-Nov-18 11:45:00 AM AST,439
13-Nov-18 12:00:00 PM AST,441
13-Nov-18 12:15:00 PM AST,448
13-Nov-18 12:30:00 PM AST,442
13-Nov-18 12:45:01 PM AST,439
13-Nov-18 1:00:01 PM AST,437
13-Nov-18 1:15:01 PM AST,421
13-Nov-18 1:30:01 PM AST,410
13-Nov-18 1:45:01 PM AST,383
13-Nov-18 2:00:01 PM AST,373
13-Nov-18 2:15:01 PM AST,348
13-Nov-18 2:30:01 PM AST,209
13-Nov-18 2:45:01 PM AST,193
13-Nov-18 3:00:00 PM AST,143
13-Nov-18 3:15:00 PM AST,302
13-Nov-18 3:30:01 PM AST,181
13-Nov-18 3:45:00 PM AST,124
13-Nov-18 4:00:00 PM AST,155
13-Nov-18 4:15:00 PM AST,110
13-Nov-18 4:30:01 PM AST,81
13-Nov-18 4:45:00 PM AST,53
13-Nov-18 5:00:01 PM AST,33
13-Nov-18 5:15:01 PM AST,9
13-Nov-18 5:30:01 PM AST,0
13-Nov-18 5:45:01 PM AST,0
13-Nov-18 6:00:01 PM AST,0
13-Nov-18 6:15:01 PM AST,0
13-Nov-18 6:30:01 PM AST,0
13-Nov-18 6:45:01 PM AST,0
13-Nov-18 7:00:01 PM AST,0
13-Nov-18 7:15:01 PM AST,0
13-Nov-18 7:30:01 PM AST,0
13-Nov-18 7:45:00 PM AST,0
13-Nov-18 8:00:00 PM AST,0
13-Nov-18 8:15:00 PM AST,0
13-Nov-18 8:30:00 PM AST,0
13-Nov-18 8:45:00 PM AST,0
13-Nov-18 9:00:00 PM AST,0
13-Nov-18 9:15:00 PM AST,0
13-Nov-18 9:30:00 PM AST,0
13-Nov-18 9:45:00 PM AST,0
13-Nov-18 10:00:00 PM AST,0
13-Nov-18 10:15:00 PM AST,0
13-Nov-18 10:30:00 PM AST,0
13-Nov-18 10:45:01 PM AST,0
13-Nov-18 11:00:00 PM AST,0
13-Nov-18 11:15:00 PM AST,0
13-Nov-18 11:30:00 PM AST,0
13-Nov-18 11:45:00 PM AST,0
14-Nov-18 12:00:00 AM AST,0
14-Nov-18 12:15:00 AM AST,0
14-Nov-18 12:30:00 AM AST,0
14-Nov-18 12:45:00 AM AST,0
14-Nov-18 1:00:00 AM AST,0
14-Nov-18 1:15:00 AM AST,0
14-Nov-18 1:30:00 AM AST,0
14-Nov-18 1:45:00 AM AST,0
14-Nov-18 2:00:00 AM AST,0
14-Nov-18 2:15:02 AM AST,0
14-Nov-18 2:30:00 AM AST,0
14-Nov-18 2:45:00 AM AST,0
14-Nov-18 3:00:00 AM AST,0
14-Nov-18 3:15:00 AM AST,0
14-Nov-18 3:30:00 AM AST,0
14-Nov-18 3:45:00 AM AST,0
14-Nov-18 4:00:01 AM AST,0
14-Nov-18 4:15:00 AM AST,0
14-Nov-18 4:30:00 AM AST,0
14-Nov-18 4:45:00 AM AST,0
14-Nov-18 5:00:01 AM AST,0
14-Nov-18 5:15:00 AM AST,0
14-Nov-18 5:30:00 AM AST,0
14-Nov-18 5:45:00 AM AST,0
14-Nov-18 6:00:00 AM AST,0
14-Nov-18 6:15:00 AM AST,0
14-Nov-18 6:30:00 AM AST,0
14-Nov-18 6:45:00 AM AST,2
14-Nov-18 7:00:00 AM AST,0
14-Nov-18 7:15:00 AM AST,5
14-Nov-18 7:30:00 AM AST,9
14-Nov-18 7:45:01 AM AST,57
14-Nov-18 8:00:01 AM AST,75
14-Nov-18 8:15:01 AM AST,162
14-Nov-18 8:30:00 AM AST,36
14-Nov-18 8:45:01 AM AST,4
14-Nov-18 9:00:00 AM AST,61
14-Nov-18 9:15:00 AM AST,79
14-Nov-18 9:30:00 AM AST,0
14-Nov-18 9:45:00 AM AST,0
14-Nov-18 10:00:01 AM AST,0
14-Nov-18 10:15:00 AM AST,0
14-Nov-18 10:30:00 AM AST,83
14-Nov-18 10:45:00 AM AST,99
14-Nov-18 11:00:00 AM AST,53
14-Nov-18 11:15:01 AM AST,414
14-Nov-18 11:30:00 AM AST,72
14-Nov-18 11:45:00 AM AST,186
14-Nov-18 12:00:00 PM AST,411
14-Nov-18 12:15:00 PM AST,162
14-Nov-18 12:30:00 PM AST,243
14-Nov-18 12:45:00 PM AST,429
14-Nov-18 1:00:00 PM AST,316
14-Nov-18 1:15:00 PM AST,390
14-Nov-18 1:30:01 PM AST,395
14-Nov-18 1:45:00 PM AST,378
14-Nov-18 2:00:00 PM AST,239
14-Nov-18 2:15:01 PM AST,112
14-Nov-18 2:30:00 PM AST,124
14-Nov-18 2:45:00 PM AST,339
14-Nov-18 3:00:01 PM AST,190
14-Nov-18 3:15:00 PM AST,222
14-Nov-18 3:30:00 PM AST,218
14-Nov-18 3:45:00 PM AST,155
14-Nov-18 4:00:01 PM AST,55.5
14-Nov-18 4:15:01 PM AST,77
14-Nov-18 4:30:00 PM AST,36
14-Nov-18 4:45:01 PM AST,61
14-Nov-18 5:00:01 PM AST,9
14-Nov-18 5:15:01 PM AST,0
14-Nov-18 5:30:01 PM AST,0
14-Nov-18 5:45:01 PM AST,0
14-Nov-18 6:00:00 PM AST,0
14-Nov-18 6:15:00 PM AST,0
14-Nov-18 6:30:00 PM AST,0
14-Nov-18 6:45:00 PM AST,0
14-Nov-18 7:00:00 PM AST,0
14-Nov-18 7:15:00 PM AST,0
14-Nov-18 7:30:00 PM AST,0
14-Nov-18 7:45:01 PM AST,0
14-Nov-18 8:00:01 PM AST,0
14-Nov-18 8:15:01 PM AST,0
14-Nov-18 8:30:01 PM AST,0
14-Nov-18 8:45:01 PM AST,0
14-Nov-18 9:00:01 PM AST,0
14-Nov-18 9:15:01 PM AST,0
14-Nov-18 9:30:00 PM AST,0
14-Nov-18 9:45:00 PM AST,0
14-Nov-18 10:00:00 PM AST,0
14-Nov-18 10:15:00 PM AST,0
14-Nov-18 10:30:00 PM AST,0
14-Nov-18 10:45:00 PM AST,0
14-Nov-18 11:00:00 PM AST,0
14-Nov-18 11:15:01 PM AST,0
14-Nov-18 11:30:00 PM AST,0
14-Nov-18 11:45:00 PM AST,0
15-Nov-18 12:00:01 AM AST,0
15-Nov-18 12:15:00 AM AST,0
15-Nov-18 12:30:00 AM AST,0
15-Nov-18 12:45:00 AM AST,0
15-Nov-18 1:00:01 AM AST,0
15-Nov-18 1:15:01 AM AST,0
15-Nov-18 1:30:01 AM AST,0
15-Nov-18 1:45:01 AM AST,0
15-Nov-18 2:00:02 AM AST,0
15-Nov-18 2:15:01 AM AST,0
15-Nov-18 2:30:01 AM AST,0
15-Nov-18 2:45:01 AM AST,0
15-Nov-18 3:00:01 AM AST,0
15-Nov-18 3:15:01 AM AST,0
15-Nov-18 3:30:00 AM AST,0
15-Nov-18 3:45:00 AM AST,0
15-Nov-18 4:00:00 AM AST,0
15-Nov-18 4:15:00 AM AST,0
15-Nov-18 4:30:00 AM AST,0
15-Nov-18 4:45:00 AM AST,0
15-Nov-18 5:00:00 AM AST,0
15-Nov-18 5:15:00 AM AST,0
15-Nov-18 5:30:01 AM AST,0
15-Nov-18 5:45:00 AM AST,0
15-Nov-18 6:00:00 AM AST,0
15-Nov-18 6:15:00 AM AST,0
15-Nov-18 6:30:00 AM AST,0
15-Nov-18 6:45:00 AM AST,0
15-Nov-18 7:00:00 AM AST,0
15-Nov-18 7:15:00 AM AST,28
15-Nov-18 7:30:00 AM AST,54
15-Nov-18 7:45:00 AM AST,178
15-Nov-18 8:00:00 AM AST,168
15-Nov-18 8:15:00 AM AST,174
15-Nov-18 8:30:00 AM AST,156
15-Nov-18 8:45:00 AM AST,131
15-Nov-18 9:00:00 AM AST,152
15-Nov-18 9:15:00 AM AST,190
15-Nov-18 9:30:00 AM AST,319
15-Nov-18 9:45:00 AM AST,246
15-Nov-18 10:00:01 AM AST,328
15-Nov-18 10:15:00 AM AST,285
15-Nov-18 10:30:00 AM AST,237
15-Nov-18 10:45:00 AM AST,166
15-Nov-18 11:00:00 AM AST,208
15-Nov-18 11:15:00 AM AST,188
15-Nov-18 11:30:00 AM AST,164
15-Nov-18 11:45:00 AM AST,207
15-Nov-18 12:00:00 PM AST,217
15-Nov-18 12:15:00 PM AST,165
15-Nov-18 12:30:00 PM AST,263
15-Nov-18 12:45:00 PM AST,310
15-Nov-18 1:00:00 PM AST,284
15-Nov-18 1:15:00 PM AST,392
15-Nov-18 1:30:00 PM AST,410
15-Nov-18 1:45:00 PM AST,311
15-Nov-18 2:00:00 PM AST,431
15-Nov-18 2:15:00 PM AST,136
15-Nov-18 2:30:00 PM AST,139
15-Nov-18 2:45:00 PM AST,185
15-Nov-18 3:00:00 PM AST,276
15-Nov-18 3:15:00 PM AST,270
15-Nov-18 3:30:00 PM AST,105
15-Nov-18 3:45:01 PM AST,108
15-Nov-18 4:00:00 PM AST,143
15-Nov-18 4:15:00 PM AST,120
15-Nov-18 4:30:00 PM AST,27
15-Nov-18 4:45:00 PM AST,92
15-Nov-18 5:00:00 PM AST,28
15-Nov-18 5:15:00 PM AST,7
15-Nov-18 5:30:00 PM AST,1
15-Nov-18 5:45:00 PM AST,1
15-Nov-18 6:00:00 PM AST,0
15-Nov-18 6:15:00 PM AST,0
15-Nov-18 6:30:00 PM AST,0
15-Nov-18 6:45:00 PM AST,0
15-Nov-18 7:00:00 PM AST,0
15-Nov-18 7:15:00 PM AST,0
15-Nov-18 7:30:01 PM AST,0
15-Nov-18 7:45:00 PM AST,0
15-Nov-18 8:00:00 PM AST,0
15-Nov-18 8:15:00 PM AST,0
15-Nov-18 8:30:00 PM AST,0
15-Nov-18 8:45:00 PM AST,0
15-Nov-18 9:00:00 PM AST,0
15-Nov-18 9:15:01 PM AST,0
15-Nov-18 9:30:00 PM AST,0
15-Nov-18 9:45:01 PM AST,0
15-Nov-18 10:00:00 PM AST,0
15-Nov-18 10:15:00 PM AST,0
15-Nov-18 10:30:00 PM AST,0
15-Nov-18 10:45:00 PM AST,0
15-Nov-18 11:00:00 PM AST,0
15-Nov-18 11:15:00 PM AST,0
15-Nov-18 11:30:00 PM AST,0
15-Nov-18 11:45:00 PM AST,0
16-Nov-18 12:00:00 AM AST,0
16-Nov-18 12:15:00 AM AST,0
16-Nov-18 12:30:00 AM AST,0
16-Nov-18 12:45:00 AM AST,0
16-Nov-18 1:00:00 AM AST,0
16-Nov-18 1:15:00 AM AST,0
16-Nov-18 1:30:00 AM AST,0
16-Nov-18 1:45:00 AM AST,0
16-Nov-18 2:00:00 AM AST,0
16-Nov-18 2:15:01 AM AST,0
16-Nov-18 2:30:00 AM AST,0
16-Nov-18 2:45:00 AM AST,0
16-Nov-18 3:00:00 AM AST,0
16-Nov-18 3:15:00 AM AST,0
16-Nov-18 3:30:00 AM AST,0
16-Nov-18 3:45:00 AM AST,0
16-Nov-18 4:00:00 AM AST,0
16-Nov-18 4:15:00 AM AST,0
16-Nov-18 4:30:00 AM AST,0
16-Nov-18 4:45:00 AM AST,0
16-Nov-18 5:00:00 AM AST,0
16-Nov-18 5:15:00 AM AST,0
16-Nov-18 5:30:00 AM AST,0
16-Nov-18 5:45:00 AM AST,0
16-Nov-18 6:00:00 AM AST,0
16-Nov-18 6:15:00 AM AST,0
16-Nov-18 6:30:00 AM AST,0
16-Nov-18 6:45:00 AM AST,2
16-Nov-18 7:00:00 AM AST,6
16-Nov-18 7:15:00 AM AST,21
16-Nov-18 7:30:00 AM AST,49
16-Nov-18 7:45:00 AM AST,77
16-Nov-18 8:00:00 AM AST,113
16-Nov-18 8:15:00 AM AST,146
16-Nov-18 8:30:00 AM AST,185
16-Nov-18 8:45:00 AM AST,224
16-Nov-18 9:00:00 AM AST,269
16-Nov-18 9:15:00 AM AST,298
16-Nov-18 9:30:00 AM AST,335
16-Nov-18 9:45:00 AM AST,366
16-Nov-18 10:00:00 AM AST,403
16-Nov-18 10:15:00 AM AST,430
16-Nov-18 10:30:00 AM AST,446
16-Nov-18 10:45:00 AM AST,470
16-Nov-18 11:00:00 AM AST,485
16-Nov-18 11:15:00 AM AST,486
16-Nov-18 11:30:00 AM AST,489
16-Nov-18 11:45:00 AM AST,505
16-Nov-18 12:00:00 PM AST,513
16-Nov-18 12:15:00 PM AST,509
16-Nov-18 12:30:00 PM AST,507
16-Nov-18 12:45:00 PM AST,506
16-Nov-18 1:00:00 PM AST,500
16-Nov-18 1:15:01 PM AST,489
16-Nov-18 1:30:01 PM AST,473
16-Nov-18 1:45:00 PM AST,453
16-Nov-18 2:00:00 PM AST,437
16-Nov-18 2:15:00 PM AST,413
16-Nov-18 2:30:00 PM AST,389
16-Nov-18 2:45:00 PM AST,364
16-Nov-18 3:00:01 PM AST,336
16-Nov-18 3:15:00 PM AST,300
16-Nov-18 3:30:01 PM AST,264
16-Nov-18 3:45:00 PM AST,221
16-Nov-18 4:00:01 PM AST,181
16-Nov-18 4:15:00 PM AST,139
16-Nov-18 4:30:00 PM AST,98
16-Nov-18 4:45:00 PM AST,71
16-Nov-18 5:00:00 PM AST,40
16-Nov-18 5:15:00 PM AST,18
16-Nov-18 5:30:00 PM AST,2
16-Nov-18 5:45:00 PM AST,0
16-Nov-18 6:00:00 PM AST,0
16-Nov-18 6:15:00 PM AST,0
16-Nov-18 6:30:00 PM AST,0
16-Nov-18 6:45:00 PM AST,0
16-Nov-18 7:00:00 PM AST,0
16-Nov-18 7:15:00 PM AST,0
16-Nov-18 7:30:00 PM AST,0
16-Nov-18 7:45:00 PM AST,0
16-Nov-18 8:00:00 PM AST,0
16-Nov-18 8:15:00 PM AST,0
16-Nov-18 8:30:00 PM AST,0
16-Nov-18 8:45:00 PM AST,0
16-Nov-18 9:00:00 PM AST,0
16-Nov-18 9:15:01 PM AST,0
16-Nov-18 9:30:00 PM AST,0
16-Nov-18 9:45:01 PM AST,0
16-Nov-18 10:00:00 PM AST,0
16-Nov-18 10:15:01 PM AST,0
16-Nov-18 10:30:00 PM AST,0
16-Nov-18 10:45:01 PM AST,0
16-Nov-18 11:00:00 PM AST,0
16-Nov-18 11:15:00 PM AST,0
16-Nov-18 11:30:00 PM AST,0
16-Nov-18 11:45:00 PM AST,0
17-Nov-18 12:00:00 AM AST,0
17-Nov-18 12:15:00 AM AST,0
17-Nov-18 12:30:00 AM AST,0
17-Nov-18 12:45:00 AM AST,0
17-Nov-18 1:00:00 AM AST,0
17-Nov-18 1:15:00 AM AST,0
17-Nov-18 1:30:00 AM AST,0
17-Nov-18 1:45:00 AM AST,0
17-Nov-18 2:00:00 AM AST,0
17-Nov-18 2:15:01 AM AST,0
17-Nov-18 2:30:00 AM AST,0
17-Nov-18 2:45:00 AM AST,0
17-Nov-18 3:00:00 AM AST,0
17-Nov-18 3:15:00 AM AST,0
17-Nov-18 3:30:00 AM AST,0
17-Nov-18 3:45:00 AM AST,0
17-Nov-18 4:00:00 AM AST,0
17-Nov-18 4:15:00 AM AST,0
17-Nov-18 4:30:00 AM AST,0
17-Nov-18 4:45:00 AM AST,0
17-Nov-18 5:00:00 AM AST,0
17-Nov-18 5:15:00 AM AST,0
17-Nov-18 5:30:00 AM AST,0
17-Nov-18 5:45:00 AM AST,0
17-Nov-18 6:00:00 AM AST,0
17-Nov-18 6:15:00 AM AST,0
17-Nov-18 6:30:00 AM AST,0
17-Nov-18 6:45:00 AM AST,0
17-Nov-18 7:00:00 AM AST,5
17-Nov-18 7:15:00 AM AST,22
17-Nov-18 7:30:00 AM AST,56
17-Nov-18 7:45:00 AM AST,83
17-Nov-18 8:00:00 AM AST,100
17-Nov-18 8:15:00 AM AST,132
17-Nov-18 8:30:00 AM AST,155
17-Nov-18 8:45:00 AM AST,196
17-Nov-18 9:00:00 AM AST,235
17-Nov-18 9:15:00 AM AST,266
17-Nov-18 9:30:00 AM AST,292
17-Nov-18 9:45:00 AM AST,328
17-Nov-18 10:00:00 AM AST,364
17-Nov-18 10:15:00 AM AST,382
17-Nov-18 10:30:00 AM AST,397
17-Nov-18 10:45:00 AM AST,414
17-Nov-18 11:00:00 AM AST,427
17-Nov-18 11:15:00 AM AST,440
17-Nov-18 11:30:00 AM AST,449
17-Nov-18 11:45:00 AM AST,459
17-Nov-18 12:00:00 PM AST,458
17-Nov-18 12:15:00 PM AST,460
17-Nov-18 12:30:01 PM AST,461
17-Nov-18 12:45:00 PM AST,457
17-Nov-18 1:00:00 PM AST,453
17-Nov-18 1:15:00 PM AST,441
17-Nov-18 1:30:00 PM AST,435
17-Nov-18 1:45:00 PM AST,415
17-Nov-18 2:00:00 PM AST,393
17-Nov-18 2:15:00 PM AST,348
17-Nov-18 2:30:00 PM AST,351
17-Nov-18 2:45:00 PM AST,325
17-Nov-18 3:00:01 PM AST,297
17-Nov-18 3:15:00 PM AST,259
17-Nov-18 3:30:00 PM AST,234
17-Nov-18 3:45:00 PM AST,196
17-Nov-18 4:00:00 PM AST,171
17-Nov-18 4:15:00 PM AST,133
17-Nov-18 4:30:00 PM AST,94
17-Nov-18 4:45:00 PM AST,61
17-Nov-18 5:00:00 PM AST,34
17-Nov-18 5:15:00 PM AST,11
17-Nov-18 5:30:00 PM AST,0
17-Nov-18 5:45:00 PM AST,0
17-Nov-18 6:00:00 PM AST,0
17-Nov-18 6:15:00 PM AST,0
17-Nov-18 6:30:00 PM AST,0
17-Nov-18 6:45:00 PM AST,0
17-Nov-18 7:00:00 PM AST,0
17-Nov-18 7:15:00 PM AST,0
17-Nov-18 7:30:00 PM AST,0
17-Nov-18 7:45:00 PM AST,0
17-Nov-18 8:00:00 PM AST,0
17-Nov-18 8:15:01 PM AST,0
17-Nov-18 8:30:00 PM AST,0
17-Nov-18 8:45:00 PM AST,0
17-Nov-18 9:00:00 PM AST,0
17-Nov-18 9:15:00 PM AST,0
17-Nov-18 9:30:00 PM AST,0
17-Nov-18 9:45:00 PM AST,0
17-Nov-18 10:00:00 PM AST,0
17-Nov-18 10:15:00 PM AST,0
17-Nov-18 10:30:00 PM AST,0
17-Nov-18 10:45:00 PM AST,0
17-Nov-18 11:00:00 PM AST,0
17-Nov-18 11:15:00 PM AST,0
17-Nov-18 11:30:00 PM AST,0
17-Nov-18 11:45:00 PM AST,0
18-Nov-18 12:00:00 AM AST,0
18-Nov-18 12:15:00 AM AST,0
18-Nov-18 12:30:00 AM AST,0
18-Nov-18 12:45:00 AM AST,0
18-Nov-18 1:00:00 AM AST,0
18-Nov-18 1:15:01 AM AST,0
18-Nov-18 1:30:00 AM AST,0
18-Nov-18 1:45:00 AM AST,0
18-Nov-18 2:00:00 AM AST,0
18-Nov-18 2:15:02 AM AST,0
18-Nov-18 2:30:00 AM AST,0
18-Nov-18 2:45:00 AM AST,0
18-Nov-18 3:00:00 AM AST,0
18-Nov-18 3:15:00 AM AST,0
18-Nov-18 3:30:00 AM AST,0
18-Nov-18 3:45:00 AM AST,0
18-Nov-18 4:00:00 AM AST,0
18-Nov-18 4:15:00 AM AST,0
18-Nov-18 4:30:00 AM AST,0
18-Nov-18 4:45:00 AM AST,0
18-Nov-18 5:00:00 AM AST,0
18-Nov-18 5:15:00 AM AST,0
18-Nov-18 5:30:00 AM AST,0
18-Nov-18 5:45:00 AM AST,0
18-Nov-18 6:00:00 AM AST,0
18-Nov-18 6:15:00 AM AST,0
18-Nov-18 6:30:00 AM AST,0
18-Nov-18 6:45:00 AM AST,2
18-Nov-18 7:00:00 AM AST,7
18-Nov-18 7:15:00 AM AST,20
18-Nov-18 7:30:00 AM AST,45
18-Nov-18 7:45:00 AM AST,71
18-Nov-18 8:00:00 AM AST,96
18-Nov-18 8:15:00 AM AST,128
18-Nov-18 8:30:00 AM AST,160
18-Nov-18 8:45:00 AM AST,195
18-Nov-18 9:00:00 AM AST,230
18-Nov-18 9:15:00 AM AST,255
18-Nov-18 9:30:00 AM AST,282
18-Nov-18 9:45:00 AM AST,305
18-Nov-18 10:00:00 AM AST,337
18-Nov-18 10:15:00 AM AST,360
18-Nov-18 10:30:00 AM AST,380
18-Nov-18 10:45:01 AM AST,398
18-Nov-18 11:00:00 AM AST,412
18-Nov-18 11:15:00 AM AST,424
18-Nov-18 11:30:00 AM AST,428
18-Nov-18 11:45:00 AM AST,431
18-Nov-18 12:00:00 PM AST,443
18-Nov-18 12:15:01 PM AST,444
18-Nov-18 12:30:00 PM AST,447
18-Nov-18 12:45:00 PM AST,440
18-Nov-18 1:00:00 PM AST,441
18-Nov-18 1:15:00 PM AST,429
18-Nov-18 1:30:00 PM AST,411
18-Nov-18 1:45:01 PM AST,399
18-Nov-18 2:00:00 PM AST,376
18-Nov-18 2:15:00 PM AST,352
18-Nov-18 2:30:00 PM AST,331
18-Nov-18 2:45:01 PM AST,206
18-Nov-18 3:00:00 PM AST,157
18-Nov-18 3:15:01 PM AST,257
18-Nov-18 3:30:00 PM AST,211
18-Nov-18 3:45:00 PM AST,182
18-Nov-18 4:00:00 PM AST,141
18-Nov-18 4:15:00 PM AST,101
18-Nov-18 4:30:00 PM AST,65
18-Nov-18 4:45:00 PM AST,41
18-Nov-18 5:00:00 PM AST,25
18-Nov-18 5:15:00 PM AST,10
18-Nov-18 5:30:00 PM AST,0
18-Nov-18 5:45:00 PM AST,3
18-Nov-18 6:00:00 PM AST,0
18-Nov-18 6:15:00 PM AST,0
18-Nov-18 6:30:02 PM AST,0
18-Nov-18 6:45:01 PM AST,0
18-Nov-18 7:00:01 PM AST,0
18-Nov-18 7:15:01 PM AST,0
18-Nov-18 7:30:01 PM AST,0
18-Nov-18 7:45:01 PM AST,0
18-Nov-18 8:00:01 PM AST,0
18-Nov-18 8:15:01 PM AST,0
18-Nov-18 8:30:01 PM AST,0
18-Nov-18 8:45:00 PM AST,0
18-Nov-18 9:00:00 PM AST,0
18-Nov-18 9:15:00 PM AST,0
18-Nov-18 9:30:00 PM AST,0
18-Nov-18 9:45:00 PM AST,0
18-Nov-18 10:00:00 PM AST,0
18-Nov-18 10:15:00 PM AST,0
18-Nov-18 10:30:00 PM AST,0
18-Nov-18 10:45:00 PM AST,0
18-Nov-18 11:00:00 PM AST,0
18-Nov-18 11:15:00 PM AST,0
18-Nov-18 11:30:00 PM AST,0
18-Nov-18 11:45:00 PM AST,0
19-Nov-18 12:00:00 AM AST,0
19-Nov-18 12:15:00 AM AST,0
19-Nov-18 12:30:00 AM AST,0
19-Nov-18 12:45:00 AM AST,0
19-Nov-18 1:00:00 AM AST,0
19-Nov-18 1:15:00 AM AST,0
19-Nov-18 1:30:00 AM AST,0
19-Nov-18 1:45:00 AM AST,0
19-Nov-18 2:00:00 AM AST,0
19-Nov-18 2:15:01 AM AST,0
19-Nov-18 2:30:00 AM AST,0
19-Nov-18 2:45:00 AM AST,0
19-Nov-18 3:00:00 AM AST,0
19-Nov-18 3:15:00 AM AST,0
19-Nov-18 3:30:00 AM AST,0
19-Nov-18 3:45:00 AM AST,0
19-Nov-18 4:00:00 AM AST,0
19-Nov-18 4:15:00 AM AST,0
19-Nov-18 4:30:00 AM AST,0
19-Nov-18 4:45:00 AM AST,0
19-Nov-18 5:00:01 AM AST,0
19-Nov-18 5:15:00 AM AST,0
19-Nov-18 5:30:00 AM AST,0
19-Nov-18 5:45:00 AM AST,0
19-Nov-18 6:00:00 AM AST,0
19-Nov-18 6:15:00 AM AST,0
19-Nov-18 6:30:00 AM AST,0
19-Nov-18 6:45:00 AM AST,0
19-Nov-18 7:00:00 AM AST,5
19-Nov-18 7:15:00 AM AST,28
19-Nov-18 7:30:00 AM AST,52
19-Nov-18 7:45:00 AM AST,77
19-Nov-18 8:00:00 AM AST,99
19-Nov-18 8:15:00 AM AST,94
19-Nov-18 8:30:00 AM AST,125
19-Nov-18 8:45:01 AM AST,171
19-Nov-18 9:00:00 AM AST,208
19-Nov-18 9:15:00 AM AST,234
19-Nov-18 9:30:00 AM AST,255
19-Nov-18 9:45:00 AM AST,262
19-Nov-18 10:00:00 AM AST,325
19-Nov-18 10:15:00 AM AST,347
19-Nov-18 10:30:00 AM AST,359
19-Nov-18 10:45:00 AM AST,376
19-Nov-18 11:00:01 AM AST,388
19-Nov-18 11:15:00 AM AST,395
19-Nov-18 11:30:00 AM AST,415
19-Nov-18 11:45:00 AM AST,412
19-Nov-18 12:00:00 PM AST,419
19-Nov-18 12:15:00 PM AST,427
19-Nov-18 12:30:00 PM AST,423
19-Nov-18 12:45:00 PM AST,422
19-Nov-18 1:00:00 PM AST,422
19-Nov-18 1:15:01 PM AST,412
19-Nov-18 1:30:00 PM AST,394
19-Nov-18 1:45:00 PM AST,374
19-Nov-18 2:00:00 PM AST,364
19-Nov-18 2:15:01 PM AST,345
19-Nov-18 2:30:00 PM AST,324
19-Nov-18 2:45:00 PM AST,295
19-Nov-18 3:00:00 PM AST,265
19-Nov-18 3:15:01 PM AST,239
19-Nov-18 3:30:00 PM AST,201
19-Nov-18 3:45:00 PM AST,177
19-Nov-18 4:00:00 PM AST,151
19-Nov-18 4:15:00 PM AST,115
19-Nov-18 4:30:00 PM AST,84
19-Nov-18 4:45:01 PM AST,54
19-Nov-18 5:00:00 PM AST,27
19-Nov-18 5:15:00 PM AST,7
19-Nov-18 5:30:01 PM AST,0
19-Nov-18 5:45:00 PM AST,0
19-Nov-18 6:00:00 PM AST,0
19-Nov-18 6:15:00 PM AST,0
19-Nov-18 6:30:00 PM AST,0
19-Nov-18 6:45:00 PM AST,0
19-Nov-18 7:00:00 PM AST,0
19-Nov-18 7:15:00 PM AST,0
19-Nov-18 7:30:00 PM AST,0
19-Nov-18 7:45:01 PM AST,0
19-Nov-18 8:00:01 PM AST,0
19-Nov-18 8:15:01 PM AST,0
19-Nov-18 8:30:01 PM AST,0
19-Nov-18 8:45:01 PM AST,0
19-Nov-18 9:00:01 PM AST,0
19-Nov-18 9:15:00 PM AST,0
19-Nov-18 9:30:00 PM AST,0
19-Nov-18 9:45:00 PM AST,0
19-Nov-18 10:00:00 PM AST,0
19-Nov-18 10:15:00 PM AST,0
19-Nov-18 10:30:00 PM AST,0
19-Nov-18 10:45:00 PM AST,0
19-Nov-18 11:00:00 PM AST,0
19-Nov-18 11:15:00 PM AST,0
19-Nov-18 11:30:00 PM AST,0
19-Nov-18 11:45:00 PM AST,0
20-Nov-18 12:00:00 AM AST,0
20-Nov-18 12:15:00 AM AST,0
20-Nov-18 12:30:01 AM AST,0
20-Nov-18 12:45:00 AM AST,0
20-Nov-18 1:00:01 AM AST,0
20-Nov-18 1:15:00 AM AST,0
20-Nov-18 1:30:00 AM AST,0
20-Nov-18 1:45:00 AM AST,0
20-Nov-18 2:00:01 AM AST,0
20-Nov-18 2:15:02 AM AST,0
20-Nov-18 2:30:00 AM AST,0
20-Nov-18 2:45:00 AM AST,0
20-Nov-18 3:00:00 AM AST,0
20-Nov-18 3:15:00 AM AST,0
20-Nov-18 3:30:00 AM AST,0
20-Nov-18 3:45:00 AM AST,0
20-Nov-18 4:00:01 AM AST,0
20-Nov-18 4:15:00 AM AST,0
20-Nov-18 4:30:01 AM AST,0
20-Nov-18 4:45:00 AM AST,0
20-Nov-18 5:00:00 AM AST,0
20-Nov-18 5:15:00 AM AST,0
20-Nov-18 5:30:00 AM AST,0
20-Nov-18 5:45:00 AM AST,0
20-Nov-18 6:00:00 AM AST,0
20-Nov-18 6:15:00 AM AST,0
20-Nov-18 6:30:00 AM AST,0
20-Nov-18 6:45:00 AM AST,2
20-Nov-18 7:00:00 AM AST,6
20-Nov-18 7:15:00 AM AST,14
20-Nov-18 7:30:00 AM AST,42
20-Nov-18 7:45:00 AM AST,68
20-Nov-18 8:00:01 AM AST,100
20-Nov-18 8:15:00 AM AST,126
20-Nov-18 8:30:01 AM AST,147
20-Nov-18 8:45:00 AM AST,190
20-Nov-18 9:00:00 AM AST,230
20-Nov-18 9:15:00 AM AST,236
20-Nov-18 9:30:00 AM AST,284
20-Nov-18 9:45:00 AM AST,314
20-Nov-18 10:00:00 AM AST,342
20-Nov-18 10:15:01 AM AST,364
20-Nov-18 10:30:00 AM AST,378
20-Nov-18 10:45:00 AM AST,400
20-Nov-18 11:00:01 AM AST,414
20-Nov-18 11:15:00 AM AST,432
20-Nov-18 11:30:00 AM AST,438
20-Nov-18 11:45:00 AM AST,447
20-Nov-18 12:00:00 PM AST,451
20-Nov-18 12:15:00 PM AST,450
20-Nov-18 12:30:00 PM AST,449
20-Nov-18 12:45:00 PM AST,449
20-Nov-18 1:00:00 PM AST,441
20-Nov-18 1:15:00 PM AST,434
20-Nov-18 1:30:00 PM AST,420
20-Nov-18 1:45:00 PM AST,402
20-Nov-18 2:00:00 PM AST,381
20-Nov-18 2:15:00 PM AST,366
20-Nov-18 2:30:00 PM AST,344
20-Nov-18 2:45:00 PM AST,324
20-Nov-18 3:00:00 PM AST,292
20-Nov-18 3:15:01 PM AST,260
20-Nov-18 3:30:00 PM AST,225
20-Nov-18 3:45:00 PM AST,186
20-Nov-18 4:00:00 PM AST,149
20-Nov-18 4:15:00 PM AST,116
20-Nov-18 4:30:00 PM AST,81
20-Nov-18 4:45:00 PM AST,56
20-Nov-18 5:00:00 PM AST,29
20-Nov-18 5:15:00 PM AST,12
20-Nov-18 5:30:00 PM AST,0
20-Nov-18 5:45:00 PM AST,0
20-Nov-18 6:00:00 PM AST,0
20-Nov-18 6:15:01 PM AST,0
20-Nov-18 6:30:00 PM AST,0
20-Nov-18 6:45:00 PM AST,0
20-Nov-18 7:00:00 PM AST,0
20-Nov-18 7:15:01 PM AST,0
20-Nov-18 7:30:00 PM AST,0
20-Nov-18 7:45:00 PM AST,0
20-Nov-18 8:00:00 PM AST,0
20-Nov-18 8:15:00 PM AST,0
20-Nov-18 8:30:01 PM AST,0
20-Nov-18 8:45:00 PM AST,0
20-Nov-18 9:00:00 PM AST,0
20-Nov-18 9:15:00 PM AST,0
20-Nov-18 9:30:01 PM AST,0
20-Nov-18 9:45:00 PM AST,0
20-Nov-18 10:00:00 PM AST,0
20-Nov-18 10:15:01 PM AST,0
20-Nov-18 10:30:00 PM AST,0
20-Nov-18 10:45:00 PM AST,0
20-Nov-18 11:00:00 PM AST,0
20-Nov-18 11:15:00 PM AST,0
20-Nov-18 11:30:00 PM AST,0
20-Nov-18 11:45:00 PM AST,0
21-Nov-18 12:00:00 AM AST,0
21-Nov-18 12:15:00 AM AST,0
21-Nov-18 12:30:00 AM AST,0
21-Nov-18 12:45:00 AM AST,0
21-Nov-18 1:00:00 AM AST,0
21-Nov-18 1:15:00 AM AST,0
21-Nov-18 1:30:00 AM AST,0
21-Nov-18 1:45:00 AM AST,0
21-Nov-18 2:00:00 AM AST,0
21-Nov-18 2:15:01 AM AST,0
21-Nov-18 2:30:00 AM AST,0
21-Nov-18 2:45:00 AM AST,0
21-Nov-18 3:00:01 AM AST,0
21-Nov-18 3:15:01 AM AST,0
21-Nov-18 3:30:01 AM AST,0
21-Nov-18 3:45:00 AM AST,0
21-Nov-18 4:00:00 AM AST,0
21-Nov-18 4:15:00 AM AST,0
21-Nov-18 4:30:00 AM AST,0
21-Nov-18 4:45:01 AM AST,0
21-Nov-18 5:00:00 AM AST,0
21-Nov-18 5:15:00 AM AST,0
21-Nov-18 5:30:00 AM AST,0
21-Nov-18 5:45:00 AM AST,0
21-Nov-18 6:00:00 AM AST,0
21-Nov-18 6:15:00 AM AST,0
21-Nov-18 6:30:00 AM AST,0
21-Nov-18 6:45:00 AM AST,0
21-Nov-18 7:00:00 AM AST,5
21-Nov-18 7:15:00 AM AST,21
21-Nov-18 7:30:00 AM AST,50
21-Nov-18 7:45:00 AM AST,75
21-Nov-18 8:00:00 AM AST,96
21-Nov-18 8:15:00 AM AST,122
21-Nov-18 8:30:00 AM AST,147
21-Nov-18 8:45:00 AM AST,180
21-Nov-18 9:00:00 AM AST,215
21-Nov-18 9:15:00 AM AST,248
21-Nov-18 9:30:00 AM AST,258
21-Nov-18 9:45:00 AM AST,310
21-Nov-18 10:00:00 AM AST,343
21-Nov-18 10:15:00 AM AST,363
21-Nov-18 10:30:01 AM AST,376
21-Nov-18 10:45:00 AM AST,390
21-Nov-18 11:00:01 AM AST,404
21-Nov-18 11:15:00 AM AST,411
21-Nov-18 11:30:00 AM AST,428
21-Nov-18 11:45:00 AM AST,437
21-Nov-18 12:00:00 PM AST,441
21-Nov-18 12:15:01 PM AST,446
21-Nov-18 12:30:01 PM AST,443
21-Nov-18 12:45:00 PM AST,436
21-Nov-18 1:00:00 PM AST,435
21-Nov-18 1:15:00 PM AST,424
21-Nov-18 1:30:00 PM AST,418
21-Nov-18 1:45:00 PM AST,405
21-Nov-18 2:00:00 PM AST,383
21-Nov-18 2:15:00 PM AST,368
21-Nov-18 2:30:00 PM AST,334
21-Nov-18 2:45:00 PM AST,309
21-Nov-18 3:00:00 PM AST,280
21-Nov-18 3:15:01 PM AST,250
21-Nov-18 3:30:00 PM AST,218
21-Nov-18 3:45:00 PM AST,186
21-Nov-18 4:00:00 PM AST,147
21-Nov-18 4:15:01 PM AST,123
21-Nov-18 4:30:01 PM AST,90
21-Nov-18 4:45:01 PM AST,58
21-Nov-18 5:00:01 PM AST,31
21-Nov-18 5:15:02 PM AST,8
21-Nov-18 5:30:01 PM AST,0
21-Nov-18 5:45:01 PM AST,0
21-Nov-18 6:00:01 PM AST,0
21-Nov-18 6:15:01 PM AST,0
21-Nov-18 6:30:01 PM AST,0
21-Nov-18 6:45:01 PM AST,0
21-Nov-18 7:00:01 PM AST,0
21-Nov-18 7:15:00 PM AST,0
21-Nov-18 7:30:00 PM AST,0
21-Nov-18 7:45:00 PM AST,0
21-Nov-18 8:00:00 PM AST,0
21-Nov-18 8:15:00 PM AST,0
21-Nov-18 8:30:01 PM AST,0
21-Nov-18 8:45:00 PM AST,0
21-Nov-18 9:00:00 PM AST,0
21-Nov-18 9:15:00 PM AST,0
21-Nov-18 9:30:00 PM AST,0
21-Nov-18 9:45:00 PM AST,0
21-Nov-18 10:00:01 PM AST,0
21-Nov-18 10:15:00 PM AST,0
21-Nov-18 10:30:01 PM AST,0
21-Nov-18 10:45:01 PM AST,0
21-Nov-18 11:00:01 PM AST,0
21-Nov-18 11:15:01 PM AST,0
21-Nov-18 11:30:01 PM AST,0
21-Nov-18 11:45:01 PM AST,0
22-Nov-18 12:00:01 AM AST,0
22-Nov-18 12:15:01 AM AST,0
22-Nov-18 12:30:01 AM AST,0
22-Nov-18 12:45:01 AM AST,0
22-Nov-18 1:00:01 AM AST,0
22-Nov-18 1:15:02 AM AST,0
22-Nov-18 1:30:01 AM AST,0
22-Nov-18 1:45:01 AM AST,0
22-Nov-18 2:00:01 AM AST,0
22-Nov-18 2:15:00 AM AST,0
22-Nov-18 2:30:01 AM AST,0
22-Nov-18 2:45:01 AM AST,0
22-Nov-18 3:00:01 AM AST,0
22-Nov-18 3:15:01 AM AST,0
22-Nov-18 3:30:01 AM AST,0
22-Nov-18 3:45:01 AM AST,0
22-Nov-18 4:00:01 AM AST,0
22-Nov-18 4:15:02 AM AST,0
22-Nov-18 4:30:01 AM AST,0
22-Nov-18 4:45:01 AM AST,0
22-Nov-18 5:00:01 AM AST,0
22-Nov-18 5:15:01 AM AST,0
22-Nov-18 5:30:01 AM AST,0
22-Nov-18 5:45:01 AM AST,0
22-Nov-18 6:00:01 AM AST,0
22-Nov-18 6:15:01 AM AST,0
22-Nov-18 6:30:01 AM AST,0
22-Nov-18 6:45:01 AM AST,1
22-Nov-18 7:00:01 AM AST,0
22-Nov-18 7:15:00 AM AST,18
22-Nov-18 7:30:01 AM AST,40
22-Nov-18 7:45:00 AM AST,40
22-Nov-18 8:00:00 AM AST,73
22-Nov-18 8:15:01 AM AST,133
22-Nov-18 8:30:00 AM AST,161
22-Nov-18 8:45:01 AM AST,186
22-Nov-18 9:00:01 AM AST,219
22-Nov-18 9:15:00 AM AST,213
22-Nov-18 9:30:01 AM AST,128
22-Nov-18 9:45:01 AM AST,276
22-Nov-18 10:00:01 AM AST,323
22-Nov-18 10:15:01 AM AST,364
22-Nov-18 10:30:01 AM AST,248
22-Nov-18 10:45:01 AM AST,371
22-Nov-18 11:00:01 AM AST,382
22-Nov-18 11:15:01 AM AST,404
22-Nov-18 11:30:01 AM AST,405
22-Nov-18 11:45:01 AM AST,276
22-Nov-18 12:00:01 PM AST,287
22-Nov-18 12:15:01 PM AST,400
22-Nov-18 12:30:01 PM AST,393
22-Nov-18 12:45:01 PM AST,404
22-Nov-18 1:00:01 PM AST,413
22-Nov-18 1:15:01 PM AST,444
22-Nov-18 1:30:01 PM AST,405
22-Nov-18 1:45:01 PM AST,326
22-Nov-18 2:00:01 PM AST,358
22-Nov-18 2:15:02 PM AST,329
22-Nov-18 2:30:01 PM AST,325
22-Nov-18 2:45:01 PM AST,304
22-Nov-18 3:00:01 PM AST,236
22-Nov-18 3:15:01 PM AST,264
22-Nov-18 3:30:01 PM AST,218
22-Nov-18 3:45:01 PM AST,179
22-Nov-18 4:00:01 PM AST,135
22-Nov-18 4:15:01 PM AST,32
22-Nov-18 4:30:01 PM AST,25
22-Nov-18 4:45:01 PM AST,31
22-Nov-18 5:00:01 PM AST,8
22-Nov-18 5:15:01 PM AST,0
22-Nov-18 5:30:01 PM AST,0
22-Nov-18 5:45:00 PM AST,0
22-Nov-18 6:00:00 PM AST,0
22-Nov-18 6:15:00 PM AST,0
22-Nov-18 6:30:00 PM AST,0
22-Nov-18 6:45:00 PM AST,0
22-Nov-18 7:00:01 PM AST,0
22-Nov-18 7:15:00 PM AST,0
22-Nov-18 7:30:00 PM AST,0
22-Nov-18 7:45:00 PM AST,0
22-Nov-18 8:00:00 PM AST,0
22-Nov-18 8:15:00 PM AST,0
22-Nov-18 8:30:01 PM AST,0
22-Nov-18 8:45:01 PM AST,0
22-Nov-18 9:00:01 PM AST,0
22-Nov-18 9:15:01 PM AST,0
22-Nov-18 9:30:01 PM AST,0
22-Nov-18 9:45:01 PM AST,0
22-Nov-18 10:00:01 PM AST,0
22-Nov-18 10:15:01 PM AST,0
22-Nov-18 10:30:01 PM AST,0
22-Nov-18 10:45:01 PM AST,0
22-Nov-18 11:00:02 PM AST,0
22-Nov-18 11:15:01 PM AST,0
22-Nov-18 11:30:01 PM AST,0
22-Nov-18 11:45:01 PM AST,0
23-Nov-18 12:00:01 AM AST,0
23-Nov-18 12:15:01 AM AST,0
23-Nov-18 12:30:01 AM AST,0
23-Nov-18 12:45:01 AM AST,0
23-Nov-18 1:00:01 AM AST,0
23-Nov-18 1:15:01 AM AST,0
23-Nov-18 1:30:01 AM AST,0
23-Nov-18 1:45:01 AM AST,0
23-Nov-18 2:00:01 AM AST,0
23-Nov-18 2:15:01 AM AST,0
23-Nov-18 2:30:01 AM AST,0
23-Nov-18 2:45:01 AM AST,0
23-Nov-18 3:00:01 AM AST,0
23-Nov-18 3:15:01 AM AST,0
23-Nov-18 3:30:01 AM AST,0
23-Nov-18 3:45:01 AM AST,0
23-Nov-18 4:00:01 AM AST,0
23-Nov-18 4:15:01 AM AST,0
23-Nov-18 4:30:01 AM AST,0
23-Nov-18 4:45:01 AM AST,0
23-Nov-18 5:00:01 AM AST,0
23-Nov-18 5:15:02 AM AST,0
23-Nov-18 5:30:01 AM AST,0
23-Nov-18 5:45:01 AM AST,0
23-Nov-18 6:00:01 AM AST,0
23-Nov-18 6:15:01 AM AST,0
23-Nov-18 6:30:01 AM AST,0
23-Nov-18 6:45:00 AM AST,0
23-Nov-18 7:00:01 AM AST,0
23-Nov-18 7:15:00 AM AST,0
23-Nov-18 7:30:00 AM AST,8
23-Nov-18 7:45:00 AM AST,9
23-Nov-18 8:00:00 AM AST,18
23-Nov-18 8:15:00 AM AST,119
23-Nov-18 8:30:01 AM AST,132
23-Nov-18 8:45:01 AM AST,239
23-Nov-18 9:00:01 AM AST,271
23-Nov-18 9:15:01 AM AST,303
23-Nov-18 9:30:02 AM AST,280
23-Nov-18 9:45:01 AM AST,145
23-Nov-18 10:00:01 AM AST,155
23-Nov-18 10:15:01 AM AST,306
23-Nov-18 10:30:01 AM AST,261
23-Nov-18 10:45:01 AM AST,378
23-Nov-18 11:00:01 AM AST,416
23-Nov-18 11:15:01 AM AST,430
23-Nov-18 11:30:02 AM AST,431
23-Nov-18 11:45:01 AM AST,159
23-Nov-18 12:00:01 PM AST,344
23-Nov-18 12:15:01 PM AST,430
23-Nov-18 12:30:01 PM AST,382
23-Nov-18 12:45:01 PM AST,423
23-Nov-18 1:00:01 PM AST,424
23-Nov-18 1:15:01 PM AST,417
23-Nov-18 1:30:01 PM AST,400
23-Nov-18 1:45:01 PM AST,397
23-Nov-18 2:00:01 PM AST,384
23-Nov-18 2:15:02 PM AST,369
23-Nov-18 2:30:01 PM AST,348
23-Nov-18 2:45:01 PM AST,326
23-Nov-18 3:00:01 PM AST,297
23-Nov-18 3:15:01 PM AST,264
23-Nov-18 3:30:01 PM AST,236
23-Nov-18 3:45:01 PM AST,199
23-Nov-18 4:00:01 PM AST,162
23-Nov-18 4:15:01 PM AST,132
23-Nov-18 4:30:02 PM AST,96
23-Nov-18 4:45:01 PM AST,64
23-Nov-18 5:00:03 PM AST,35
23-Nov-18 5:15:01 PM AST,9
23-Nov-18 5:30:00 PM AST,0
23-Nov-18 5:45:01 PM AST,0
23-Nov-18 6:00:00 PM AST,0
23-Nov-18 6:15:00 PM AST,0
23-Nov-18 6:30:01 PM AST,0
23-Nov-18 6:45:00 PM AST,0
23-Nov-18 7:00:01 PM AST,0
23-Nov-18 7:15:00 PM AST,0
23-Nov-18 7:30:01 PM AST,0
23-Nov-18 7:45:01 PM AST,0
23-Nov-18 8:00:01 PM AST,0
23-Nov-18 8:15:02 PM AST,0
23-Nov-18 8:30:01 PM AST,0
23-Nov-18 8:45:01 PM AST,0
23-Nov-18 9:00:01 PM AST,0
23-Nov-18 9:15:01 PM AST,0
23-Nov-18 9:30:01 PM AST,0
23-Nov-18 9:45:01 PM AST,0
23-Nov-18 10:00:01 PM AST,0
23-Nov-18 10:15:01 PM AST,0
23-Nov-18 10:30:01 PM AST,0
23-Nov-18 10:45:01 PM AST,0
23-Nov-18 11:00:02 PM AST,0
23-Nov-18 11:15:02 PM AST,0
23-Nov-18 11:30:01 PM AST,0
23-Nov-18 11:45:01 PM AST,0
24-Nov-18 12:00:01 AM AST,0
24-Nov-18 12:15:01 AM AST,0
24-Nov-18 12:30:01 AM AST,0
24-Nov-18 12:45:01 AM AST,0
24-Nov-18 1:00:01 AM AST,0
24-Nov-18 1:15:01 AM AST,0
24-Nov-18 1:30:01 AM AST,0
24-Nov-18 1:45:01 AM AST,0
24-Nov-18 2:00:02 AM AST,0
24-Nov-18 2:15:01 AM AST,0
24-Nov-18 2:30:00 AM AST,0
24-Nov-18 2:45:01 AM AST,0
24-Nov-18 3:00:01 AM AST,0
24-Nov-18 3:15:01 AM AST,0
24-Nov-18 3:30:01 AM AST,0
24-Nov-18 3:45:01 AM AST,0
24-Nov-18 4:00:01 AM AST,0
24-Nov-18 4:15:02 AM AST,0
24-Nov-18 4:30:01 AM AST,0
24-Nov-18 4:45:01 AM AST,0
24-Nov-18 5:00:01 AM AST,0
24-Nov-18 5:15:01 AM AST,0
24-Nov-18 5:30:01 AM AST,0
24-Nov-18 5:45:01 AM AST,0
24-Nov-18 6:00:01 AM AST,0
24-Nov-18 6:15:01 AM AST,0
24-Nov-18 6:30:01 AM AST,0
24-Nov-18 6:45:01 AM AST,3
24-Nov-18 7:00:02 AM AST,0
24-Nov-18 7:15:01 AM AST,14
24-Nov-18 7:30:01 AM AST,39
24-Nov-18 7:45:01 AM AST,70
24-Nov-18 8:00:01 AM AST,95
24-Nov-18 8:15:01 AM AST,126
24-Nov-18 8:30:01 AM AST,144
24-Nov-18 8:45:02 AM AST,194
24-Nov-18 9:00:01 AM AST,218
24-Nov-18 9:15:01 AM AST,304.5
24-Nov-18 9:30:02 AM AST,272
24-Nov-18 9:45:01 AM AST,295
24-Nov-18 10:00:01 AM AST,169
24-Nov-18 10:15:01 AM AST,375
24-Nov-18 10:30:01 AM AST,352
24-Nov-18 10:45:01 AM AST,369
24-Nov-18 11:00:01 AM AST,391
24-Nov-18 11:15:01 AM AST,418
24-Nov-18 11:30:01 AM AST,428
24-Nov-18 11:45:02 AM AST,431
24-Nov-18 12:00:01 PM AST,436
24-Nov-18 12:15:01 PM AST,441
24-Nov-18 12:30:01 PM AST,441
24-Nov-18 12:45:00 PM AST,525
24-Nov-18 1:00:00 PM AST,91
24-Nov-18 1:15:00 PM AST,415
24-Nov-18 1:30:00 PM AST,284
24-Nov-18 1:45:00 PM AST,393
24-Nov-18 2:00:00 PM AST,380
24-Nov-18 2:15:00 PM AST,335
24-Nov-18 2:30:01 PM AST,213
24-Nov-18 2:45:01 PM AST,332
24-Nov-18 3:00:02 PM AST,293
24-Nov-18 3:15:01 PM AST,250
24-Nov-18 3:30:01 PM AST,223
24-Nov-18 3:45:01 PM AST,189
24-Nov-18 4:00:01 PM AST,152
24-Nov-18 4:15:01 PM AST,118
24-Nov-18 4:30:01 PM AST,83
24-Nov-18 4:45:01 PM AST,53
24-Nov-18 5:00:01 PM AST,33
24-Nov-18 5:15:01 PM AST,9
24-Nov-18 5:30:01 PM AST,0
24-Nov-18 5:45:01 PM AST,0
24-Nov-18 6:00:01 PM AST,0
24-Nov-18 6:15:01 PM AST,0
24-Nov-18 6:30:01 PM AST,0
24-Nov-18 6:45:01 PM AST,0
24-Nov-18 7:00:01 PM AST,0
24-Nov-18 7:15:01 PM AST,0
24-Nov-18 7:30:01 PM AST,0
24-Nov-18 7:45:01 PM AST,0
24-Nov-18 8:00:01 PM AST,0
24-Nov-18 8:15:01 PM AST,0
24-Nov-18 8:30:01 PM AST,0
24-Nov-18 8:45:01 PM AST,0
24-Nov-18 9:00:02 PM AST,0
24-Nov-18 9:15:01 PM AST,0
24-Nov-18 9:30:01 PM AST,0
24-Nov-18 9:45:01 PM AST,0
24-Nov-18 10:00:01 PM AST,0
24-Nov-18 10:15:01 PM AST,0
24-Nov-18 10:30:01 PM AST,0
24-Nov-18 10:45:01 PM AST,0
24-Nov-18 11:00:01 PM AST,0
24-Nov-18 11:15:01 PM AST,0
24-Nov-18 11:30:01 PM AST,0
24-Nov-18 11:45:02 PM AST,0
25-Nov-18 12:00:00 AM AST,0
25-Nov-18 12:15:00 AM AST,0
25-Nov-18 12:30:00 AM AST,0
25-Nov-18 12:45:01 AM AST,0
25-Nov-18 1:00:01 AM AST,0
25-Nov-18 1:15:01 AM AST,0
25-Nov-18 1:30:01 AM AST,0
25-Nov-18 1:45:01 AM AST,0
25-Nov-18 2:00:02 AM AST,0
25-Nov-18 2:15:00 AM AST,0
25-Nov-18 2:30:00 AM AST,0
25-Nov-18 2:45:01 AM AST,0
25-Nov-18 3:00:01 AM AST,0
25-Nov-18 3:15:01 AM AST,0
25-Nov-18 3:30:01 AM AST,0
25-Nov-18 3:45:01 AM AST,0
25-Nov-18 4:00:01 AM AST,0
25-Nov-18 4:15:01 AM AST,0
25-Nov-18 4:30:01 AM AST,0
25-Nov-18 4:45:01 AM AST,0
25-Nov-18 5:00:01 AM AST,0
25-Nov-18 5:15:01 AM AST,0
25-Nov-18 5:30:02 AM AST,0
25-Nov-18 5:45:01 AM AST,0
25-Nov-18 6:00:01 AM AST,0
25-Nov-18 6:15:01 AM AST,0
25-Nov-18 6:30:01 AM AST,0
25-Nov-18 6:45:01 AM AST,2
25-Nov-18 7:00:01 AM AST,2
25-Nov-18 7:15:01 AM AST,17
25-Nov-18 7:30:01 AM AST,43
25-Nov-18 7:45:01 AM AST,71
25-Nov-18 8:00:01 AM AST,90
25-Nov-18 8:15:01 AM AST,121
25-Nov-18 8:30:01 AM AST,147
25-Nov-18 8:45:01 AM AST,186
25-Nov-18 9:00:01 AM AST,220
25-Nov-18 9:15:01 AM AST,263
25-Nov-18 9:30:01 AM AST,292
25-Nov-18 9:45:01 AM AST,335
25-Nov-18 10:00:01 AM AST,372
25-Nov-18 10:15:01 AM AST,391
25-Nov-18 10:30:01 AM AST,409
25-Nov-18 10:45:01 AM AST,421
25-Nov-18 11:00:01 AM AST,440
25-Nov-18 11:15:01 AM AST,455
25-Nov-18 11:30:00 AM AST,467
25-Nov-18 11:45:00 AM AST,479
25-Nov-18 12:00:01 PM AST,487
25-Nov-18 12:15:00 PM AST,486
25-Nov-18 12:30:00 PM AST,483
25-Nov-18 12:45:01 PM AST,476
25-Nov-18 1:00:01 PM AST,474
25-Nov-18 1:15:01 PM AST,466
25-Nov-18 1:30:01 PM AST,452
25-Nov-18 1:45:01 PM AST,437
25-Nov-18 2:00:01 PM AST,425
25-Nov-18 2:15:02 PM AST,399
25-Nov-18 2:30:01 PM AST,376
25-Nov-18 2:45:01 PM AST,352
25-Nov-18 3:00:01 PM AST,321
25-Nov-18 3:15:01 PM AST,283
25-Nov-18 3:30:01 PM AST,248
25-Nov-18 3:45:01 PM AST,216
25-Nov-18 4:00:01 PM AST,179
25-Nov-18 4:15:01 PM AST,146
25-Nov-18 4:30:01 PM AST,107
25-Nov-18 4:45:01 PM AST,70
25-Nov-18 5:00:01 PM AST,36
25-Nov-18 5:15:02 PM AST,9
25-Nov-18 5:30:01 PM AST,0
25-Nov-18 5:45:01 PM AST,3
25-Nov-18 6:00:01 PM AST,0
25-Nov-18 6:15:01 PM AST,0
25-Nov-18 6:30:01 PM AST,0
25-Nov-18 6:45:01 PM AST,0
25-Nov-18 7:00:02 PM AST,0
25-Nov-18 7:15:01 PM AST,0
25-Nov-18 7:30:01 PM AST,0
25-Nov-18 7:45:01 PM AST,0
25-Nov-18 8:00:01 PM AST,0
25-Nov-18 8:15:01 PM AST,0
25-Nov-18 8:30:02 PM AST,0
25-Nov-18 8:45:02 PM AST,0
25-Nov-18 9:00:01 PM AST,0
25-Nov-18 9:15:02 PM AST,0
25-Nov-18 9:30:01 PM AST,0
25-Nov-18 9:45:01 PM AST,0
25-Nov-18 10:00:01 PM AST,0
25-Nov-18 10:15:01 PM AST,0
25-Nov-18 10:30:01 PM AST,0
25-Nov-18 10:45:01 PM AST,0
25-Nov-18 11:00:01 PM AST,0
25-Nov-18 11:15:01 PM AST,0
25-Nov-18 11:30:01 PM AST,0
25-Nov-18 11:45:01 PM AST,0
26-Nov-18 12:00:02 AM AST,0
26-Nov-18 12:15:02 AM AST,0
26-Nov-18 12:30:01 AM AST,0
26-Nov-18 12:45:01 AM AST,0
26-Nov-18 1:00:00 AM AST,0
26-Nov-18 1:15:00 AM AST,0
26-Nov-18 1:30:01 AM AST,0
26-Nov-18 1:45:01 AM AST,0
26-Nov-18 2:00:01 AM AST,0
26-Nov-18 2:15:00 AM AST,0
26-Nov-18 2:30:00 AM AST,0
26-Nov-18 2:45:01 AM AST,0
26-Nov-18 3:00:01 AM AST,0
26-Nov-18 3:15:01 AM AST,0
26-Nov-18 3:30:01 AM AST,0
26-Nov-18 3:45:01 AM AST,0
26-Nov-18 4:00:01 AM AST,0
26-Nov-18 4:15:01 AM AST,0
26-Nov-18 4:30:01 AM AST,0
26-Nov-18 4:45:01 AM AST,0
26-Nov-18 5:00:01 AM AST,0
26-Nov-18 5:15:01 AM AST,0
26-Nov-18 5:30:01 AM AST,0
26-Nov-18 5:45:01 AM AST,0
26-Nov-18 6:00:01 AM AST,0
26-Nov-18 6:15:01 AM AST,0
26-Nov-18 6:30:01 AM AST,0
26-Nov-18 6:45:01 AM AST,0
26-Nov-18 7:00:01 AM AST,5
26-Nov-18 7:15:01 AM AST,14
26-Nov-18 7:30:01 AM AST,36
26-Nov-18 7:45:01 AM AST,64
26-Nov-18 8:00:01 AM AST,92
26-Nov-18 8:15:01 AM AST,119
26-Nov-18 8:30:01 AM AST,154
26-Nov-18 8:45:01 AM AST,188
26-Nov-18 9:00:01 AM AST,219
26-Nov-18 9:15:01 AM AST,259
26-Nov-18 9:30:01 AM AST,289
26-Nov-18 9:45:01 AM AST,316
26-Nov-18 10:00:01 AM AST,354
26-Nov-18 10:15:01 AM AST,378
26-Nov-18 10:30:01 AM AST,427
26-Nov-18 10:45:01 AM AST,347
26-Nov-18 11:00:01 AM AST,366
26-Nov-18 11:15:01 AM AST,475
26-Nov-18 11:30:01 AM AST,474
26-Nov-18 11:45:01 AM AST,467
26-Nov-18 12:00:01 PM AST,461
26-Nov-18 12:15:02 PM AST,457
26-Nov-18 12:30:01 PM AST,454
26-Nov-18 12:45:02 PM AST,452
26-Nov-18 1:00:01 PM AST,445
26-Nov-18 1:15:01 PM AST,442
26-Nov-18 1:30:01 PM AST,430
26-Nov-18 1:45:02 PM AST,414
26-Nov-18 2:00:00 PM AST,392
26-Nov-18 2:15:00 PM AST,372
26-Nov-18 2:30:00 PM AST,359
26-Nov-18 2:45:01 PM AST,331
26-Nov-18 3:00:00 PM AST,310
26-Nov-18 3:15:01 PM AST,276
26-Nov-18 3:30:01 PM AST,240
26-Nov-18 3:45:01 PM AST,200
26-Nov-18 4:00:01 PM AST,162
26-Nov-18 4:15:01 PM AST,122
26-Nov-18 4:30:01 PM AST,85
26-Nov-18 4:45:02 PM AST,52
26-Nov-18 5:00:02 PM AST,30
26-Nov-18 5:15:01 PM AST,7
26-Nov-18 5:30:01 PM AST,0
26-Nov-18 5:45:02 PM AST,0
26-Nov-18 6:00:02 PM AST,0
26-Nov-18 6:15:01 PM AST,0
26-Nov-18 6:30:02 PM AST,0
26-Nov-18 6:45:02 PM AST,0
26-Nov-18 7:00:01 PM AST,0
26-Nov-18 7:15:01 PM AST,0
26-Nov-18 7:30:02 PM AST,0
26-Nov-18 7:45:02 PM AST,0
26-Nov-18 8:00:01 PM AST,0
26-Nov-18 8:15:01 PM AST,0
26-Nov-18 8:30:02 PM AST,0
26-Nov-18 8:45:01 PM AST,0
26-Nov-18 9:00:02 PM AST,0
26-Nov-18 9:15:01 PM AST,0
26-Nov-18 9:30:01 PM AST,0
26-Nov-18 9:45:01 PM AST,0
26-Nov-18 10:00:01 PM AST,0
26-Nov-18 10:15:02 PM AST,0
26-Nov-18 10:30:02 PM AST,0
26-Nov-18 10:45:01 PM AST,0
26-Nov-18 11:00:01 PM AST,0
26-Nov-18 11:15:01 PM AST,0
26-Nov-18 11:30:01 PM AST,0
26-Nov-18 11:45:01 PM AST,0
27-Nov-18 12:00:01 AM AST,0
27-Nov-18 12:15:01 AM AST,0
27-Nov-18 12:30:01 AM AST,0
27-Nov-18 12:45:01 AM AST,0
27-Nov-18 1:00:01 AM AST,0
27-Nov-18 1:15:01 AM AST,0
27-Nov-18 1:30:01 AM AST,0
27-Nov-18 1:45:02 AM AST,0
27-Nov-18 2:00:01 AM AST,0
27-Nov-18 2:15:01 AM AST,0
27-Nov-18 2:30:01 AM AST,0
27-Nov-18 2:45:01 AM AST,0
27-Nov-18 3:00:01 AM AST,0
27-Nov-18 3:15:01 AM AST,0
27-Nov-18 3:30:02 AM AST,0
27-Nov-18 3:45:01 AM AST,0
27-Nov-18 4:00:02 AM AST,0
27-Nov-18 4:15:01 AM AST,0
27-Nov-18 4:30:01 AM AST,0
27-Nov-18 4:45:00 AM AST,0
27-Nov-18 5:00:01 AM AST,0
27-Nov-18 5:15:01 AM AST,0
27-Nov-18 5:30:01 AM AST,0
27-Nov-18 5:45:01 AM AST,0
27-Nov-18 6:00:02 AM AST,0
27-Nov-18 6:15:01 AM AST,0
27-Nov-18 6:30:01 AM AST,0
27-Nov-18 6:45:01 AM AST,2
27-Nov-18 7:00:01 AM AST,0
27-Nov-18 7:15:02 AM AST,23
27-Nov-18 7:30:01 AM AST,43
27-Nov-18 7:45:01 AM AST,67
27-Nov-18 8:00:01 AM AST,91
27-Nov-18 8:15:02 AM AST,118
27-Nov-18 8:30:01 AM AST,152
27-Nov-18 8:45:02 AM AST,161
27-Nov-18 9:00:01 AM AST,183
27-Nov-18 9:15:02 AM AST,266
27-Nov-18 9:30:02 AM AST,196
27-Nov-18 9:45:02 AM AST,339
27-Nov-18 10:00:01 AM AST,246
27-Nov-18 10:15:02 AM AST,363
27-Nov-18 10:30:02 AM AST,277
27-Nov-18 10:45:01 AM AST,228
27-Nov-18 11:00:01 AM AST,432
27-Nov-18 11:15:01 AM AST,363
27-Nov-18 11:30:02 AM AST,323
27-Nov-18 11:45:01 AM AST,419
27-Nov-18 12:00:01 PM AST,470
27-Nov-18 12:15:02 PM AST,278
27-Nov-18 12:30:00 PM AST,405
27-Nov-18 12:45:01 PM AST,328
27-Nov-18 1:00:02 PM AST,432
27-Nov-18 1:15:02 PM AST,401
27-Nov-18 1:30:02 PM AST,387
27-Nov-18 1:45:01 PM AST,312
27-Nov-18 2:00:01 PM AST,373
27-Nov-18 2:15:01 PM AST,294
27-Nov-18 2:30:01 PM AST,348
27-Nov-18 2:45:01 PM AST,269
27-Nov-18 3:00:01 PM AST,291
27-Nov-18 3:15:01 PM AST,251
27-Nov-18 3:30:01 PM AST,171
27-Nov-18 3:45:02 PM AST,109
27-Nov-18 4:00:01 PM AST,123
27-Nov-18 4:15:02 PM AST,126
27-Nov-18 4:30:01 PM AST,73
27-Nov-18 4:45:01 PM AST,47
27-Nov-18 5:00:01 PM AST,20
27-Nov-18 5:15:01 PM AST,5
27-Nov-18 5:30:01 PM AST,0
27-Nov-18 5:45:01 PM AST,0
27-Nov-18 6:00:01 PM AST,0
27-Nov-18 6:15:01 PM AST,0
27-Nov-18 6:30:01 PM AST,0
27-Nov-18 6:45:02 PM AST,0
27-Nov-18 7:00:01 PM AST,0
27-Nov-18 7:15:02 PM AST,0
27-Nov-18 7:30:02 PM AST,0
27-Nov-18 7:45:02 PM AST,0
27-Nov-18 8:00:02 PM AST,0
27-Nov-18 8:15:02 PM AST,0
27-Nov-18 8:30:02 PM AST,0
27-Nov-18 8:45:02 PM AST,0
27-Nov-18 9:00:02 PM AST,0
27-Nov-18 9:15:02 PM AST,0
27-Nov-18 9:30:02 PM AST,0
27-Nov-18 9:45:01 PM AST,0
27-Nov-18 10:00:01 PM AST,0
27-Nov-18 10:15:02 PM AST,0
27-Nov-18 10:30:01 PM AST,0
27-Nov-18 10:45:01 PM AST,0
27-Nov-18 11:00:01 PM AST,0
27-Nov-18 11:15:02 PM AST,0
27-Nov-18 11:30:01 PM AST,0
27-Nov-18 11:45:00 PM AST,0
28-Nov-18 12:00:01 AM AST,0
28-Nov-18 12:15:01 AM AST,0
28-Nov-18 12:30:01 AM AST,0
28-Nov-18 12:45:01 AM AST,0
28-Nov-18 1:00:01 AM AST,0
28-Nov-18 1:15:01 AM AST,0
28-Nov-18 1:30:01 AM AST,0
28-Nov-18 1:45:01 AM AST,0
28-Nov-18 2:00:02 AM AST,0
28-Nov-18 2:15:01 AM AST,0
28-Nov-18 2:30:01 AM AST,0
28-Nov-18 2:45:02 AM AST,0
28-Nov-18 3:00:01 AM AST,0
28-Nov-18 3:15:01 AM AST,0
28-Nov-18 3:30:01 AM AST,0
28-Nov-18 3:45:01 AM AST,0
28-Nov-18 4:00:01 AM AST,0
28-Nov-18 4:15:01 AM AST,0
28-Nov-18 4:30:01 AM AST,0
28-Nov-18 4:45:02 AM AST,0
28-Nov-18 5:00:01 AM AST,0
28-Nov-18 5:15:01 AM AST,0
28-Nov-18 5:30:01 AM AST,0
28-Nov-18 5:45:01 AM AST,0
28-Nov-18 6:00:01 AM AST,0
28-Nov-18 6:15:01 AM AST,0
28-Nov-18 6:30:01 AM AST,0
28-Nov-18 6:45:01 AM AST,3
28-Nov-18 7:00:01 AM AST,0
28-Nov-18 7:15:01 AM AST,0
28-Nov-18 7:30:01 AM AST,39
28-Nov-18 7:45:01 AM AST,47
28-Nov-18 8:00:01 AM AST,90
28-Nov-18 8:15:01 AM AST,144
28-Nov-18 8:30:01 AM AST,103
28-Nov-18 8:45:01 AM AST,180
28-Nov-18 9:00:01 AM AST,180
28-Nov-18 9:15:01 AM AST,215
28-Nov-18 9:30:02 AM AST,249
28-Nov-18 9:45:01 AM AST,265
28-Nov-18 10:00:02 AM AST,304
28-Nov-18 10:15:02 AM AST,316
28-Nov-18 10:30:01 AM AST,165
28-Nov-18 10:45:01 AM AST,229
28-Nov-18 11:00:02 AM AST,207
28-Nov-18 11:15:02 AM AST,279
28-Nov-18 11:30:01 AM AST,404
28-Nov-18 11:45:01 AM AST,391
28-Nov-18 12:00:01 PM AST,398
28-Nov-18 12:15:00 PM AST,427
28-Nov-18 12:30:01 PM AST,384
28-Nov-18 12:45:01 PM AST,261
28-Nov-18 1:00:01 PM AST,324
28-Nov-18 1:15:01 PM AST,384
28-Nov-18 1:30:02 PM AST,280
28-Nov-18 1:45:02 PM AST,333
28-Nov-18 2:00:02 PM AST,308
28-Nov-18 2:15:01 PM AST,362
28-Nov-18 2:30:01 PM AST,233
28-Nov-18 2:45:01 PM AST,278
28-Nov-18 3:00:01 PM AST,247
28-Nov-18 3:15:01 PM AST,221
28-Nov-18 3:30:01 PM AST,191
28-Nov-18 3:45:01 PM AST,164
28-Nov-18 4:00:02 PM AST,128
28-Nov-18 4:15:01 PM AST,98
28-Nov-18 4:30:01 PM AST,68
28-Nov-18 4:45:01 PM AST,42
28-Nov-18 5:00:01 PM AST,25
28-Nov-18 5:15:01 PM AST,5
28-Nov-18 5:30:01 PM AST,0
28-Nov-18 5:45:01 PM AST,2
28-Nov-18 6:00:01 PM AST,0
28-Nov-18 6:15:02 PM AST,0
28-Nov-18 6:30:01 PM AST,0
28-Nov-18 6:45:01 PM AST,0
28-Nov-18 7:00:01 PM AST,0
28-Nov-18 7:15:01 PM AST,0
28-Nov-18 7:30:01 PM AST,0
28-Nov-18 7:45:01 PM AST,0
28-Nov-18 8:00:01 PM AST,0
28-Nov-18 8:15:01 PM AST,0
28-Nov-18 8:30:01 PM AST,0
28-Nov-18 8:45:01 PM AST,0
28-Nov-18 9:00:01 PM AST,0
28-Nov-18 9:15:01 PM AST,0
28-Nov-18 9:30:01 PM AST,0
28-Nov-18 9:45:01 PM AST,0
28-Nov-18 10:00:02 PM AST,0
28-Nov-18 10:15:02 PM AST,0
28-Nov-18 10:30:01 PM AST,0
28-Nov-18 10:45:01 PM AST,0
28-Nov-18 11:00:01 PM AST,0
28-Nov-18 11:15:01 PM AST,0
28-Nov-18 11:30:01 PM AST,0
28-Nov-18 11:45:01 PM AST,0
29-Nov-18 12:00:02 AM AST,0
29-Nov-18 12:15:01 AM AST,0
29-Nov-18 12:30:01 AM AST,0
29-Nov-18 12:45:01 AM AST,0
29-Nov-18 1:00:01 AM AST,0
29-Nov-18 1:15:02 AM AST,0
29-Nov-18 1:30:02 AM AST,0
29-Nov-18 1:45:01 AM AST,0
29-Nov-18 2:00:02 AM AST,0
29-Nov-18 2:15:01 AM AST,0
29-Nov-18 2:30:02 AM AST,0
29-Nov-18 2:45:01 AM AST,0
29-Nov-18 3:00:01 AM AST,0
29-Nov-18 3:15:02 AM AST,0
29-Nov-18 3:30:01 AM AST,0
29-Nov-18 3:45:01 AM AST,0
29-Nov-18 4:00:02 AM AST,0
29-Nov-18 4:15:01 AM AST,0
29-Nov-18 4:30:01 AM AST,0
29-Nov-18 4:45:01 AM AST,0
29-Nov-18 5:00:01 AM AST,0
29-Nov-18 5:15:01 AM AST,0
29-Nov-18 5:30:01 AM AST,0
29-Nov-18 5:45:01 AM AST,0
29-Nov-18 6:00:01 AM AST,0
29-Nov-18 6:15:01 AM AST,0
29-Nov-18 6:30:01 AM AST,0
29-Nov-18 6:45:02 AM AST,0
29-Nov-18 7:00:01 AM AST,0
29-Nov-18 7:15:01 AM AST,15
29-Nov-18 7:30:02 AM AST,39
29-Nov-18 7:45:01 AM AST,64
29-Nov-18 8:00:01 AM AST,86
29-Nov-18 8:15:01 AM AST,106
29-Nov-18 8:30:01 AM AST,67.5
29-Nov-18 8:45:01 AM AST,154
29-Nov-18 9:00:01 AM AST,189
29-Nov-18 9:15:01 AM AST,219
29-Nov-18 9:30:02 AM AST,252
29-Nov-18 9:45:01 AM AST,279
29-Nov-18 10:00:01 AM AST,307
29-Nov-18 10:15:01 AM AST,325
29-Nov-18 10:30:02 AM AST,341
29-Nov-18 10:45:01 AM AST,350
29-Nov-18 11:00:01 AM AST,364
29-Nov-18 11:15:01 AM AST,372
29-Nov-18 11:30:01 AM AST,378
29-Nov-18 11:45:01 AM AST,379
29-Nov-18 12:00:01 PM AST,383
29-Nov-18 12:15:02 PM AST,383
29-Nov-18 12:30:01 PM AST,391
29-Nov-18 12:45:01 PM AST,387
29-Nov-18 1:00:01 PM AST,389
29-Nov-18 1:15:01 PM AST,281
29-Nov-18 1:30:01 PM AST,298
29-Nov-18 1:45:01 PM AST,186
29-Nov-18 2:00:01 PM AST,348
29-Nov-18 2:15:01 PM AST,191
29-Nov-18 2:30:01 PM AST,243
29-Nov-18 2:45:01 PM AST,249
29-Nov-18 3:00:01 PM AST,253
29-Nov-18 3:15:01 PM AST,164
29-Nov-18 3:30:01 PM AST,138
29-Nov-18 3:45:01 PM AST,87
29-Nov-18 4:00:02 PM AST,125
29-Nov-18 4:15:01 PM AST,94
29-Nov-18 4:30:02 PM AST,51
29-Nov-18 4:45:01 PM AST,30
29-Nov-18 5:00:01 PM AST,12
29-Nov-18 5:15:01 PM AST,0
29-Nov-18 5:30:01 PM AST,0
29-Nov-18 5:45:01 PM AST,0
29-Nov-18 6:00:01 PM AST,0
29-Nov-18 6:15:01 PM AST,0
29-Nov-18 6:30:01 PM AST,0
29-Nov-18 6:45:01 PM AST,0
29-Nov-18 7:00:02 PM AST,0
29-Nov-18 7:15:01 PM AST,0
29-Nov-18 7:30:01 PM AST,0
29-Nov-18 7:45:02 PM AST,0
29-Nov-18 8:00:01 PM AST,0
29-Nov-18 8:15:01 PM AST,0
29-Nov-18 8:30:01 PM AST,0
29-Nov-18 8:45:01 PM AST,0
29-Nov-18 9:00:01 PM AST,0
29-Nov-18 9:15:02 PM AST,0
29-Nov-18 9:30:02 PM AST,0
29-Nov-18 9:45:01 PM AST,0
29-Nov-18 10:00:02 PM AST,0
29-Nov-18 10:15:01 PM AST,0
29-Nov-18 10:30:00 PM AST,0
29-Nov-18 10:45:02 PM AST,0
29-Nov-18 11:00:02 PM AST,0
29-Nov-18 11:15:02 PM AST,0
29-Nov-18 11:30:02 PM AST,0
29-Nov-18 11:45:01 PM AST,0
30-Nov-18 12:00:02 AM AST,0
30-Nov-18 12:15:01 AM AST,0
30-Nov-18 12:30:01 AM AST,0
30-Nov-18 12:45:02 AM AST,0
30-Nov-18 1:00:01 AM AST,0
30-Nov-18 1:15:01 AM AST,0
30-Nov-18 1:30:01 AM AST,0
30-Nov-18 1:45:01 AM AST,0
30-Nov-18 2:00:01 AM AST,0
30-Nov-18 2:15:02 AM AST,0
30-Nov-18 2:30:00 AM AST,0
30-Nov-18 2:45:01 AM AST,0
30-Nov-18 3:00:01 AM AST,0
30-Nov-18 3:15:01 AM AST,0
30-Nov-18 3:30:02 AM AST,0
30-Nov-18 3:45:01 AM AST,0
30-Nov-18 4:00:02 AM AST,0
30-Nov-18 4:15:01 AM AST,0
30-Nov-18 4:30:01 AM AST,0
30-Nov-18 4:45:01 AM AST,0
30-Nov-18 5:00:01 AM AST,0
30-Nov-18 5:15:01 AM AST,0
30-Nov-18 5:30:01 AM AST,0
30-Nov-18 5:45:01 AM AST,0
30-Nov-18 6:00:02 AM AST,0
30-Nov-18 6:15:01 AM AST,0
30-Nov-18 6:30:01 AM AST,0
30-Nov-18 6:45:01 AM AST,1
30-Nov-18 7:00:01 AM AST,3
30-Nov-18 7:15:02 AM AST,4
30-Nov-18 7:30:02 AM AST,32
30-Nov-18 7:45:01 AM AST,64
30-Nov-18 8:00:01 AM AST,83
30-Nov-18 8:15:01 AM AST,108
30-Nov-18 8:30:01 AM AST,84
30-Nov-18 8:45:01 AM AST,108
30-Nov-18 9:00:01 AM AST,160
30-Nov-18 9:15:02 AM AST,223
30-Nov-18 9:30:01 AM AST,238
30-Nov-18 9:45:01 AM AST,266
30-Nov-18 10:00:02 AM AST,290
30-Nov-18 10:15:01 AM AST,313
30-Nov-18 10:30:01 AM AST,330
30-Nov-18 10:45:01 AM AST,343
30-Nov-18 11:00:02 AM AST,366
30-Nov-18 11:15:01 AM AST,382
30-Nov-18 11:30:02 AM AST,394
30-Nov-18 11:45:01 AM AST,268
30-Nov-18 12:00:01 PM AST,383
30-Nov-18 12:15:01 PM AST,159
30-Nov-18 12:30:01 PM AST,333
30-Nov-18 12:45:01 PM AST,341
30-Nov-18 1:00:01 PM AST,346
30-Nov-18 1:15:02 PM AST,319
30-Nov-18 1:30:01 PM AST,324
30-Nov-18 1:45:01 PM AST,302
30-Nov-18 2:00:01 PM AST,265
30-Nov-18 2:15:01 PM AST,266
30-Nov-18 2:30:01 PM AST,239
30-Nov-18 2:45:01 PM AST,219
30-Nov-18 3:00:01 PM AST,156
30-Nov-18 3:15:01 PM AST,151
30-Nov-18 3:30:01 PM AST,155
30-Nov-18 3:45:01 PM AST,146
30-Nov-18 4:00:01 PM AST,120
30-Nov-18 4:15:02 PM AST,99
30-Nov-18 4:30:01 PM AST,59
30-Nov-18 4:45:02 PM AST,46
30-Nov-18 5:00:01 PM AST,24
30-Nov-18 5:15:01 PM AST,3
30-Nov-18 5:30:01 PM AST,0
30-Nov-18 5:45:01 PM AST,0
30-Nov-18 6:00:01 PM AST,0
30-Nov-18 6:15:01 PM AST,0
30-Nov-18 6:30:01 PM AST,0
30-Nov-18 6:45:01 PM AST,0
30-Nov-18 7:00:02 PM AST,0
30-Nov-18 7:15:01 PM AST,0
30-Nov-18 7:30:01 PM AST,0
30-Nov-18 7:45:01 PM AST,0
30-Nov-18 8:00:01 PM AST,0
30-Nov-18 8:15:01 PM AST,0
30-Nov-18 8:30:01 PM AST,0
30-Nov-18 8:45:01 PM AST,0
30-Nov-18 9:00:01 PM AST,0
30-Nov-18 9:15:01 PM AST,0
30-Nov-18 9:30:01 PM AST,0
30-Nov-18 9:45:01 PM AST,0
30-Nov-18 10:00:01 PM AST,0
30-Nov-18 10:15:01 PM AST,0
30-Nov-18 10:30:01 PM AST,0
30-Nov-18 10:45:01 PM AST,0
30-Nov-18 11:00:01 PM AST,0
30-Nov-18 11:15:01 PM AST,0
30-Nov-18 11:30:01 PM AST,0
30-Nov-18 11:45:01 PM AST,0
01-Dec-18 12:00:01 AM AST,0
01-Dec-18 12:15:01 AM AST,0
01-Dec-18 12:30:02 AM AST,0
01-Dec-18 12:45:02 AM AST,0
01-Dec-18 1:00:02 AM AST,0
01-Dec-18 1:15:03 AM AST,0
01-Dec-18 1:30:02 AM AST,0
01-Dec-18 1:45:02 AM AST,0
01-Dec-18 2:00:02 AM AST,0
01-Dec-18 2:15:02 AM AST,0
01-Dec-18 2:30:01 AM AST,0
01-Dec-18 2:45:02 AM AST,0
01-Dec-18 3:00:02 AM AST,0
01-Dec-18 3:15:02 AM AST,0
01-Dec-18 3:30:01 AM AST,0
01-Dec-18 3:45:01 AM AST,0
01-Dec-18 4:00:01 AM AST,0
01-Dec-18 4:15:01 AM AST,0
01-Dec-18 4:30:01 AM AST,0
01-Dec-18 4:45:01 AM AST,0
01-Dec-18 5:00:01 AM AST,0
01-Dec-18 5:15:01 AM AST,0
01-Dec-18 5:30:01 AM AST,0
01-Dec-18 5:45:01 AM AST,0
01-Dec-18 6:00:01 AM AST,0
01-Dec-18 6:15:01 AM AST,0
01-Dec-18 6:30:02 AM AST,0
01-Dec-18 6:45:02 AM AST,0
01-Dec-18 7:00:02 AM AST,5
01-Dec-18 7:15:02 AM AST,0
01-Dec-18 7:30:02 AM AST,2
01-Dec-18 7:45:02 AM AST,6
01-Dec-18 8:00:02 AM AST,9
01-Dec-18 8:15:02 AM AST,15
01-Dec-18 8:30:02 AM AST,29
01-Dec-18 8:45:02 AM AST,34
01-Dec-18 9:00:02 AM AST,50
01-Dec-18 9:15:02 AM AST,117
01-Dec-18 9:30:01 AM AST,261
01-Dec-18 9:45:01 AM AST,224
01-Dec-18 10:00:01 AM AST,339
01-Dec-18 10:15:01 AM AST,187
01-Dec-18 10:30:01 AM AST,146
01-Dec-18 10:45:01 AM AST,355
01-Dec-18 11:00:01 AM AST,244
01-Dec-18 11:15:01 AM AST,383
01-Dec-18 11:30:02 AM AST,150
01-Dec-18 11:45:02 AM AST,246
01-Dec-18 12:00:02 PM AST,301
01-Dec-18 12:15:02 PM AST,210
01-Dec-18 12:30:02 PM AST,352
01-Dec-18 12:45:02 PM AST,329
01-Dec-18 1:00:02 PM AST,103
01-Dec-18 1:15:02 PM AST,177
01-Dec-18 1:30:01 PM AST,112
01-Dec-18 1:45:01 PM AST,70
01-Dec-18 2:00:01 PM AST,43
01-Dec-18 2:15:01 PM AST,19
01-Dec-18 2:30:01 PM AST,19
01-Dec-18 2:45:02 PM AST,16
01-Dec-18 3:00:01 PM AST,58
01-Dec-18 3:15:01 PM AST,243
01-Dec-18 3:30:01 PM AST,172
01-Dec-18 3:45:01 PM AST,153
01-Dec-18 4:00:01 PM AST,113
01-Dec-18 4:15:02 PM AST,34
01-Dec-18 4:30:01 PM AST,35
01-Dec-18 4:45:02 PM AST,32
01-Dec-18 5:00:01 PM AST,17
01-Dec-18 5:15:01 PM AST,4
01-Dec-18 5:30:01 PM AST,3
01-Dec-18 5:45:01 PM AST,0
01-Dec-18 6:00:01 PM AST,0
01-Dec-18 6:15:01 PM AST,0
01-Dec-18 6:30:02 PM AST,0
01-Dec-18 6:45:01 PM AST,0
01-Dec-18 7:00:01 PM AST,0
01-Dec-18 7:15:01 PM AST,0
01-Dec-18 7:30:01 PM AST,0
01-Dec-18 7:45:01 PM AST,0
01-Dec-18 8:00:01 PM AST,0
01-Dec-18 8:15:01 PM AST,0
01-Dec-18 8:30:01 PM AST,0
01-Dec-18 8:45:02 PM AST,0
01-Dec-18 9:00:01 PM AST,0
01-Dec-18 9:15:02 PM AST,0
01-Dec-18 9:30:02 PM AST,0
01-Dec-18 9:45:01 PM AST,0
01-Dec-18 10:00:01 PM AST,0
01-Dec-18 10:15:01 PM AST,0
01-Dec-18 10:30:01 PM AST,0
01-Dec-18 10:45:01 PM AST,0
01-Dec-18 11:00:02 PM AST,0
01-Dec-18 11:15:01 PM AST,0
01-Dec-18 11:30:01 PM AST,0
01-Dec-18 11:45:01 PM AST,0
02-Dec-18 12:00:02 AM AST,0
02-Dec-18 12:15:02 AM AST,0
02-Dec-18 12:30:01 AM AST,0
02-Dec-18 12:45:01 AM AST,0
02-Dec-18 1:00:01 AM AST,0
02-Dec-18 1:15:01 AM AST,0
02-Dec-18 1:30:01 AM AST,0
02-Dec-18 1:45:01 AM AST,0
02-Dec-18 2:00:02 AM AST,0
02-Dec-18 2:15:02 AM AST,0
02-Dec-18 2:30:01 AM AST,0
02-Dec-18 2:45:02 AM AST,0
02-Dec-18 3:00:02 AM AST,0
02-Dec-18 3:15:01 AM AST,0
02-Dec-18 3:30:01 AM AST,0
02-Dec-18 3:45:01 AM AST,0
02-Dec-18 4:00:02 AM AST,0
02-Dec-18 4:15:01 AM AST,0
02-Dec-18 4:30:01 AM AST,0
02-Dec-18 4:45:01 AM AST,0
02-Dec-18 5:00:01 AM AST,0
02-Dec-18 5:15:01 AM AST,0
02-Dec-18 5:30:02 AM AST,0
02-Dec-18 5:45:01 AM AST,0
02-Dec-18 6:00:01 AM AST,0
02-Dec-18 6:15:01 AM AST,0
02-Dec-18 6:30:01 AM AST,0
02-Dec-18 6:45:01 AM AST,2
02-Dec-18 7:00:01 AM AST,1
02-Dec-18 7:15:01 AM AST,7
02-Dec-18 7:30:01 AM AST,28
02-Dec-18 7:45:01 AM AST,54
02-Dec-18 8:00:01 AM AST,78
02-Dec-18 8:15:01 AM AST,106
02-Dec-18 8:30:01 AM AST,134
02-Dec-18 8:45:01 AM AST,162
02-Dec-18 9:00:01 AM AST,192
02-Dec-18 9:15:01 AM AST,218
02-Dec-18 9:30:01 AM AST,246
02-Dec-18 9:45:02 AM AST,267
02-Dec-18 10:00:01 AM AST,296
02-Dec-18 10:15:01 AM AST,323
02-Dec-18 10:30:01 AM AST,341
02-Dec-18 10:45:01 AM AST,350
02-Dec-18 11:00:01 AM AST,371
02-Dec-18 11:15:02 AM AST,387
02-Dec-18 11:30:01 AM AST,392
02-Dec-18 11:45:02 AM AST,398
02-Dec-18 12:00:01 PM AST,399
02-Dec-18 12:15:01 PM AST,403
02-Dec-18 12:30:01 PM AST,397
02-Dec-18 12:45:01 PM AST,397
02-Dec-18 1:00:01 PM AST,393
02-Dec-18 1:15:01 PM AST,385
02-Dec-18 1:30:01 PM AST,374
02-Dec-18 1:45:01 PM AST,352
02-Dec-18 2:00:01 PM AST,339
02-Dec-18 2:15:01 PM AST,320
02-Dec-18 2:30:01 PM AST,302
02-Dec-18 2:45:01 PM AST,289
02-Dec-18 3:00:01 PM AST,261
02-Dec-18 3:15:01 PM AST,228
02-Dec-18 3:30:01 PM AST,199
02-Dec-18 3:45:01 PM AST,167
02-Dec-18 4:00:01 PM AST,132
02-Dec-18 4:15:03 PM AST,98
02-Dec-18 4:30:01 PM AST,69
02-Dec-18 4:45:01 PM AST,44
02-Dec-18 5:00:01 PM AST,24
02-Dec-18 5:15:01 PM AST,7
02-Dec-18 5:30:01 PM AST,0
02-Dec-18 5:45:01 PM AST,0
02-Dec-18 6:00:01 PM AST,0
02-Dec-18 6:15:01 PM AST,0
02-Dec-18 6:30:01 PM AST,0
02-Dec-18 6:45:01 PM AST,0
02-Dec-18 7:00:01 PM AST,0
02-Dec-18 7:15:01 PM AST,0
02-Dec-18 7:30:01 PM AST,0
02-Dec-18 7:45:01 PM AST,0
02-Dec-18 8:00:01 PM AST,0
02-Dec-18 8:15:01 PM AST,0
02-Dec-18 8:30:02 PM AST,0
02-Dec-18 8:45:02 PM AST,0
02-Dec-18 9:00:02 PM AST,0
02-Dec-18 9:15:01 PM AST,0
02-Dec-18 9:30:01 PM AST,0
02-Dec-18 9:45:01 PM AST,0
02-Dec-18 10:00:01 PM AST,0
02-Dec-18 10:15:01 PM AST,0
02-Dec-18 10:30:02 PM AST,0
02-Dec-18 10:45:01 PM AST,0
02-Dec-18 11:00:02 PM AST,0
02-Dec-18 11:15:02 PM AST,0
02-Dec-18 11:30:01 PM AST,0
02-Dec-18 11:45:01 PM AST,0
03-Dec-18 12:00:01 AM AST,0
03-Dec-18 12:15:01 AM AST,0
03-Dec-18 12:30:01 AM AST,0
03-Dec-18 12:45:01 AM AST,0
03-Dec-18 1:00:01 AM AST,0
03-Dec-18 1:15:01 AM AST,0
03-Dec-18 1:30:01 AM AST,0
03-Dec-18 1:45:02 AM AST,0
03-Dec-18 2:00:01 AM AST,0
03-Dec-18 2:15:01 AM AST,0
03-Dec-18 2:30:01 AM AST,0
03-Dec-18 2:45:01 AM AST,0
03-Dec-18 3:00:01 AM AST,0
03-Dec-18 3:15:01 AM AST,0
03-Dec-18 3:30:02 AM AST,0
03-Dec-18 3:45:01 AM AST,0
03-Dec-18 4:00:01 AM AST,0
03-Dec-18 4:15:01 AM AST,0
03-Dec-18 4:30:01 AM AST,0
03-Dec-18 4:45:01 AM AST,0
03-Dec-18 5:00:01 AM AST,0
03-Dec-18 5:15:01 AM AST,0
03-Dec-18 5:30:02 AM AST,0
03-Dec-18 5:45:01 AM AST,0
03-Dec-18 6:00:02 AM AST,0
03-Dec-18 6:15:01 AM AST,0
03-Dec-18 6:30:01 AM AST,0
03-Dec-18 6:45:01 AM AST,0
03-Dec-18 7:00:02 AM AST,0
03-Dec-18 7:15:02 AM AST,13
03-Dec-18 7:30:02 AM AST,39
03-Dec-18 7:45:01 AM AST,63
03-Dec-18 8:00:01 AM AST,81
03-Dec-18 8:15:02 AM AST,107
03-Dec-18 8:30:01 AM AST,125
03-Dec-18 8:45:01 AM AST,152
03-Dec-18 9:00:02 AM AST,184
03-Dec-18 9:15:01 AM AST,213
03-Dec-18 9:30:02 AM AST,244
03-Dec-18 9:45:02 AM AST,277
03-Dec-18 10:00:01 AM AST,308
03-Dec-18 10:15:01 AM AST,335
03-Dec-18 10:30:01 AM AST,353
03-Dec-18 10:45:01 AM AST,363
03-Dec-18 11:00:01 AM AST,384
03-Dec-18 11:15:01 AM AST,388
03-Dec-18 11:30:02 AM AST,399
03-Dec-18 11:45:02 AM AST,410
03-Dec-18 12:00:02 PM AST,421
03-Dec-18 12:15:01 PM AST,425
03-Dec-18 12:30:01 PM AST,417
03-Dec-18 12:45:02 PM AST,411
03-Dec-18 1:00:01 PM AST,402
03-Dec-18 1:15:01 PM AST,395
03-Dec-18 1:30:01 PM AST,376
03-Dec-18 1:45:01 PM AST,361
03-Dec-18 2:00:02 PM AST,350
03-Dec-18 2:15:01 PM AST,319
03-Dec-18 2:30:01 PM AST,297
03-Dec-18 2:45:02 PM AST,266
03-Dec-18 3:00:02 PM AST,242
03-Dec-18 3:15:01 PM AST,210
03-Dec-18 3:30:02 PM AST,175
03-Dec-18 3:45:02 PM AST,156
03-Dec-18 4:00:01 PM AST,121
03-Dec-18 4:15:01 PM AST,103
03-Dec-18 4:30:01 PM AST,78
03-Dec-18 4:45:01 PM AST,50
03-Dec-18 5:00:01 PM AST,29
03-Dec-18 5:15:02 PM AST,7
03-Dec-18 5:30:01 PM AST,0
03-Dec-18 5:45:01 PM AST,0
03-Dec-18 6:00:01 PM AST,0
03-Dec-18 6:15:02 PM AST,0
03-Dec-18 6:30:01 PM AST,0
03-Dec-18 6:45:01 PM AST,0
03-Dec-18 7:00:01 PM AST,0
03-Dec-18 7:15:01 PM AST,0
03-Dec-18 7:30:02 PM AST,0
03-Dec-18 7:45:01 PM AST,0
03-Dec-18 8:00:01 PM AST,0
03-Dec-18 8:15:01 PM AST,0
03-Dec-18 8:30:01 PM AST,0
03-Dec-18 8:45:01 PM AST,0
03-Dec-18 9:00:01 PM AST,0
03-Dec-18 9:15:01 PM AST,0
03-Dec-18 9:30:01 PM AST,0
03-Dec-18 9:45:01 PM AST,0
03-Dec-18 10:00:02 PM AST,0
03-Dec-18 10:15:01 PM AST,0
03-Dec-18 10:30:02 PM AST,0
03-Dec-18 10:45:01 PM AST,0
03-Dec-18 11:00:01 PM AST,0
03-Dec-18 11:15:01 PM AST,0
03-Dec-18 11:30:01 PM AST,0
03-Dec-18 11:45:01 PM AST,0
04-Dec-18 12:00:02 AM AST,0
04-Dec-18 12:15:01 AM AST,0
04-Dec-18 12:30:01 AM AST,0
04-Dec-18 12:45:01 AM AST,0
04-Dec-18 1:00:01 AM AST,0
04-Dec-18 1:15:02 AM AST,0
04-Dec-18 1:30:01 AM AST,0
04-Dec-18 1:45:01 AM AST,0
04-Dec-18 2:00:01 AM AST,0
04-Dec-18 2:15:01 AM AST,0
04-Dec-18 2:30:01 AM AST,0
04-Dec-18 2:45:01 AM AST,0
04-Dec-18 3:00:01 AM AST,0
04-Dec-18 3:15:01 AM AST,0
04-Dec-18 3:30:01 AM AST,0
04-Dec-18 3:45:02 AM AST,0
04-Dec-18 4:00:01 AM AST,0
04-Dec-18 4:15:01 AM AST,0
04-Dec-18 4:30:01 AM AST,0
04-Dec-18 4:45:01 AM AST,0
04-Dec-18 5:00:01 AM AST,0
04-Dec-18 5:15:01 AM AST,0
04-Dec-18 5:30:01 AM AST,0
04-Dec-18 5:45:01 AM AST,0
04-Dec-18 6:00:01 AM AST,0
04-Dec-18 6:15:02 AM AST,0
04-Dec-18 6:30:02 AM AST,0
04-Dec-18 6:45:01 AM AST,3
04-Dec-18 7:00:01 AM AST,1
04-Dec-18 7:15:01 AM AST,10
04-Dec-18 7:30:01 AM AST,24
04-Dec-18 7:45:01 AM AST,68
04-Dec-18 8:00:03 AM AST,92
04-Dec-18 8:15:01 AM AST,110
04-Dec-18 8:30:02 AM AST,124
04-Dec-18 8:45:02 AM AST,158
04-Dec-18 9:00:01 AM AST,209
04-Dec-18 9:15:02 AM AST,226
04-Dec-18 9:30:01 AM AST,175
04-Dec-18 9:45:01 AM AST,234
04-Dec-18 10:00:01 AM AST,180
04-Dec-18 10:15:01 AM AST,282
04-Dec-18 10:30:01 AM AST,218
04-Dec-18 10:45:01 AM AST,393
04-Dec-18 11:00:01 AM AST,305
04-Dec-18 11:15:01 AM AST,330
04-Dec-18 11:30:01 AM AST,252
04-Dec-18 11:45:01 AM AST,269
04-Dec-18 12:00:02 PM AST,250
04-Dec-18 12:15:01 PM AST,151
04-Dec-18 12:30:01 PM AST,241
04-Dec-18 12:45:01 PM AST,141
04-Dec-18 1:00:01 PM AST,375
04-Dec-18 1:15:01 PM AST,279
04-Dec-18 1:30:02 PM AST,306
04-Dec-18 1:45:01 PM AST,401
04-Dec-18 2:00:01 PM AST,352
04-Dec-18 2:15:02 PM AST,329
04-Dec-18 2:30:01 PM AST,365
04-Dec-18 2:45:01 PM AST,230
04-Dec-18 3:00:01 PM AST,283
04-Dec-18 3:15:02 PM AST,163
04-Dec-18 3:30:01 PM AST,74
04-Dec-18 3:45:01 PM AST,55
04-Dec-18 4:00:01 PM AST,54
04-Dec-18 4:15:01 PM AST,129
04-Dec-18 4:30:01 PM AST,80
04-Dec-18 4:45:02 PM AST,12
04-Dec-18 5:00:01 PM AST,6
04-Dec-18 5:15:01 PM AST,2
04-Dec-18 5:30:01 PM AST,0
04-Dec-18 5:45:01 PM AST,2
04-Dec-18 6:00:01 PM AST,0
04-Dec-18 6:15:01 PM AST,0
04-Dec-18 6:30:01 PM AST,0
04-Dec-18 6:45:01 PM AST,0
04-Dec-18 7:00:02 PM AST,0
04-Dec-18 7:15:01 PM AST,0
04-Dec-18 7:30:01 PM AST,0
04-Dec-18 7:45:01 PM AST,0
04-Dec-18 8:00:01 PM AST,0
04-Dec-18 8:15:01 PM AST,0
04-Dec-18 8:30:01 PM AST,0
04-Dec-18 8:45:02 PM AST,0
04-Dec-18 9:00:02 PM AST,0
04-Dec-18 9:15:01 PM AST,0
04-Dec-18 9:30:01 PM AST,0
04-Dec-18 9:45:01 PM AST,0
04-Dec-18 10:00:01 PM AST,0
04-Dec-18 10:15:01 PM AST,0
04-Dec-18 10:30:01 PM AST,0
04-Dec-18 10:45:01 PM AST,0
04-Dec-18 11:00:01 PM AST,0
04-Dec-18 11:15:02 PM AST,0
04-Dec-18 11:30:01 PM AST,0
04-Dec-18 11:45:02 PM AST,0
05-Dec-18 12:00:01 AM AST,0
05-Dec-18 12:15:01 AM AST,0
05-Dec-18 12:30:01 AM AST,0
05-Dec-18 12:45:01 AM AST,0
05-Dec-18 1:00:01 AM AST,0
05-Dec-18 1:15:01 AM AST,0
05-Dec-18 1:30:01 AM AST,0
05-Dec-18 1:45:01 AM AST,0
05-Dec-18 2:00:02 AM AST,0
05-Dec-18 2:15:01 AM AST,0
05-Dec-18 2:30:01 AM AST,0
05-Dec-18 2:45:01 AM AST,0
05-Dec-18 3:00:01 AM AST,0
05-Dec-18 3:15:01 AM AST,0
05-Dec-18 3:30:01 AM AST,0
05-Dec-18 3:45:01 AM AST,0
05-Dec-18 4:00:01 AM AST,0
05-Dec-18 4:15:01 AM AST,0
05-Dec-18 4:30:02 AM AST,0
05-Dec-18 4:45:01 AM AST,0
05-Dec-18 5:00:01 AM AST,0
05-Dec-18 5:15:01 AM AST,0
05-Dec-18 5:30:01 AM AST,0
05-Dec-18 5:45:02 AM AST,0
05-Dec-18 6:00:01 AM AST,0
05-Dec-18 6:15:01 AM AST,0
05-Dec-18 6:30:01 AM AST,0
05-Dec-18 6:45:02 AM AST,0
05-Dec-18 7:00:01 AM AST,0
05-Dec-18 7:15:01 AM AST,0
05-Dec-18 7:30:01 AM AST,0
05-Dec-18 7:45:01 AM AST,0
05-Dec-18 8:00:01 AM AST,24
05-Dec-18 8:15:02 AM AST,52
05-Dec-18 8:30:01 AM AST,99
05-Dec-18 8:45:01 AM AST,101
05-Dec-18 9:00:01 AM AST,53
05-Dec-18 9:15:01 AM AST,97
05-Dec-18 9:30:02 AM AST,130
05-Dec-18 9:45:01 AM AST,172
05-Dec-18 10:00:01 AM AST,268
05-Dec-18 10:15:02 AM AST,209
05-Dec-18 10:30:01 AM AST,362
05-Dec-18 10:45:02 AM AST,173
05-Dec-18 11:00:01 AM AST,344
05-Dec-18 11:15:01 AM AST,368
05-Dec-18 11:30:01 AM AST,173
05-Dec-18 11:45:01 AM AST,280
05-Dec-18 12:00:02 PM AST,408
05-Dec-18 12:15:02 PM AST,390
05-Dec-18 12:30:01 PM AST,404
05-Dec-18 12:45:01 PM AST,390
05-Dec-18 1:00:02 PM AST,334
05-Dec-18 1:15:01 PM AST,216
05-Dec-18 1:30:01 PM AST,186
05-Dec-18 1:45:01 PM AST,210
05-Dec-18 2:00:01 PM AST,119
05-Dec-18 2:15:01 PM AST,110
05-Dec-18 2:30:01 PM AST,184
05-Dec-18 2:45:01 PM AST,142
05-Dec-18 3:00:02 PM AST,252
05-Dec-18 3:15:01 PM AST,143
05-Dec-18 3:30:01 PM AST,139
05-Dec-18 3:45:03 PM AST,113
05-Dec-18 4:00:01 PM AST,51
05-Dec-18 4:15:01 PM AST,33
05-Dec-18 4:30:01 PM AST,3
05-Dec-18 4:45:01 PM AST,5
05-Dec-18 5:00:01 PM AST,0
05-Dec-18 5:15:02 PM AST,0
05-Dec-18 5:30:01 PM AST,0
05-Dec-18 5:45:01 PM AST,0
05-Dec-18 6:00:02 PM AST,0
05-Dec-18 6:15:01 PM AST,0
05-Dec-18 6:30:01 PM AST,0
05-Dec-18 6:45:02 PM AST,0
05-Dec-18 7:00:01 PM AST,0
05-Dec-18 7:15:02 PM AST,0
05-Dec-18 7:30:01 PM AST,0
05-Dec-18 7:45:01 PM AST,0
05-Dec-18 8:00:01 PM AST,0
05-Dec-18 8:15:02 PM AST,0
05-Dec-18 8:30:01 PM AST,0
05-Dec-18 8:45:01 PM AST,0
05-Dec-18 9:00:02 PM AST,0
05-Dec-18 9:15:01 PM AST,0
05-Dec-18 9:30:01 PM AST,0
05-Dec-18 9:45:01 PM AST,0
05-Dec-18 10:00:01 PM AST,0
05-Dec-18 10:15:01 PM AST,0
05-Dec-18 10:30:01 PM AST,0
05-Dec-18 10:45:01 PM AST,0
05-Dec-18 11:00:01 PM AST,0
05-Dec-18 11:15:01 PM AST,0
05-Dec-18 11:30:01 PM AST,0
05-Dec-18 11:45:01 PM AST,0
06-Dec-18 12:00:02 AM AST,0
06-Dec-18 12:15:01 AM AST,0
06-Dec-18 12:30:01 AM AST,0
06-Dec-18 12:45:01 AM AST,0
06-Dec-18 1:00:01 AM AST,0
06-Dec-18 1:15:01 AM AST,0
06-Dec-18 1:30:02 AM AST,0
06-Dec-18 1:45:01 AM AST,0
06-Dec-18 2:00:01 AM AST,0
06-Dec-18 2:15:01 AM AST,0
06-Dec-18 2:30:01 AM AST,0
06-Dec-18 2:45:01 AM AST,0
06-Dec-18 3:00:01 AM AST,0
06-Dec-18 3:15:02 AM AST,0
06-Dec-18 3:30:02 AM AST,0
06-Dec-18 3:45:02 AM AST,0
06-Dec-18 4:00:01 AM AST,0
06-Dec-18 4:15:01 AM AST,0
06-Dec-18 4:30:01 AM AST,0
06-Dec-18 4:45:01 AM AST,0
06-Dec-18 5:00:01 AM AST,0
06-Dec-18 5:15:03 AM AST,0
06-Dec-18 5:30:01 AM AST,0
06-Dec-18 5:45:01 AM AST,0
06-Dec-18 6:00:02 AM AST,0
06-Dec-18 6:15:02 AM AST,0
06-Dec-18 6:30:01 AM AST,0
06-Dec-18 6:45:01 AM AST,0
06-Dec-18 7:00:02 AM AST,1
06-Dec-18 7:15:01 AM AST,3
06-Dec-18 7:30:01 AM AST,24
06-Dec-18 7:45:01 AM AST,51
06-Dec-18 8:00:01 AM AST,81
06-Dec-18 8:15:02 AM AST,111
06-Dec-18 8:30:01 AM AST,145
06-Dec-18 8:45:01 AM AST,184
06-Dec-18 9:00:01 AM AST,219
06-Dec-18 9:15:01 AM AST,248
06-Dec-18 9:30:01 AM AST,285
06-Dec-18 9:45:02 AM AST,313
06-Dec-18 10:00:01 AM AST,354
06-Dec-18 10:15:01 AM AST,377
06-Dec-18 10:30:01 AM AST,400
06-Dec-18 10:45:01 AM AST,411
06-Dec-18 11:00:01 AM AST,424
06-Dec-18 11:15:01 AM AST,437
06-Dec-18 11:30:03 AM AST,455
06-Dec-18 11:45:01 AM AST,459
06-Dec-18 12:00:01 PM AST,463
06-Dec-18 12:15:02 PM AST,471
06-Dec-18 12:30:01 PM AST,463
06-Dec-18 12:45:01 PM AST,467
06-Dec-18 1:00:01 PM AST,458
06-Dec-18 1:15:01 PM AST,451
06-Dec-18 1:30:01 PM AST,441
06-Dec-18 1:45:01 PM AST,423
06-Dec-18 2:00:01 PM AST,410
06-Dec-18 2:15:01 PM AST,397
06-Dec-18 2:30:01 PM AST,367
06-Dec-18 2:45:01 PM AST,332
06-Dec-18 3:00:01 PM AST,324
06-Dec-18 3:15:02 PM AST,289
06-Dec-18 3:30:01 PM AST,257
06-Dec-18 3:45:02 PM AST,216
06-Dec-18 4:00:01 PM AST,174
06-Dec-18 4:15:01 PM AST,135
06-Dec-18 4:30:01 PM AST,98
06-Dec-18 4:45:02 PM AST,61
06-Dec-18 5:00:01 PM AST,38
06-Dec-18 5:15:01 PM AST,8
06-Dec-18 5:30:01 PM AST,0
06-Dec-18 5:45:02 PM AST,0
06-Dec-18 6:00:01 PM AST,0
06-Dec-18 6:15:01 PM AST,0
06-Dec-18 6:30:01 PM AST,0
06-Dec-18 6:45:01 PM AST,0
06-Dec-18 7:00:01 PM AST,0
06-Dec-18 7:15:01 PM AST,0
06-Dec-18 7:30:01 PM AST,0
06-Dec-18 7:45:01 PM AST,0
06-Dec-18 8:00:01 PM AST,0
06-Dec-18 8:15:01 PM AST,0
06-Dec-18 8:30:02 PM AST,0
06-Dec-18 8:45:01 PM AST,0
06-Dec-18 9:00:01 PM AST,0
06-Dec-18 9:15:01 PM AST,0
06-Dec-18 9:30:01 PM AST,0
06-Dec-18 9:45:01 PM AST,0
06-Dec-18 10:00:01 PM AST,0
06-Dec-18 10:15:01 PM AST,0
06-Dec-18 10:30:01 PM AST,0
06-Dec-18 10:45:01 PM AST,0
06-Dec-18 11:00:01 PM AST,0
06-Dec-18 11:15:02 PM AST,0
06-Dec-18 11:30:01 PM AST,0
06-Dec-18 11:45:01 PM AST,0
07-Dec-18 12:00:01 AM AST,0
07-Dec-18 12:15:01 AM AST,0
07-Dec-18 12:30:01 AM AST,0
07-Dec-18 12:45:02 AM AST,0
07-Dec-18 1:00:01 AM AST,0
07-Dec-18 1:15:01 AM AST,0
07-Dec-18 1:30:02 AM AST,0
07-Dec-18 1:45:02 AM AST,0
07-Dec-18 2:00:01 AM AST,0
07-Dec-18 2:15:01 AM AST,0
07-Dec-18 2:30:01 AM AST,0
07-Dec-18 2:45:01 AM AST,0
07-Dec-18 3:00:02 AM AST,0
07-Dec-18 3:15:01 AM AST,0
07-Dec-18 3:30:01 AM AST,0
07-Dec-18 3:45:01 AM AST,0
07-Dec-18 4:00:01 AM AST,0
07-Dec-18 4:15:01 AM AST,0
07-Dec-18 4:30:01 AM AST,0
07-Dec-18 4:45:01 AM AST,0
07-Dec-18 5:00:01 AM AST,0
07-Dec-18 5:15:01 AM AST,0
07-Dec-18 5:30:02 AM AST,0
07-Dec-18 5:45:02 AM AST,0
07-Dec-18 6:00:02 AM AST,0
07-Dec-18 6:15:01 AM AST,0
07-Dec-18 6:30:01 AM AST,0
07-Dec-18 6:45:01 AM AST,0
07-Dec-18 7:00:01 AM AST,0
07-Dec-18 7:15:01 AM AST,13
07-Dec-18 7:30:02 AM AST,32
07-Dec-18 7:45:01 AM AST,59
07-Dec-18 8:00:01 AM AST,81
07-Dec-18 8:15:01 AM AST,111
07-Dec-18 8:30:01 AM AST,139
07-Dec-18 8:45:01 AM AST,175
07-Dec-18 9:00:01 AM AST,213
07-Dec-18 9:15:01 AM AST,253
07-Dec-18 9:30:01 AM AST,291
07-Dec-18 9:45:01 AM AST,327
07-Dec-18 10:00:01 AM AST,368
07-Dec-18 10:15:01 AM AST,391
07-Dec-18 10:30:02 AM AST,413
07-Dec-18 10:45:01 AM AST,423
07-Dec-18 11:00:02 AM AST,441
07-Dec-18 11:15:02 AM AST,458
07-Dec-18 11:30:02 AM AST,470
07-Dec-18 11:45:02 AM AST,478
07-Dec-18 12:00:02 PM AST,478
07-Dec-18 12:15:02 PM AST,483
07-Dec-18 12:30:02 PM AST,478
07-Dec-18 12:45:02 PM AST,479
07-Dec-18 1:00:01 PM AST,477
07-Dec-18 1:15:01 PM AST,470
07-Dec-18 1:30:01 PM AST,450
07-Dec-18 1:45:01 PM AST,441
07-Dec-18 2:00:01 PM AST,427
07-Dec-18 2:15:02 PM AST,406
07-Dec-18 2:30:01 PM AST,383
07-Dec-18 2:45:01 PM AST,359
07-Dec-18 3:00:02 PM AST,323
07-Dec-18 3:15:01 PM AST,291
07-Dec-18 3:30:01 PM AST,253
07-Dec-18 3:45:01 PM AST,220
07-Dec-18 4:00:01 PM AST,181
07-Dec-18 4:15:01 PM AST,149
07-Dec-18 4:30:01 PM AST,112
07-Dec-18 4:45:01 PM AST,71
07-Dec-18 5:00:01 PM AST,37
07-Dec-18 5:15:02 PM AST,11
07-Dec-18 5:30:01 PM AST,0
07-Dec-18 5:45:01 PM AST,0
07-Dec-18 6:00:01 PM AST,0
07-Dec-18 6:15:01 PM AST,0
07-Dec-18 6:30:01 PM AST,0
07-Dec-18 6:45:01 PM AST,0
07-Dec-18 7:00:01 PM AST,0
07-Dec-18 7:15:01 PM AST,0
07-Dec-18 7:30:01 PM AST,0
07-Dec-18 7:45:01 PM AST,0
07-Dec-18 8:00:02 PM AST,0
07-Dec-18 8:15:02 PM AST,0
07-Dec-18 8:30:02 PM AST,0
07-Dec-18 8:45:02 PM AST,0
07-Dec-18 9:00:02 PM AST,0
07-Dec-18 9:15:01 PM AST,0
07-Dec-18 9:30:02 PM AST,0
07-Dec-18 9:45:01 PM AST,0
07-Dec-18 10:00:01 PM AST,0
07-Dec-18 10:15:01 PM AST,0
07-Dec-18 10:30:01 PM AST,0
07-Dec-18 10:45:01 PM AST,0
07-Dec-18 11:00:01 PM AST,0
07-Dec-18 11:15:01 PM AST,0
07-Dec-18 11:30:02 PM AST,0
07-Dec-18 11:45:02 PM AST,0
08-Dec-18 12:00:01 AM AST,0
08-Dec-18 12:15:01 AM AST,0
08-Dec-18 12:30:01 AM AST,0
08-Dec-18 12:45:01 AM AST,0
08-Dec-18 1:00:01 AM AST,0
08-Dec-18 1:15:01 AM AST,0
08-Dec-18 1:30:01 AM AST,0
08-Dec-18 1:45:01 AM AST,0
08-Dec-18 2:00:01 AM AST,0
08-Dec-18 2:15:01 AM AST,0
08-Dec-18 2:30:01 AM AST,0
08-Dec-18 2:45:01 AM AST,0
08-Dec-18 3:00:01 AM AST,0
08-Dec-18 3:15:02 AM AST,0
08-Dec-18 3:30:01 AM AST,0
08-Dec-18 3:45:01 AM AST,0
08-Dec-18 4:00:01 AM AST,0
08-Dec-18 4:15:01 AM AST,0
08-Dec-18 4:30:02 AM AST,0
08-Dec-18 4:45:01 AM AST,0
08-Dec-18 5:00:01 AM AST,0
08-Dec-18 5:15:01 AM AST,0
08-Dec-18 5:30:01 AM AST,0
08-Dec-18 5:45:01 AM AST,0
08-Dec-18 6:00:01 AM AST,0
08-Dec-18 6:15:01 AM AST,0
08-Dec-18 6:30:01 AM AST,0
08-Dec-18 6:45:01 AM AST,0
08-Dec-18 7:00:02 AM AST,0
08-Dec-18 7:15:01 AM AST,0
08-Dec-18 7:30:01 AM AST,18
08-Dec-18 7:45:01 AM AST,19
08-Dec-18 8:00:02 AM AST,53
08-Dec-18 8:15:01 AM AST,109
08-Dec-18 8:30:02 AM AST,134
08-Dec-18 8:45:01 AM AST,176
08-Dec-18 9:00:01 AM AST,212
08-Dec-18 9:15:01 AM AST,241
08-Dec-18 9:30:01 AM AST,278
08-Dec-18 9:45:01 AM AST,304
08-Dec-18 10:00:02 AM AST,350
08-Dec-18 10:15:01 AM AST,371
08-Dec-18 10:30:01 AM AST,393
08-Dec-18 10:45:01 AM AST,408
08-Dec-18 11:00:01 AM AST,422
08-Dec-18 11:15:01 AM AST,439
08-Dec-18 11:30:02 AM AST,457
08-Dec-18 11:45:01 AM AST,462
08-Dec-18 12:00:01 PM AST,463
08-Dec-18 12:15:01 PM AST,468
08-Dec-18 12:30:01 PM AST,468
08-Dec-18 12:45:01 PM AST,461
08-Dec-18 1:00:02 PM AST,453
08-Dec-18 1:15:01 PM AST,443
08-Dec-18 1:30:01 PM AST,433
08-Dec-18 1:45:01 PM AST,415
08-Dec-18 2:00:02 PM AST,400
08-Dec-18 2:15:01 PM AST,383
08-Dec-18 2:30:01 PM AST,360
08-Dec-18 2:45:01 PM AST,331
08-Dec-18 3:00:01 PM AST,314
08-Dec-18 3:15:01 PM AST,284
08-Dec-18 3:30:01 PM AST,248
08-Dec-18 3:45:01 PM AST,210
08-Dec-18 4:00:02 PM AST,170
08-Dec-18 4:15:01 PM AST,130
08-Dec-18 4:30:02 PM AST,92
08-Dec-18 4:45:01 PM AST,59
08-Dec-18 5:00:01 PM AST,34
08-Dec-18 5:15:01 PM AST,9
08-Dec-18 5:30:01 PM AST,0
08-Dec-18 5:45:01 PM AST,0
08-Dec-18 6:00:02 PM AST,0
08-Dec-18 6:15:01 PM AST,0
08-Dec-18 6:30:01 PM AST,0
08-Dec-18 6:45:01 PM AST,0
08-Dec-18 7:00:01 PM AST,0
08-Dec-18 7:15:01 PM AST,0
08-Dec-18 7:30:01 PM AST,0
08-Dec-18 7:45:01 PM AST,0
08-Dec-18 8:00:01 PM AST,0
08-Dec-18 8:15:01 PM AST,0
08-Dec-18 8:30:02 PM AST,0
08-Dec-18 8:45:01 PM AST,0
08-Dec-18 9:00:01 PM AST,0
08-Dec-18 9:15:01 PM AST,0
08-Dec-18 9:30:02 PM AST,0
08-Dec-18 9:45:02 PM AST,0
08-Dec-18 10:00:01 PM AST,0
08-Dec-18 10:15:01 PM AST,0
08-Dec-18 10:30:01 PM AST,0
08-Dec-18 10:45:01 PM AST,0
08-Dec-18 11:00:01 PM AST,0
08-Dec-18 11:15:01 PM AST,0
08-Dec-18 11:30:01 PM AST,0
08-Dec-18 11:45:01 PM AST,0
09-Dec-18 12:00:01 AM AST,0
09-Dec-18 12:15:01 AM AST,0
09-Dec-18 12:30:01 AM AST,0
09-Dec-18 12:45:01 AM AST,0
09-Dec-18 1:00:02 AM AST,0
09-Dec-18 1:15:01 AM AST,0
09-Dec-18 1:30:01 AM AST,0
09-Dec-18 1:45:01 AM AST,0
09-Dec-18 2:00:01 AM AST,0
09-Dec-18 2:15:01 AM AST,0
09-Dec-18 2:30:00 AM AST,0
09-Dec-18 2:45:01 AM AST,0
09-Dec-18 3:00:01 AM AST,0
09-Dec-18 3:15:02 AM AST,0
09-Dec-18 3:30:01 AM AST,0
09-Dec-18 3:45:01 AM AST,0
09-Dec-18 4:00:01 AM AST,0
09-Dec-18 4:15:01 AM AST,0
09-Dec-18 4:30:01 AM AST,0
09-Dec-18 4:45:02 AM AST,0
09-Dec-18 5:00:02 AM AST,0
09-Dec-18 5:15:01 AM AST,0
09-Dec-18 5:30:01 AM AST,0
09-Dec-18 5:45:02 AM AST,0
09-Dec-18 6:00:01 AM AST,0
09-Dec-18 6:15:01 AM AST,0
09-Dec-18 6:30:01 AM AST,0
09-Dec-18 6:45:01 AM AST,0
09-Dec-18 7:00:02 AM AST,0
09-Dec-18 7:15:02 AM AST,6
09-Dec-18 7:30:01 AM AST,27
09-Dec-18 7:45:01 AM AST,54
09-Dec-18 8:00:02 AM AST,76
09-Dec-18 8:15:01 AM AST,103
09-Dec-18 8:30:01 AM AST,128
09-Dec-18 8:45:01 AM AST,163
09-Dec-18 9:00:02 AM AST,196
09-Dec-18 9:15:02 AM AST,229
09-Dec-18 9:30:02 AM AST,261
09-Dec-18 9:45:01 AM AST,296
09-Dec-18 10:00:01 AM AST,337
09-Dec-18 10:15:01 AM AST,367
09-Dec-18 10:30:01 AM AST,375
09-Dec-18 10:45:01 AM AST,399
09-Dec-18 11:00:02 AM AST,402
09-Dec-18 11:15:02 AM AST,400
09-Dec-18 11:30:01 AM AST,465
09-Dec-18 11:45:01 AM AST,442
09-Dec-18 12:00:01 PM AST,445
09-Dec-18 12:15:02 PM AST,447
09-Dec-18 12:30:01 PM AST,441
09-Dec-18 12:45:01 PM AST,439
09-Dec-18 1:00:02 PM AST,396
09-Dec-18 1:15:01 PM AST,425
09-Dec-18 1:30:01 PM AST,412
09-Dec-18 1:45:01 PM AST,407
09-Dec-18 2:00:01 PM AST,388
09-Dec-18 2:15:02 PM AST,371
09-Dec-18 2:30:01 PM AST,342
09-Dec-18 2:45:01 PM AST,320
09-Dec-18 3:00:01 PM AST,294
09-Dec-18 3:15:02 PM AST,255
09-Dec-18 3:30:01 PM AST,234
09-Dec-18 3:45:01 PM AST,198
09-Dec-18 4:00:02 PM AST,162
09-Dec-18 4:15:01 PM AST,135
09-Dec-18 4:30:02 PM AST,96
09-Dec-18 4:45:01 PM AST,63
09-Dec-18 5:00:01 PM AST,35
09-Dec-18 5:15:02 PM AST,9
09-Dec-18 5:30:02 PM AST,0
09-Dec-18 5:45:01 PM AST,0
09-Dec-18 6:00:01 PM AST,0
09-Dec-18 6:15:03 PM AST,0
09-Dec-18 6:30:01 PM AST,0
09-Dec-18 6:45:01 PM AST,0
09-Dec-18 7:00:02 PM AST,0
09-Dec-18 7:15:02 PM AST,0
09-Dec-18 7:30:01 PM AST,0
09-Dec-18 7:45:01 PM AST,0
09-Dec-18 8:00:01 PM AST,0
09-Dec-18 8:15:01 PM AST,0
09-Dec-18 8:30:02 PM AST,0
09-Dec-18 8:45:01 PM AST,0
09-Dec-18 9:00:01 PM AST,0
09-Dec-18 9:15:01 PM AST,0
09-Dec-18 9:30:01 PM AST,0
09-Dec-18 9:45:02 PM AST,0
09-Dec-18 10:00:02 PM AST,0
09-Dec-18 10:15:02 PM AST,0
09-Dec-18 10:30:01 PM AST,0
09-Dec-18 10:45:01 PM AST,0
09-Dec-18 11:00:01 PM AST,0
09-Dec-18 11:15:01 PM AST,0
09-Dec-18 11:30:01 PM AST,0
09-Dec-18 11:45:02 PM AST,0
10-Dec-18 12:00:01 AM AST,0
10-Dec-18 12:15:02 AM AST,0
10-Dec-18 12:30:03 AM AST,0
10-Dec-18 12:45:01 AM AST,0
10-Dec-18 1:00:01 AM AST,0
10-Dec-18 1:15:02 AM AST,0
10-Dec-18 1:30:01 AM AST,0
10-Dec-18 1:45:02 AM AST,0
10-Dec-18 2:00:01 AM AST,0
10-Dec-18 2:15:01 AM AST,0
10-Dec-18 2:30:01 AM AST,0
10-Dec-18 2:45:01 AM AST,0
10-Dec-18 3:00:01 AM AST,0
10-Dec-18 3:15:01 AM AST,0
10-Dec-18 3:30:01 AM AST,0
10-Dec-18 3:45:01 AM AST,0
10-Dec-18 4:00:01 AM AST,0
10-Dec-18 4:15:01 AM AST,0
10-Dec-18 4:30:01 AM AST,0
10-Dec-18 4:45:02 AM AST,0
10-Dec-18 5:00:01 AM AST,0
10-Dec-18 5:15:01 AM AST,0
10-Dec-18 5:30:01 AM AST,0
10-Dec-18 5:45:01 AM AST,0
10-Dec-18 6:00:01 AM AST,0
10-Dec-18 6:15:01 AM AST,0
10-Dec-18 6:30:01 AM AST,0
10-Dec-18 6:45:02 AM AST,0
10-Dec-18 7:00:01 AM AST,0
10-Dec-18 7:15:01 AM AST,5
10-Dec-18 7:30:01 AM AST,39
10-Dec-18 7:45:01 AM AST,54
10-Dec-18 8:00:02 AM AST,83
10-Dec-18 8:15:01 AM AST,148
10-Dec-18 8:30:01 AM AST,134
10-Dec-18 8:45:01 AM AST,173
10-Dec-18 9:00:01 AM AST,208
10-Dec-18 9:15:02 AM AST,234
10-Dec-18 9:30:02 AM AST,272
10-Dec-18 9:45:02 AM AST,293
10-Dec-18 10:00:02 AM AST,329
10-Dec-18 10:15:01 AM AST,359
10-Dec-18 10:30:01 AM AST,366
10-Dec-18 10:45:01 AM AST,395
10-Dec-18 11:00:01 AM AST,413
10-Dec-18 11:15:02 AM AST,441
10-Dec-18 11:30:02 AM AST,493
10-Dec-18 11:45:02 AM AST,161
10-Dec-18 12:00:01 PM AST,421
10-Dec-18 12:15:01 PM AST,460
10-Dec-18 12:30:01 PM AST,491
10-Dec-18 12:45:01 PM AST,333
10-Dec-18 1:00:01 PM AST,431
10-Dec-18 1:15:01 PM AST,441
10-Dec-18 1:30:01 PM AST,426
10-Dec-18 1:45:01 PM AST,410
10-Dec-18 2:00:01 PM AST,392
10-Dec-18 2:15:00 PM AST,381
10-Dec-18 2:30:01 PM AST,356
10-Dec-18 2:45:01 PM AST,329
10-Dec-18 3:00:01 PM AST,307
10-Dec-18 3:15:01 PM AST,283
10-Dec-18 3:30:01 PM AST,258
10-Dec-18 3:45:01 PM AST,206
10-Dec-18 4:00:01 PM AST,170
10-Dec-18 4:15:01 PM AST,130
10-Dec-18 4:30:01 PM AST,67
10-Dec-18 4:45:01 PM AST,67
10-Dec-18 5:00:01 PM AST,33
10-Dec-18 5:15:02 PM AST,3
10-Dec-18 5:30:01 PM AST,0
10-Dec-18 5:45:01 PM AST,0
10-Dec-18 6:00:01 PM AST,0
10-Dec-18 6:15:01 PM AST,0
10-Dec-18 6:30:01 PM AST,0
10-Dec-18 6:45:00 PM AST,0
10-Dec-18 7:00:01 PM AST,0
10-Dec-18 7:15:01 PM AST,0
10-Dec-18 7:30:01 PM AST,0
10-Dec-18 7:45:01 PM AST,0
10-Dec-18 8:00:01 PM AST,0
10-Dec-18 8:15:01 PM AST,0
10-Dec-18 8:30:01 PM AST,0
10-Dec-18 8:45:00 PM AST,0
10-Dec-18 9:00:01 PM AST,0
10-Dec-18 9:15:00 PM AST,0
10-Dec-18 9:30:01 PM AST,0
10-Dec-18 9:45:01 PM AST,0
10-Dec-18 10:00:01 PM AST,0
10-Dec-18 10:15:00 PM AST,0
10-Dec-18 10:30:01 PM AST,0
10-Dec-18 10:45:00 PM AST,0
10-Dec-18 11:00:01 PM AST,0
10-Dec-18 11:15:00 PM AST,0
10-Dec-18 11:30:02 PM AST,0
10-Dec-18 11:45:00 PM AST,0
11-Dec-18 12:00:00 AM AST,0
11-Dec-18 12:15:01 AM AST,0
11-Dec-18 12:30:01 AM AST,0
11-Dec-18 12:45:01 AM AST,0
11-Dec-18 1:00:01 AM AST,0
11-Dec-18 1:15:01 AM AST,0
11-Dec-18 1:30:02 AM AST,0
11-Dec-18 1:45:00 AM AST,0
11-Dec-18 2:00:01 AM AST,0
11-Dec-18 2:15:01 AM AST,0
11-Dec-18 2:30:01 AM AST,0
11-Dec-18 2:45:02 AM AST,0
11-Dec-18 3:00:01 AM AST,0
11-Dec-18 3:15:01 AM AST,0
11-Dec-18 3:30:01 AM AST,0
11-Dec-18 3:45:02 AM AST,0
11-Dec-18 4:00:01 AM AST,0
11-Dec-18 4:15:01 AM AST,0
11-Dec-18 4:30:01 AM AST,0
11-Dec-18 4:45:01 AM AST,0
11-Dec-18 5:00:01 AM AST,0
11-Dec-18 5:15:01 AM AST,0
11-Dec-18 5:30:01 AM AST,0
11-Dec-18 5:45:02 AM AST,0
11-Dec-18 6:00:01 AM AST,0
11-Dec-18 6:15:01 AM AST,0
11-Dec-18 6:30:02 AM AST,0
11-Dec-18 6:45:01 AM AST,0
11-Dec-18 7:00:01 AM AST,0
11-Dec-18 7:15:01 AM AST,0
11-Dec-18 7:30:01 AM AST,25
11-Dec-18 7:45:01 AM AST,53
11-Dec-18 8:00:01 AM AST,76
11-Dec-18 8:15:02 AM AST,106
11-Dec-18 8:30:01 AM AST,127
11-Dec-18 8:45:01 AM AST,161
11-Dec-18 9:00:01 AM AST,198
11-Dec-18 9:15:02 AM AST,231
11-Dec-18 9:30:01 AM AST,270
11-Dec-18 9:45:01 AM AST,307
11-Dec-18 10:00:02 AM AST,342
11-Dec-18 10:15:01 AM AST,367
11-Dec-18 10:30:00 AM AST,369
11-Dec-18 10:45:01 AM AST,401
11-Dec-18 11:00:00 AM AST,406
11-Dec-18 11:15:02 AM AST,257
11-Dec-18 11:30:02 AM AST,349
11-Dec-18 11:45:01 AM AST,434
11-Dec-18 12:00:01 PM AST,444
11-Dec-18 12:15:01 PM AST,449
11-Dec-18 12:30:01 PM AST,448
11-Dec-18 12:45:01 PM AST,443
11-Dec-18 1:00:01 PM AST,434
11-Dec-18 1:15:01 PM AST,427
11-Dec-18 1:30:01 PM AST,419
11-Dec-18 1:45:00 PM AST,407
11-Dec-18 2:00:00 PM AST,390
11-Dec-18 2:15:01 PM AST,371
11-Dec-18 2:30:01 PM AST,349
11-Dec-18 2:45:01 PM AST,324
11-Dec-18 3:00:01 PM AST,292
11-Dec-18 3:15:01 PM AST,258
11-Dec-18 3:30:01 PM AST,236
11-Dec-18 3:45:02 PM AST,197
11-Dec-18 4:00:02 PM AST,169
11-Dec-18 4:15:02 PM AST,132
11-Dec-18 4:30:02 PM AST,96
11-Dec-18 4:45:01 PM AST,65
11-Dec-18 5:00:01 PM AST,35
11-Dec-18 5:15:01 PM AST,11
11-Dec-18 5:30:01 PM AST,0
11-Dec-18 5:45:01 PM AST,0
11-Dec-18 6:00:01 PM AST,0
11-Dec-18 6:15:02 PM AST,0
11-Dec-18 6:30:01 PM AST,0
11-Dec-18 6:45:01 PM AST,0
11-Dec-18 7:00:01 PM AST,0
11-Dec-18 7:15:01 PM AST,0
11-Dec-18 7:30:01 PM AST,0
11-Dec-18 7:45:01 PM AST,0
11-Dec-18 8:00:02 PM AST,0
11-Dec-18 8:15:01 PM AST,0
11-Dec-18 8:30:01 PM AST,0
11-Dec-18 8:45:02 PM AST,0
11-Dec-18 9:00:02 PM AST,0
11-Dec-18 9:15:02 PM AST,0
11-Dec-18 9:30:01 PM AST,0
11-Dec-18 9:45:01 PM AST,0
11-Dec-18 10:00:01 PM AST,0
11-Dec-18 10:15:01 PM AST,0
11-Dec-18 10:30:01 PM AST,0
11-Dec-18 10:45:01 PM AST,0
11-Dec-18 11:00:01 PM AST,0
11-Dec-18 11:15:01 PM AST,0
11-Dec-18 11:30:01 PM AST,0
11-Dec-18 11:45:02 PM AST,0
12-Dec-18 12:00:02 AM AST,0
12-Dec-18 12:15:02 AM AST,0
12-Dec-18 12:30:01 AM AST,0
12-Dec-18 12:45:01 AM AST,0
12-Dec-18 1:00:01 AM AST,0
12-Dec-18 1:15:01 AM AST,0
12-Dec-18 1:30:01 AM AST,0
12-Dec-18 1:45:01 AM AST,0
12-Dec-18 2:00:01 AM AST,0
12-Dec-18 2:15:01 AM AST,0
12-Dec-18 2:30:01 AM AST,0
12-Dec-18 2:45:02 AM AST,0
12-Dec-18 3:00:01 AM AST,0
12-Dec-18 3:15:01 AM AST,0
12-Dec-18 3:30:01 AM AST,0
12-Dec-18 3:45:01 AM AST,0
12-Dec-18 4:00:02 AM AST,0
12-Dec-18 4:15:01 AM AST,0
12-Dec-18 4:30:01 AM AST,0
12-Dec-18 4:45:02 AM AST,0
12-Dec-18 5:00:00 AM AST,0
12-Dec-18 5:15:01 AM AST,0
12-Dec-18 5:30:01 AM AST,0
12-Dec-18 5:45:02 AM AST,0
12-Dec-18 6:00:01 AM AST,0
12-Dec-18 6:15:01 AM AST,0
12-Dec-18 6:30:01 AM AST,0
12-Dec-18 6:45:02 AM AST,0
12-Dec-18 7:00:01 AM AST,2
12-Dec-18 7:15:01 AM AST,1
12-Dec-18 7:30:01 AM AST,22
12-Dec-18 7:45:01 AM AST,63
12-Dec-18 8:00:02 AM AST,90
12-Dec-18 8:15:01 AM AST,75
12-Dec-18 8:30:01 AM AST,101
12-Dec-18 8:45:01 AM AST,99
12-Dec-18 9:00:01 AM AST,92
12-Dec-18 9:15:01 AM AST,100
12-Dec-18 9:30:01 AM AST,113
12-Dec-18 9:45:01 AM AST,254
12-Dec-18 10:00:02 AM AST,225
12-Dec-18 10:15:01 AM AST,176
12-Dec-18 10:30:01 AM AST,180
12-Dec-18 10:45:01 AM AST,303
12-Dec-18 11:00:01 AM AST,187
12-Dec-18 11:15:02 AM AST,233
12-Dec-18 11:30:01 AM AST,463
12-Dec-18 11:45:01 AM AST,320
12-Dec-18 12:00:02 PM AST,478
12-Dec-18 12:15:02 PM AST,426
12-Dec-18 12:30:01 PM AST,448
12-Dec-18 12:45:01 PM AST,442
12-Dec-18 1:00:01 PM AST,430
12-Dec-18 1:15:01 PM AST,446
12-Dec-18 1:30:01 PM AST,381
12-Dec-18 1:45:02 PM AST,294
12-Dec-18 2:00:01 PM AST,494
12-Dec-18 2:15:01 PM AST,353
12-Dec-18 2:30:01 PM AST,291
12-Dec-18 2:45:01 PM AST,287
12-Dec-18 3:00:02 PM AST,103
12-Dec-18 3:15:02 PM AST,186
12-Dec-18 3:30:02 PM AST,65
12-Dec-18 3:45:01 PM AST,87
12-Dec-18 4:00:01 PM AST,110
12-Dec-18 4:15:01 PM AST,55
12-Dec-18 4:30:01 PM AST,29
12-Dec-18 4:45:02 PM AST,18
12-Dec-18 5:00:01 PM AST,6
12-Dec-18 5:15:01 PM AST,2
12-Dec-18 5:30:01 PM AST,2
12-Dec-18 5:45:02 PM AST,1
12-Dec-18 6:00:02 PM AST,0
12-Dec-18 6:15:01 PM AST,0
12-Dec-18 6:30:02 PM AST,0
12-Dec-18 6:45:01 PM AST,0
12-Dec-18 7:00:02 PM AST,0
12-Dec-18 7:15:02 PM AST,0
12-Dec-18 7:30:02 PM AST,0
12-Dec-18 7:45:01 PM AST,0
12-Dec-18 8:00:01 PM AST,0
12-Dec-18 8:15:01 PM AST,0
12-Dec-18 8:30:01 PM AST,0
12-Dec-18 8:45:01 PM AST,0
12-Dec-18 9:00:00 PM AST,0
12-Dec-18 9:15:01 PM AST,0
12-Dec-18 9:30:02 PM AST,0
12-Dec-18 9:45:01 PM AST,0
12-Dec-18 10:00:00 PM AST,0
12-Dec-18 10:15:01 PM AST,0
12-Dec-18 10:30:01 PM AST,0
12-Dec-18 10:45:01 PM AST,0
12-Dec-18 11:00:01 PM AST,0
12-Dec-18 11:15:01 PM AST,0
12-Dec-18 11:30:01 PM AST,0
12-Dec-18 11:45:01 PM AST,0
13-Dec-18 12:00:02 AM AST,0
13-Dec-18 12:15:01 AM AST,0
13-Dec-18 12:30:01 AM AST,0
13-Dec-18 12:45:01 AM AST,0
13-Dec-18 1:00:01 AM AST,0
13-Dec-18 1:15:01 AM AST,0
13-Dec-18 1:30:01 AM AST,0
13-Dec-18 1:45:01 AM AST,0
13-Dec-18 2:00:02 AM AST,0
13-Dec-18 2:15:01 AM AST,0
13-Dec-18 2:30:01 AM AST,0
13-Dec-18 2:45:01 AM AST,0
13-Dec-18 3:00:02 AM AST,0
13-Dec-18 3:15:01 AM AST,0
13-Dec-18 3:30:01 AM AST,0
13-Dec-18 3:45:02 AM AST,0
13-Dec-18 4:00:01 AM AST,0
13-Dec-18 4:15:01 AM AST,0
13-Dec-18 4:30:01 AM AST,0
13-Dec-18 4:45:01 AM AST,0
13-Dec-18 5:00:01 AM AST,0
13-Dec-18 5:15:02 AM AST,0
13-Dec-18 5:30:01 AM AST,0
13-Dec-18 5:45:02 AM AST,0
13-Dec-18 6:00:01 AM AST,0
13-Dec-18 6:15:01 AM AST,0
13-Dec-18 6:30:01 AM AST,0
13-Dec-18 6:45:01 AM AST,0
13-Dec-18 7:00:02 AM AST,0
13-Dec-18 7:15:03 AM AST,9
13-Dec-18 7:30:01 AM AST,25
13-Dec-18 7:45:01 AM AST,51
13-Dec-18 8:00:02 AM AST,71
13-Dec-18 8:15:01 AM AST,95
13-Dec-18 8:30:01 AM AST,121
13-Dec-18 8:45:01 AM AST,149
13-Dec-18 9:00:01 AM AST,134
13-Dec-18 9:15:01 AM AST,121
13-Dec-18 9:30:02 AM AST,248
13-Dec-18 9:45:01 AM AST,287
13-Dec-18 10:00:01 AM AST,315
13-Dec-18 10:15:01 AM AST,350
13-Dec-18 10:30:01 AM AST,368
13-Dec-18 10:45:01 AM AST,374
13-Dec-18 11:00:01 AM AST,392
13-Dec-18 11:15:02 AM AST,399
13-Dec-18 11:30:01 AM AST,417
13-Dec-18 11:45:01 AM AST,425
13-Dec-18 12:00:01 PM AST,430
13-Dec-18 12:15:01 PM AST,440
13-Dec-18 12:30:02 PM AST,437
13-Dec-18 12:45:02 PM AST,145
13-Dec-18 1:00:02 PM AST,310
13-Dec-18 1:15:02 PM AST,421
13-Dec-18 1:30:03 PM AST,415
13-Dec-18 1:45:01 PM AST,411
13-Dec-18 2:00:01 PM AST,393
13-Dec-18 2:15:02 PM AST,367
13-Dec-18 2:30:01 PM AST,347
13-Dec-18 2:45:01 PM AST,323
13-Dec-18 3:00:02 PM AST,292
13-Dec-18 3:15:01 PM AST,262
13-Dec-18 3:30:01 PM AST,235
13-Dec-18 3:45:01 PM AST,196
13-Dec-18 4:00:00 PM AST,165
13-Dec-18 4:15:01 PM AST,132
13-Dec-18 4:30:01 PM AST,101
13-Dec-18 4:45:02 PM AST,67
13-Dec-18 5:00:00 PM AST,37
13-Dec-18 5:15:01 PM AST,14
13-Dec-18 5:30:02 PM AST,0
13-Dec-18 5:45:01 PM AST,0
13-Dec-18 6:00:00 PM AST,0
13-Dec-18 6:15:01 PM AST,0
13-Dec-18 6:30:01 PM AST,0
13-Dec-18 6:45:01 PM AST,0
13-Dec-18 7:00:01 PM AST,0
13-Dec-18 7:15:02 PM AST,0
13-Dec-18 7:30:01 PM AST,0
13-Dec-18 7:45:01 PM AST,0
13-Dec-18 8:00:02 PM AST,0
13-Dec-18 8:15:02 PM AST,0
13-Dec-18 8:30:02 PM AST,0
13-Dec-18 8:45:01 PM AST,0
13-Dec-18 9:00:01 PM AST,0
13-Dec-18 9:15:02 PM AST,0
13-Dec-18 9:30:01 PM AST,0
13-Dec-18 9:45:01 PM AST,0
13-Dec-18 10:00:01 PM AST,0
13-Dec-18 10:15:02 PM AST,0
13-Dec-18 10:30:01 PM AST,0
13-Dec-18 10:45:01 PM AST,0
13-Dec-18 11:00:01 PM AST,0
13-Dec-18 11:15:01 PM AST,0
13-Dec-18 11:30:01 PM AST,0
13-Dec-18 11:45:01 PM AST,0
14-Dec-18 12:00:02 AM AST,0
14-Dec-18 12:15:01 AM AST,0
14-Dec-18 12:30:01 AM AST,0
14-Dec-18 12:45:02 AM AST,0
14-Dec-18 1:00:01 AM AST,0
14-Dec-18 1:15:01 AM AST,0
14-Dec-18 1:30:01 AM AST,0
14-Dec-18 1:45:02 AM AST,0
14-Dec-18 2:00:01 AM AST,0
14-Dec-18 2:15:01 AM AST,0
14-Dec-18 2:30:01 AM AST,0
14-Dec-18 2:45:01 AM AST,0
14-Dec-18 3:00:02 AM AST,0
14-Dec-18 3:15:01 AM AST,0
14-Dec-18 3:30:01 AM AST,0
14-Dec-18 3:45:01 AM AST,0
14-Dec-18 4:00:01 AM AST,0
14-Dec-18 4:15:01 AM AST,0
14-Dec-18 4:30:01 AM AST,0
14-Dec-18 4:45:01 AM AST,0
14-Dec-18 5:00:01 AM AST,0
14-Dec-18 5:15:01 AM AST,0
14-Dec-18 5:30:01 AM AST,0
14-Dec-18 5:45:01 AM AST,0
14-Dec-18 6:00:01 AM AST,0
14-Dec-18 6:15:01 AM AST,0
14-Dec-18 6:30:01 AM AST,0
14-Dec-18 6:45:01 AM AST,0
14-Dec-18 7:00:01 AM AST,1
14-Dec-18 7:15:01 AM AST,1
14-Dec-18 7:30:01 AM AST,20
14-Dec-18 7:45:01 AM AST,56
14-Dec-18 8:00:01 AM AST,69
14-Dec-18 8:15:01 AM AST,79
14-Dec-18 8:30:01 AM AST,136
14-Dec-18 8:45:02 AM AST,167
14-Dec-18 9:00:00 AM AST,111
14-Dec-18 9:15:01 AM AST,197
14-Dec-18 9:30:01 AM AST,142
14-Dec-18 9:45:01 AM AST,220
14-Dec-18 10:00:00 AM AST,181
14-Dec-18 10:15:01 AM AST,291
14-Dec-18 10:30:01 AM AST,186
14-Dec-18 10:45:01 AM AST,430
14-Dec-18 11:00:02 AM AST,273
14-Dec-18 11:15:01 AM AST,329
14-Dec-18 11:30:01 AM AST,211
14-Dec-18 11:45:01 AM AST,257
14-Dec-18 12:00:01 PM AST,442
14-Dec-18 12:15:02 PM AST,418
14-Dec-18 12:30:02 PM AST,195
14-Dec-18 12:45:01 PM AST,419
14-Dec-18 1:00:01 PM AST,291
14-Dec-18 1:15:01 PM AST,422
14-Dec-18 1:30:01 PM AST,304
14-Dec-18 1:45:02 PM AST,323
14-Dec-18 2:00:01 PM AST,326
14-Dec-18 2:15:01 PM AST,367
14-Dec-18 2:30:02 PM AST,308
14-Dec-18 2:45:01 PM AST,321
14-Dec-18 3:00:02 PM AST,189
14-Dec-18 3:15:02 PM AST,253
14-Dec-18 3:30:02 PM AST,244
14-Dec-18 3:45:01 PM AST,231
14-Dec-18 4:00:01 PM AST,170
14-Dec-18 4:15:02 PM AST,86
14-Dec-18 4:30:01 PM AST,57
14-Dec-18 4:45:01 PM AST,35
14-Dec-18 5:00:02 PM AST,14
14-Dec-18 5:15:01 PM AST,4
14-Dec-18 5:30:01 PM AST,0
14-Dec-18 5:45:01 PM AST,0
14-Dec-18 6:00:01 PM AST,0
14-Dec-18 6:15:01 PM AST,0
14-Dec-18 6:30:02 PM AST,0
14-Dec-18 6:45:02 PM AST,0
14-Dec-18 7:00:01 PM AST,0
14-Dec-18 7:15:01 PM AST,0
14-Dec-18 7:30:01 PM AST,0
14-Dec-18 7:45:01 PM AST,0
14-Dec-18 8:00:01 PM AST,0
14-Dec-18 8:15:01 PM AST,0
14-Dec-18 8:30:01 PM AST,0
14-Dec-18 8:45:02 PM AST,0
14-Dec-18 9:00:01 PM AST,0
14-Dec-18 9:15:02 PM AST,0
14-Dec-18 9:30:01 PM AST,0
14-Dec-18 9:45:01 PM AST,0
14-Dec-18 10:00:01 PM AST,0
14-Dec-18 10:15:01 PM AST,0
14-Dec-18 10:30:02 PM AST,0
14-Dec-18 10:45:01 PM AST,0
14-Dec-18 11:00:02 PM AST,0
14-Dec-18 11:15:01 PM AST,0
14-Dec-18 11:30:01 PM AST,0
14-Dec-18 11:45:02 PM AST,0
15-Dec-18 12:00:01 AM AST,0
15-Dec-18 12:15:01 AM AST,0
15-Dec-18 12:30:01 AM AST,0
15-Dec-18 12:45:01 AM AST,0
15-Dec-18 1:00:01 AM AST,0
15-Dec-18 1:15:01 AM AST,0
15-Dec-18 1:30:01 AM AST,0
15-Dec-18 1:45:01 AM AST,0
15-Dec-18 2:00:00 AM AST,0
15-Dec-18 2:15:01 AM AST,0
15-Dec-18 2:30:01 AM AST,0
15-Dec-18 2:45:01 AM AST,0
15-Dec-18 3:00:00 AM AST,0
15-Dec-18 3:15:01 AM AST,0
15-Dec-18 3:30:01 AM AST,0
15-Dec-18 3:45:01 AM AST,0
15-Dec-18 4:00:01 AM AST,0
15-Dec-18 4:15:01 AM AST,0
15-Dec-18 4:30:01 AM AST,0
15-Dec-18 4:45:02 AM AST,0
15-Dec-18 5:00:01 AM AST,0
15-Dec-18 5:15:02 AM AST,0
15-Dec-18 5:30:01 AM AST,0
15-Dec-18 5:45:01 AM AST,0
15-Dec-18 6:00:02 AM AST,0
15-Dec-18 6:15:01 AM AST,0
15-Dec-18 6:30:01 AM AST,0
15-Dec-18 6:45:01 AM AST,0
15-Dec-18 7:00:01 AM AST,0
15-Dec-18 7:15:01 AM AST,0
15-Dec-18 7:30:01 AM AST,20
15-Dec-18 7:45:02 AM AST,46
15-Dec-18 8:00:01 AM AST,60
15-Dec-18 8:15:01 AM AST,81
15-Dec-18 8:30:01 AM AST,112
15-Dec-18 8:45:01 AM AST,140
15-Dec-18 9:00:01 AM AST,173
15-Dec-18 9:15:01 AM AST,201
15-Dec-18 9:30:01 AM AST,233
15-Dec-18 9:45:01 AM AST,265
15-Dec-18 10:00:01 AM AST,294
15-Dec-18 10:15:01 AM AST,315
15-Dec-18 10:30:01 AM AST,333
15-Dec-18 10:45:01 AM AST,344
15-Dec-18 11:00:01 AM AST,362
15-Dec-18 11:15:01 AM AST,379
15-Dec-18 11:30:01 AM AST,384
15-Dec-18 11:45:01 AM AST,402
15-Dec-18 12:00:01 PM AST,404
15-Dec-18 12:15:01 PM AST,409
15-Dec-18 12:30:02 PM AST,408
15-Dec-18 12:45:02 PM AST,405
15-Dec-18 1:00:01 PM AST,398
15-Dec-18 1:15:01 PM AST,390
15-Dec-18 1:30:01 PM AST,383
15-Dec-18 1:45:01 PM AST,363
15-Dec-18 2:00:01 PM AST,350
15-Dec-18 2:15:01 PM AST,335
15-Dec-18 2:30:02 PM AST,311
15-Dec-18 2:45:01 PM AST,289
15-Dec-18 3:00:01 PM AST,259
15-Dec-18 3:15:01 PM AST,229
15-Dec-18 3:30:01 PM AST,203
15-Dec-18 3:45:01 PM AST,179
15-Dec-18 4:00:01 PM AST,148
15-Dec-18 4:15:01 PM AST,120
15-Dec-18 4:30:01 PM AST,88
15-Dec-18 4:45:01 PM AST,60
15-Dec-18 5:00:02 PM AST,35
15-Dec-18 5:15:01 PM AST,10
15-Dec-18 5:30:01 PM AST,0
15-Dec-18 5:45:01 PM AST,0
15-Dec-18 6:00:00 PM AST,0
15-Dec-18 6:15:01 PM AST,0
15-Dec-18 6:30:01 PM AST,0
15-Dec-18 6:45:01 PM AST,0
15-Dec-18 7:00:00 PM AST,0
15-Dec-18 7:15:01 PM AST,0
15-Dec-18 7:30:01 PM AST,0
15-Dec-18 7:45:01 PM AST,0
15-Dec-18 8:00:00 PM AST,0
15-Dec-18 8:15:01 PM AST,0
15-Dec-18 8:30:01 PM AST,0
15-Dec-18 8:45:01 PM AST,0
15-Dec-18 9:00:00 PM AST,0
15-Dec-18 9:15:01 PM AST,0
15-Dec-18 9:30:02 PM AST,0
15-Dec-18 9:45:01 PM AST,0
15-Dec-18 10:00:02 PM AST,0
15-Dec-18 10:15:01 PM AST,0
15-Dec-18 10:30:01 PM AST,0
15-Dec-18 10:45:01 PM AST,0
15-Dec-18 11:00:01 PM AST,0
15-Dec-18 11:15:01 PM AST,0
15-Dec-18 11:30:02 PM AST,0
15-Dec-18 11:45:01 PM AST,0
16-Dec-18 12:00:01 AM AST,0
16-Dec-18 12:15:01 AM AST,0
16-Dec-18 12:30:01 AM AST,0
16-Dec-18 12:45:01 AM AST,0
16-Dec-18 1:00:01 AM AST,0
16-Dec-18 1:15:01 AM AST,0
16-Dec-18 1:30:01 AM AST,0
16-Dec-18 1:45:02 AM AST,0
16-Dec-18 2:00:01 AM AST,0
16-Dec-18 2:15:01 AM AST,0
16-Dec-18 2:30:01 AM AST,0
16-Dec-18 2:45:01 AM AST,0
16-Dec-18 3:00:01 AM AST,0
16-Dec-18 3:15:01 AM AST,0
16-Dec-18 3:30:01 AM AST,0
16-Dec-18 3:45:01 AM AST,0
16-Dec-18 4:00:01 AM AST,0
16-Dec-18 4:15:02 AM AST,0
16-Dec-18 4:30:01 AM AST,0
16-Dec-18 4:45:01 AM AST,0
16-Dec-18 5:00:02 AM AST,0
16-Dec-18 5:15:02 AM AST,0
16-Dec-18 5:30:01 AM AST,0
16-Dec-18 5:45:01 AM AST,0
16-Dec-18 6:00:01 AM AST,0
16-Dec-18 6:15:01 AM AST,0
16-Dec-18 6:30:01 AM AST,0
16-Dec-18 6:45:02 AM AST,0
16-Dec-18 7:00:02 AM AST,1
16-Dec-18 7:15:01 AM AST,2
16-Dec-18 7:30:01 AM AST,18
16-Dec-18 7:45:01 AM AST,45
16-Dec-18 8:00:01 AM AST,68
16-Dec-18 8:15:01 AM AST,94
16-Dec-18 8:30:01 AM AST,87
16-Dec-18 8:45:01 AM AST,108.5
16-Dec-18 9:00:01 AM AST,108.5
16-Dec-18 9:15:01 AM AST,108.5
16-Dec-18 9:30:01 AM AST,108.5
16-Dec-18 9:45:01 AM AST,108.5
16-Dec-18 10:00:01 AM AST,108.5
16-Dec-18 10:15:01 AM AST,108.5
16-Dec-18 10:30:02 AM AST,43
16-Dec-18 10:45:01 AM AST,340
16-Dec-18 11:00:01 AM AST,360
16-Dec-18 11:15:01 AM AST,374
16-Dec-18 11:30:01 AM AST,384
16-Dec-18 11:45:01 AM AST,397
16-Dec-18 12:00:00 PM AST,406
16-Dec-18 12:15:01 PM AST,407
16-Dec-18 12:30:01 PM AST,406
16-Dec-18 12:45:01 PM AST,401
16-Dec-18 1:00:00 PM AST,398
16-Dec-18 1:15:01 PM AST,387
16-Dec-18 1:30:01 PM AST,380
16-Dec-18 1:45:01 PM AST,363
16-Dec-18 2:00:00 PM AST,343
16-Dec-18 2:15:01 PM AST,327
16-Dec-18 2:30:02 PM AST,312
16-Dec-18 2:45:01 PM AST,288
16-Dec-18 3:00:01 PM AST,271
16-Dec-18 3:15:01 PM AST,242
16-Dec-18 3:30:01 PM AST,219
16-Dec-18 3:45:01 PM AST,183
16-Dec-18 4:00:01 PM AST,144
16-Dec-18 4:15:01 PM AST,74
16-Dec-18 4:30:01 PM AST,75
16-Dec-18 4:45:01 PM AST,67
16-Dec-18 5:00:01 PM AST,42
16-Dec-18 5:15:01 PM AST,13
16-Dec-18 5:30:02 PM AST,0
16-Dec-18 5:45:01 PM AST,1
16-Dec-18 6:00:02 PM AST,0
16-Dec-18 6:15:02 PM AST,0
16-Dec-18 6:30:01 PM AST,0
16-Dec-18 6:45:01 PM AST,0
16-Dec-18 7:00:01 PM AST,0
16-Dec-18 7:15:01 PM AST,0
16-Dec-18 7:30:01 PM AST,0
16-Dec-18 7:45:01 PM AST,0
16-Dec-18 8:00:01 PM AST,0
16-Dec-18 8:15:02 PM AST,0
16-Dec-18 8:30:01 PM AST,0
16-Dec-18 8:45:01 PM AST,0
16-Dec-18 9:00:02 PM AST,0
16-Dec-18 9:15:02 PM AST,0
16-Dec-18 9:30:01 PM AST,0
16-Dec-18 9:45:01 PM AST,0
16-Dec-18 10:00:01 PM AST,0
16-Dec-18 10:15:01 PM AST,0
16-Dec-18 10:30:01 PM AST,0
16-Dec-18 10:45:01 PM AST,0
16-Dec-18 11:00:01 PM AST,0
16-Dec-18 11:15:02 PM AST,0
16-Dec-18 11:30:01 PM AST,0
16-Dec-18 11:45:01 PM AST,0
17-Dec-18 12:00:01 AM AST,0
17-Dec-18 12:15:01 AM AST,0
17-Dec-18 12:30:01 AM AST,0
17-Dec-18 12:45:01 AM AST,0
17-Dec-18 1:00:01 AM AST,0
17-Dec-18 1:15:01 AM AST,0
17-Dec-18 1:30:01 AM AST,0
17-Dec-18 1:45:01 AM AST,0
17-Dec-18 2:00:01 AM AST,0
17-Dec-18 2:15:00 AM AST,0
17-Dec-18 2:30:02 AM AST,0
17-Dec-18 2:45:01 AM AST,0
17-Dec-18 3:00:01 AM AST,0
17-Dec-18 3:15:02 AM AST,0
17-Dec-18 3:30:01 AM AST,0
17-Dec-18 3:45:01 AM AST,0
17-Dec-18 4:00:01 AM AST,0
17-Dec-18 4:15:01 AM AST,0
17-Dec-18 4:30:01 AM AST,0
17-Dec-18 4:45:01 AM AST,0
17-Dec-18 5:00:01 AM AST,0
17-Dec-18 5:15:02 AM AST,0
17-Dec-18 5:30:01 AM AST,0
17-Dec-18 5:45:02 AM AST,0
17-Dec-18 6:00:00 AM AST,0
17-Dec-18 6:15:01 AM AST,0
17-Dec-18 6:30:01 AM AST,0
17-Dec-18 6:45:01 AM AST,0
17-Dec-18 7:00:00 AM AST,0
17-Dec-18 7:15:01 AM AST,3
17-Dec-18 7:30:01 AM AST,22
17-Dec-18 7:45:01 AM AST,48
17-Dec-18 8:00:00 AM AST,64
17-Dec-18 8:15:01 AM AST,94
17-Dec-18 8:30:02 AM AST,114
17-Dec-18 8:45:01 AM AST,137
17-Dec-18 9:00:01 AM AST,171
17-Dec-18 9:15:01 AM AST,202
17-Dec-18 9:30:01 AM AST,233
17-Dec-18 9:45:01 AM AST,264
17-Dec-18 10:00:01 AM AST,293
17-Dec-18 10:15:01 AM AST,319
17-Dec-18 10:30:02 AM AST,328
17-Dec-18 10:45:01 AM AST,345
17-Dec-18 11:00:01 AM AST,355
17-Dec-18 11:15:02 AM AST,372
17-Dec-18 11:30:01 AM AST,378
17-Dec-18 11:45:01 AM AST,395
17-Dec-18 12:00:01 PM AST,400
17-Dec-18 12:15:01 PM AST,402
17-Dec-18 12:30:01 PM AST,404
17-Dec-18 12:45:01 PM AST,402
17-Dec-18 1:00:01 PM AST,399
17-Dec-18 1:15:01 PM AST,393
17-Dec-18 1:30:01 PM AST,376
17-Dec-18 1:45:02 PM AST,372
17-Dec-18 2:00:01 PM AST,356
17-Dec-18 2:15:00 PM AST,331
17-Dec-18 2:30:00 PM AST,316
17-Dec-18 2:45:01 PM AST,290
17-Dec-18 3:00:01 PM AST,258
17-Dec-18 3:15:02 PM AST,228
17-Dec-18 3:30:01 PM AST,197
17-Dec-18 3:45:01 PM AST,172
17-Dec-18 4:00:01 PM AST,142
17-Dec-18 4:15:01 PM AST,113
17-Dec-18 4:30:02 PM AST,83
17-Dec-18 4:45:02 PM AST,67
17-Dec-18 5:00:01 PM AST,47
17-Dec-18 5:15:01 PM AST,20
17-Dec-18 5:30:02 PM AST,0
17-Dec-18 5:45:01 PM AST,0
17-Dec-18 6:00:01 PM AST,0
17-Dec-18 6:15:01 PM AST,0
17-Dec-18 6:30:01 PM AST,0
17-Dec-18 6:45:01 PM AST,0
17-Dec-18 7:00:01 PM AST,0
17-Dec-18 7:15:01 PM AST,0
17-Dec-18 7:30:01 PM AST,0
17-Dec-18 7:45:00 PM AST,0
17-Dec-18 8:00:00 PM AST,0
17-Dec-18 8:15:02 PM AST,0
17-Dec-18 8:30:01 PM AST,0
17-Dec-18 8:45:01 PM AST,0
17-Dec-18 9:00:00 PM AST,0
17-Dec-18 9:15:01 PM AST,0
17-Dec-18 9:30:01 PM AST,0
17-Dec-18 9:45:01 PM AST,0
17-Dec-18 10:00:00 PM AST,0
17-Dec-18 10:15:01 PM AST,0
17-Dec-18 10:30:01 PM AST,0
17-Dec-18 10:45:01 PM AST,0
17-Dec-18 11:00:00 PM AST,0
17-Dec-18 11:15:01 PM AST,0
17-Dec-18 11:30:01 PM AST,0
17-Dec-18 11:45:02 PM AST,0
18-Dec-18 12:00:01 AM AST,0
18-Dec-18 12:15:01 AM AST,0
18-Dec-18 12:30:01 AM AST,0
18-Dec-18 12:45:01 AM AST,0
18-Dec-18 1:00:02 AM AST,0
18-Dec-18 1:15:01 AM AST,0
18-Dec-18 1:30:02 AM AST,0
18-Dec-18 1:45:01 AM AST,0
18-Dec-18 2:00:01 AM AST,0
18-Dec-18 2:15:01 AM AST,0
18-Dec-18 2:30:01 AM AST,0
18-Dec-18 2:45:01 AM AST,0
18-Dec-18 3:00:01 AM AST,0
18-Dec-18 3:15:01 AM AST,0
18-Dec-18 3:30:01 AM AST,0
18-Dec-18 3:45:01 AM AST,0
18-Dec-18 4:00:03 AM AST,0
18-Dec-18 4:15:03 AM AST,0
18-Dec-18 4:30:01 AM AST,0
18-Dec-18 4:45:01 AM AST,0
18-Dec-18 5:00:01 AM AST,0
18-Dec-18 5:15:01 AM AST,0
18-Dec-18 5:30:01 AM AST,0
18-Dec-18 5:45:01 AM AST,0
18-Dec-18 6:00:01 AM AST,0
18-Dec-18 6:15:01 AM AST,0
18-Dec-18 6:30:01 AM AST,0
18-Dec-18 6:45:01 AM AST,0
18-Dec-18 7:00:01 AM AST,0
18-Dec-18 7:15:01 AM AST,1
18-Dec-18 7:30:01 AM AST,15
18-Dec-18 7:45:02 AM AST,36
18-Dec-18 8:00:01 AM AST,60
18-Dec-18 8:15:01 AM AST,88
18-Dec-18 8:30:01 AM AST,116
18-Dec-18 8:45:01 AM AST,148
18-Dec-18 9:00:01 AM AST,182
18-Dec-18 9:15:01 AM AST,210
18-Dec-18 9:30:01 AM AST,240
18-Dec-18 9:45:01 AM AST,262
18-Dec-18 10:00:02 AM AST,302
18-Dec-18 10:15:02 AM AST,326
18-Dec-18 10:30:02 AM AST,353
18-Dec-18 10:45:01 AM AST,362
18-Dec-18 11:00:01 AM AST,381
18-Dec-18 11:15:01 AM AST,394
18-Dec-18 11:30:00 AM AST,408
18-Dec-18 11:45:00 AM AST,418
18-Dec-18 12:00:02 PM AST,424
18-Dec-18 12:15:00 PM AST,423
18-Dec-18 12:30:01 PM AST,425
18-Dec-18 12:45:01 PM AST,426
18-Dec-18 1:00:00 PM AST,423
18-Dec-18 1:15:01 PM AST,412
18-Dec-18 1:30:00 PM AST,397
18-Dec-18 1:45:01 PM AST,378
18-Dec-18 2:00:01 PM AST,370
18-Dec-18 2:15:01 PM AST,338
18-Dec-18 2:30:01 PM AST,337
18-Dec-18 2:45:00 PM AST,312
18-Dec-18 3:00:00 PM AST,290
18-Dec-18 3:15:01 PM AST,242
18-Dec-18 3:30:00 PM AST,236
18-Dec-18 3:45:00 PM AST,173
18-Dec-18 4:00:01 PM AST,161
18-Dec-18 4:15:00 PM AST,116
18-Dec-18 4:30:01 PM AST,86
18-Dec-18 4:45:00 PM AST,45
18-Dec-18 5:00:01 PM AST,26
18-Dec-18 5:15:00 PM AST,12
18-Dec-18 5:30:00 PM AST,2
18-Dec-18 5:45:00 PM AST,0
18-Dec-18 6:00:00 PM AST,0
18-Dec-18 6:15:02 PM AST,0
18-Dec-18 6:30:01 PM AST,0
18-Dec-18 6:45:00 PM AST,0
18-Dec-18 7:00:01 PM AST,0
18-Dec-18 7:15:00 PM AST,0
18-Dec-18 7:30:00 PM AST,0
18-Dec-18 7:45:00 PM AST,0
18-Dec-18 8:00:01 PM AST,0
18-Dec-18 8:15:00 PM AST,0
18-Dec-18 8:30:00 PM AST,0
18-Dec-18 8:45:00 PM AST,0
18-Dec-18 9:00:00 PM AST,0
18-Dec-18 9:15:00 PM AST,0
18-Dec-18 9:30:00 PM AST,0
18-Dec-18 9:45:00 PM AST,0
18-Dec-18 10:00:00 PM AST,0
18-Dec-18 10:15:01 PM AST,0
18-Dec-18 10:30:01 PM AST,0
18-Dec-18 10:45:01 PM AST,0
18-Dec-18 11:00:00 PM AST,0
18-Dec-18 11:15:01 PM AST,0
18-Dec-18 11:30:00 PM AST,0
18-Dec-18 11:45:01 PM AST,0
19-Dec-18 12:00:00 AM AST,0
19-Dec-18 12:15:00 AM AST,0
19-Dec-18 12:30:01 AM AST,0
19-Dec-18 12:45:01 AM AST,0
19-Dec-18 1:00:02 AM AST,0
19-Dec-18 1:15:00 AM AST,0
19-Dec-18 1:30:01 AM AST,0
19-Dec-18 1:45:00 AM AST,0
19-Dec-18 2:00:02 AM AST,0
19-Dec-18 2:15:01 AM AST,0
19-Dec-18 2:30:00 AM AST,0
19-Dec-18 2:45:00 AM AST,0
19-Dec-18 3:00:01 AM AST,0
19-Dec-18 3:15:01 AM AST,0
19-Dec-18 3:30:00 AM AST,0
19-Dec-18 3:45:00 AM AST,0
19-Dec-18 4:00:00 AM AST,0
19-Dec-18 4:15:00 AM AST,0
19-Dec-18 4:30:00 AM AST,0
19-Dec-18 4:45:00 AM AST,0
19-Dec-18 5:00:01 AM AST,0
19-Dec-18 5:15:01 AM AST,0
19-Dec-18 5:30:00 AM AST,0
19-Dec-18 5:45:00 AM AST,0
19-Dec-18 6:00:00 AM AST,0
19-Dec-18 6:15:01 AM AST,0
19-Dec-18 6:30:01 AM AST,0
19-Dec-18 6:45:01 AM AST,0
19-Dec-18 7:00:00 AM AST,0
19-Dec-18 7:15:00 AM AST,0
19-Dec-18 7:30:01 AM AST,21
19-Dec-18 7:45:00 AM AST,46
19-Dec-18 8:00:00 AM AST,61
19-Dec-18 8:15:01 AM AST,66
19-Dec-18 8:30:00 AM AST,91
19-Dec-18 8:45:00 AM AST,164
19-Dec-18 9:00:01 AM AST,204
19-Dec-18 9:15:00 AM AST,214
19-Dec-18 9:30:01 AM AST,133
19-Dec-18 9:45:00 AM AST,265
19-Dec-18 10:00:00 AM AST,317
19-Dec-18 10:15:01 AM AST,269
19-Dec-18 10:30:01 AM AST,302
19-Dec-18 10:45:00 AM AST,343
19-Dec-18 11:00:01 AM AST,124
19-Dec-18 11:15:00 AM AST,403
19-Dec-18 11:30:00 AM AST,390
19-Dec-18 11:45:00 AM AST,452
19-Dec-18 12:00:00 PM AST,357
19-Dec-18 12:15:01 PM AST,404
19-Dec-18 12:30:00 PM AST,441
19-Dec-18 12:45:01 PM AST,435
19-Dec-18 1:00:00 PM AST,400
19-Dec-18 1:15:00 PM AST,405
19-Dec-18 1:30:00 PM AST,406
19-Dec-18 1:45:01 PM AST,420
19-Dec-18 2:00:00 PM AST,423
19-Dec-18 2:15:00 PM AST,343
19-Dec-18 2:30:00 PM AST,121
19-Dec-18 2:45:00 PM AST,295
19-Dec-18 3:00:00 PM AST,276
19-Dec-18 3:15:00 PM AST,272
19-Dec-18 3:30:00 PM AST,218
19-Dec-18 3:45:00 PM AST,207
19-Dec-18 4:00:00 PM AST,114
19-Dec-18 4:15:00 PM AST,112
19-Dec-18 4:30:00 PM AST,118
19-Dec-18 4:45:00 PM AST,63
19-Dec-18 5:00:00 PM AST,22
19-Dec-18 5:15:01 PM AST,13
19-Dec-18 5:30:00 PM AST,1
19-Dec-18 5:45:01 PM AST,3
19-Dec-18 6:00:00 PM AST,0
19-Dec-18 6:15:01 PM AST,0
19-Dec-18 6:30:00 PM AST,0
19-Dec-18 6:45:01 PM AST,0
19-Dec-18 7:00:00 PM AST,0
19-Dec-18 7:15:00 PM AST,0
19-Dec-18 7:30:00 PM AST,0
19-Dec-18 7:45:01 PM AST,0
19-Dec-18 8:00:01 PM AST,0
19-Dec-18 8:15:00 PM AST,0
19-Dec-18 8:30:00 PM AST,0
19-Dec-18 8:45:00 PM AST,0
19-Dec-18 9:00:00 PM AST,0
19-Dec-18 9:15:00 PM AST,0
19-Dec-18 9:30:01 PM AST,0
19-Dec-18 9:45:00 PM AST,0
19-Dec-18 10:00:00 PM AST,0
19-Dec-18 10:15:01 PM AST,0
19-Dec-18 10:30:01 PM AST,0
19-Dec-18 10:45:01 PM AST,0
19-Dec-18 11:00:00 PM AST,0
19-Dec-18 11:15:01 PM AST,0
19-Dec-18 11:30:01 PM AST,0
19-Dec-18 11:45:00 PM AST,0
20-Dec-18 12:00:01 AM AST,0
20-Dec-18 12:15:00 AM AST,0
20-Dec-18 12:30:02 AM AST,0
20-Dec-18 12:45:00 AM AST,0
20-Dec-18 1:00:01 AM AST,0
20-Dec-18 1:15:00 AM AST,0
20-Dec-18 1:30:00 AM AST,0
20-Dec-18 1:45:00 AM AST,0
20-Dec-18 2:00:01 AM AST,0
20-Dec-18 2:15:01 AM AST,0
20-Dec-18 2:30:00 AM AST,0
20-Dec-18 2:45:00 AM AST,0
20-Dec-18 3:00:00 AM AST,0
20-Dec-18 3:15:00 AM AST,0
20-Dec-18 3:30:00 AM AST,0
20-Dec-18 3:45:02 AM AST,0
20-Dec-18 4:00:00 AM AST,0
20-Dec-18 4:15:01 AM AST,0
20-Dec-18 4:30:00 AM AST,0
20-Dec-18 4:45:01 AM AST,0
20-Dec-18 5:00:01 AM AST,0
20-Dec-18 5:15:00 AM AST,0
20-Dec-18 5:30:00 AM AST,0
20-Dec-18 5:45:00 AM AST,0
20-Dec-18 6:00:01 AM AST,0
20-Dec-18 6:15:00 AM AST,0
20-Dec-18 6:30:00 AM AST,0
20-Dec-18 6:45:00 AM AST,0
20-Dec-18 7:00:00 AM AST,2
20-Dec-18 7:15:00 AM AST,0
20-Dec-18 7:30:01 AM AST,37
20-Dec-18 7:45:00 AM AST,63
20-Dec-18 8:00:01 AM AST,72
20-Dec-18 8:15:00 AM AST,93
20-Dec-18 8:30:01 AM AST,93
20-Dec-18 8:45:00 AM AST,98
20-Dec-18 9:00:01 AM AST,181
20-Dec-18 9:15:02 AM AST,191
20-Dec-18 9:30:00 AM AST,273
20-Dec-18 9:45:00 AM AST,295
20-Dec-18 10:00:01 AM AST,296
20-Dec-18 10:15:00 AM AST,352
20-Dec-18 10:30:01 AM AST,298
20-Dec-18 10:45:00 AM AST,339
20-Dec-18 11:00:00 AM AST,320
20-Dec-18 11:15:00 AM AST,348
20-Dec-18 11:30:00 AM AST,375
20-Dec-18 11:45:00 AM AST,419
20-Dec-18 12:00:00 PM AST,347
20-Dec-18 12:15:01 PM AST,357
20-Dec-18 12:30:00 PM AST,405
20-Dec-18 12:45:00 PM AST,375
20-Dec-18 1:00:01 PM AST,386
20-Dec-18 1:15:00 PM AST,388
20-Dec-18 1:30:00 PM AST,362
20-Dec-18 1:45:00 PM AST,352
20-Dec-18 2:00:01 PM AST,347
20-Dec-18 2:15:00 PM AST,336
20-Dec-18 2:30:00 PM AST,310
20-Dec-18 2:45:00 PM AST,296
20-Dec-18 3:00:01 PM AST,265
20-Dec-18 3:15:00 PM AST,255
20-Dec-18 3:30:02 PM AST,225
20-Dec-18 3:45:00 PM AST,185
20-Dec-18 4:00:00 PM AST,149
20-Dec-18 4:15:02 PM AST,102
20-Dec-18 4:30:00 PM AST,98
20-Dec-18 4:45:01 PM AST,66
20-Dec-18 5:00:01 PM AST,39
20-Dec-18 5:15:00 PM AST,20
20-Dec-18 5:30:00 PM AST,0
20-Dec-18 5:45:00 PM AST,3
20-Dec-18 6:00:00 PM AST,0
20-Dec-18 6:15:01 PM AST,0
20-Dec-18 6:30:00 PM AST,0
20-Dec-18 6:45:00 PM AST,0
20-Dec-18 7:00:00 PM AST,0
20-Dec-18 7:15:01 PM AST,0
20-Dec-18 7:30:00 PM AST,0
20-Dec-18 7:45:00 PM AST,0
20-Dec-18 8:00:00 PM AST,0
20-Dec-18 8:15:00 PM AST,0
20-Dec-18 8:30:00 PM AST,0
20-Dec-18 8:45:00 PM AST,0
20-Dec-18 9:00:01 PM AST,0
20-Dec-18 9:15:01 PM AST,0
20-Dec-18 9:30:00 PM AST,0
20-Dec-18 9:45:00 PM AST,0
20-Dec-18 10:00:00 PM AST,0
20-Dec-18 10:15:00 PM AST,0
20-Dec-18 10:30:02 PM AST,0
20-Dec-18 10:45:00 PM AST,0
20-Dec-18 11:00:00 PM AST,0
20-Dec-18 11:15:00 PM AST,0
20-Dec-18 11:30:00 PM AST,0
20-Dec-18 11:45:00 PM AST,0
21-Dec-18 12:00:01 AM AST,0
21-Dec-18 12:15:01 AM AST,0
21-Dec-18 12:30:01 AM AST,0
21-Dec-18 12:45:01 AM AST,0
21-Dec-18 1:00:01 AM AST,0
21-Dec-18 1:15:01 AM AST,0
21-Dec-18 1:30:00 AM AST,0
21-Dec-18 1:45:01 AM AST,0
21-Dec-18 2:00:01 AM AST,0
21-Dec-18 2:15:00 AM AST,0
21-Dec-18 2:30:01 AM AST,0
21-Dec-18 2:45:00 AM AST,0
21-Dec-18 3:00:00 AM AST,0
21-Dec-18 3:15:00 AM AST,0
21-Dec-18 3:30:01 AM AST,0
21-Dec-18 3:45:00 AM AST,0
21-Dec-18 4:00:00 AM AST,0
21-Dec-18 4:15:00 AM AST,0
21-Dec-18 4:30:00 AM AST,0
21-Dec-18 4:45:00 AM AST,0
21-Dec-18 5:00:01 AM AST,0
21-Dec-18 5:15:01 AM AST,0
21-Dec-18 5:30:01 AM AST,0
21-Dec-18 5:45:01 AM AST,0
21-Dec-18 6:00:02 AM AST,0
21-Dec-18 6:15:01 AM AST,0
21-Dec-18 6:30:01 AM AST,0
21-Dec-18 6:45:01 AM AST,0
21-Dec-18 7:00:00 AM AST,5
21-Dec-18 7:15:01 AM AST,3
21-Dec-18 7:30:01 AM AST,15
21-Dec-18 7:45:01 AM AST,38
21-Dec-18 8:00:00 AM AST,65
21-Dec-18 8:15:00 AM AST,84
21-Dec-18 8:30:00 AM AST,117
21-Dec-18 8:45:01 AM AST,146
21-Dec-18 9:00:00 AM AST,177
21-Dec-18 9:15:00 AM AST,212
21-Dec-18 9:30:01 AM AST,236
21-Dec-18 9:45:01 AM AST,269
21-Dec-18 10:00:00 AM AST,294
21-Dec-18 10:15:00 AM AST,324
21-Dec-18 10:30:00 AM AST,350
21-Dec-18 10:45:00 AM AST,370
21-Dec-18 11:00:01 AM AST,384
21-Dec-18 11:15:01 AM AST,382
21-Dec-18 11:30:00 AM AST,408
21-Dec-18 11:45:00 AM AST,416
21-Dec-18 12:00:00 PM AST,410
21-Dec-18 12:15:00 PM AST,424
21-Dec-18 12:30:01 PM AST,426
21-Dec-18 12:45:01 PM AST,420
21-Dec-18 1:00:01 PM AST,424
21-Dec-18 1:15:00 PM AST,410
21-Dec-18 1:30:00 PM AST,401
21-Dec-18 1:45:00 PM AST,392
21-Dec-18 2:00:00 PM AST,368
21-Dec-18 2:15:01 PM AST,344
21-Dec-18 2:30:01 PM AST,331
21-Dec-18 2:45:00 PM AST,308
21-Dec-18 3:00:00 PM AST,287
21-Dec-18 3:15:01 PM AST,258
21-Dec-18 3:30:00 PM AST,231
21-Dec-18 3:45:01 PM AST,190
21-Dec-18 4:00:00 PM AST,158
21-Dec-18 4:15:00 PM AST,126
21-Dec-18 4:30:00 PM AST,91
21-Dec-18 4:45:00 PM AST,59
21-Dec-18 5:00:01 PM AST,40
21-Dec-18 5:15:01 PM AST,14
21-Dec-18 5:30:00 PM AST,3
21-Dec-18 5:45:00 PM AST,1
21-Dec-18 6:00:00 PM AST,0
21-Dec-18 6:15:00 PM AST,0
21-Dec-18 6:30:00 PM AST,0
21-Dec-18 6:45:02 PM AST,0
21-Dec-18 7:00:00 PM AST,0
21-Dec-18 7:15:00 PM AST,0
21-Dec-18 7:30:00 PM AST,0
21-Dec-18 7:45:01 PM AST,0
21-Dec-18 8:00:01 PM AST,0
21-Dec-18 8:15:01 PM AST,0
21-Dec-18 8:30:00 PM AST,0
21-Dec-18 8:45:01 PM AST,0
21-Dec-18 9:00:01 PM AST,0
21-Dec-18 9:15:00 PM AST,0
21-Dec-18 9:30:00 PM AST,0
21-Dec-18 9:45:00 PM AST,0
21-Dec-18 10:00:00 PM AST,0
21-Dec-18 10:15:00 PM AST,0
21-Dec-18 10:30:01 PM AST,0
21-Dec-18 10:45:00 PM AST,0
21-Dec-18 11:00:01 PM AST,0
21-Dec-18 11:15:01 PM AST,0
21-Dec-18 11:30:01 PM AST,0
21-Dec-18 11:45:00 PM AST,0
22-Dec-18 12:00:00 AM AST,0
22-Dec-18 12:15:01 AM AST,0
22-Dec-18 12:30:00 AM AST,0
22-Dec-18 12:45:00 AM AST,0
22-Dec-18 1:00:02 AM AST,0
22-Dec-18 1:15:01 AM AST,0
22-Dec-18 1:30:01 AM AST,0
22-Dec-18 1:45:01 AM AST,0
22-Dec-18 2:00:00 AM AST,0
22-Dec-18 2:15:00 AM AST,0
22-Dec-18 2:30:00 AM AST,0
22-Dec-18 2:45:00 AM AST,0
22-Dec-18 3:00:00 AM AST,0
22-Dec-18 3:15:00 AM AST,0
22-Dec-18 3:30:00 AM AST,0
22-Dec-18 3:45:00 AM AST,0
22-Dec-18 4:00:01 AM AST,0
22-Dec-18 4:15:00 AM AST,0
22-Dec-18 4:30:00 AM AST,0
22-Dec-18 4:45:01 AM AST,0
22-Dec-18 5:00:01 AM AST,0
22-Dec-18 5:15:00 AM AST,0
22-Dec-18 5:30:00 AM AST,0
22-Dec-18 5:45:00 AM AST,0
22-Dec-18 6:00:01 AM AST,0
22-Dec-18 6:15:00 AM AST,0
22-Dec-18 6:30:00 AM AST,0
22-Dec-18 6:45:01 AM AST,0
22-Dec-18 7:00:01 AM AST,5
22-Dec-18 7:15:02 AM AST,3
22-Dec-18 7:30:00 AM AST,21
22-Dec-18 7:45:00 AM AST,43
22-Dec-18 8:00:01 AM AST,71
22-Dec-18 8:15:00 AM AST,91
22-Dec-18 8:30:00 AM AST,119
22-Dec-18 8:45:00 AM AST,139
22-Dec-18 9:00:01 AM AST,177
22-Dec-18 9:15:00 AM AST,209
22-Dec-18 9:30:00 AM AST,243
22-Dec-18 9:45:01 AM AST,278
22-Dec-18 10:00:01 AM AST,318
22-Dec-18 10:15:00 AM AST,336
22-Dec-18 10:30:01 AM AST,356
22-Dec-18 10:45:00 AM AST,369
22-Dec-18 11:00:00 AM AST,375
22-Dec-18 11:15:00 AM AST,394
22-Dec-18 11:30:01 AM AST,408
22-Dec-18 11:45:00 AM AST,419
22-Dec-18 12:00:00 PM AST,426
22-Dec-18 12:15:00 PM AST,434
22-Dec-18 12:30:00 PM AST,441
22-Dec-18 12:45:00 PM AST,432
22-Dec-18 1:00:00 PM AST,450
22-Dec-18 1:15:00 PM AST,430
22-Dec-18 1:30:00 PM AST,434
22-Dec-18 1:45:00 PM AST,416
22-Dec-18 2:00:00 PM AST,370
22-Dec-18 2:15:00 PM AST,379
22-Dec-18 2:30:00 PM AST,349
22-Dec-18 2:45:00 PM AST,328
22-Dec-18 3:00:01 PM AST,297
22-Dec-18 3:15:01 PM AST,235
22-Dec-18 3:30:01 PM AST,181
22-Dec-18 3:45:00 PM AST,191
22-Dec-18 4:00:00 PM AST,169
22-Dec-18 4:15:00 PM AST,144
22-Dec-18 4:30:00 PM AST,108
22-Dec-18 4:45:00 PM AST,71
22-Dec-18 5:00:01 PM AST,45
22-Dec-18 5:15:01 PM AST,19
22-Dec-18 5:30:00 PM AST,1
22-Dec-18 5:45:01 PM AST,0
22-Dec-18 6:00:01 PM AST,0
22-Dec-18 6:15:00 PM AST,0
22-Dec-18 6:30:00 PM AST,0
22-Dec-18 6:45:00 PM AST,0
22-Dec-18 7:00:00 PM AST,0
22-Dec-18 7:15:00 PM AST,0
22-Dec-18 7:30:00 PM AST,0
22-Dec-18 7:45:00 PM AST,0
22-Dec-18 8:00:01 PM AST,0
22-Dec-18 8:15:00 PM AST,0
22-Dec-18 8:30:00 PM AST,0
22-Dec-18 8:45:00 PM AST,0
22-Dec-18 9:00:00 PM AST,0
22-Dec-18 9:15:01 PM AST,0
22-Dec-18 9:30:01 PM AST,0
22-Dec-18 9:45:00 PM AST,0
22-Dec-18 10:00:00 PM AST,0
22-Dec-18 10:15:00 PM AST,0
22-Dec-18 10:30:01 PM AST,0
22-Dec-18 10:45:01 PM AST,0
22-Dec-18 11:00:01 PM AST,0
22-Dec-18 11:15:01 PM AST,0
22-Dec-18 11:30:01 PM AST,0
22-Dec-18 11:45:01 PM AST,0
23-Dec-18 12:00:01 AM AST,0
23-Dec-18 12:15:01 AM AST,0
23-Dec-18 12:30:01 AM AST,0
23-Dec-18 12:45:01 AM AST,0
23-Dec-18 1:00:01 AM AST,0
23-Dec-18 1:15:01 AM AST,0
23-Dec-18 1:30:01 AM AST,0
23-Dec-18 1:45:01 AM AST,0
23-Dec-18 2:00:01 AM AST,0
23-Dec-18 2:15:01 AM AST,0
23-Dec-18 2:30:01 AM AST,0
23-Dec-18 2:45:01 AM AST,0
23-Dec-18 3:00:01 AM AST,0
23-Dec-18 3:15:01 AM AST,0
23-Dec-18 3:30:01 AM AST,0
23-Dec-18 3:45:01 AM AST,0
23-Dec-18 4:00:01 AM AST,0
23-Dec-18 4:15:01 AM AST,0
23-Dec-18 4:30:01 AM AST,0
23-Dec-18 4:45:01 AM AST,0
23-Dec-18 5:00:01 AM AST,0
23-Dec-18 5:15:01 AM AST,0
23-Dec-18 5:30:00 AM AST,0
23-Dec-18 5:45:00 AM AST,0
23-Dec-18 6:00:01 AM AST,0
23-Dec-18 6:15:01 AM AST,0
23-Dec-18 6:30:00 AM AST,0
23-Dec-18 6:45:01 AM AST,0
23-Dec-18 7:00:01 AM AST,1
23-Dec-18 7:15:00 AM AST,0
23-Dec-18 7:30:00 AM AST,14
23-Dec-18 7:45:01 AM AST,33
23-Dec-18 8:00:01 AM AST,57
23-Dec-18 8:15:01 AM AST,81
23-Dec-18 8:30:01 AM AST,119
23-Dec-18 8:45:01 AM AST,155
23-Dec-18 9:00:02 AM AST,185
23-Dec-18 9:15:01 AM AST,197
23-Dec-18 9:30:01 AM AST,245
23-Dec-18 9:45:00 AM AST,215
23-Dec-18 10:00:00 AM AST,280
23-Dec-18 10:15:01 AM AST,295
23-Dec-18 10:30:01 AM AST,355
23-Dec-18 10:45:01 AM AST,357
23-Dec-18 11:00:01 AM AST,381
23-Dec-18 11:15:01 AM AST,397
23-Dec-18 11:30:01 AM AST,417
23-Dec-18 11:45:01 AM AST,413
23-Dec-18 12:00:01 PM AST,425
23-Dec-18 12:15:01 PM AST,428
23-Dec-18 12:30:02 PM AST,437
23-Dec-18 12:45:01 PM AST,432
23-Dec-18 1:00:01 PM AST,424
23-Dec-18 1:15:01 PM AST,424
23-Dec-18 1:30:01 PM AST,410
23-Dec-18 1:45:01 PM AST,401
23-Dec-18 2:00:00 PM AST,388
23-Dec-18 2:15:01 PM AST,368
23-Dec-18 2:30:01 PM AST,349
23-Dec-18 2:45:00 PM AST,323
23-Dec-18 3:00:02 PM AST,307
23-Dec-18 3:15:01 PM AST,275
23-Dec-18 3:30:00 PM AST,242
23-Dec-18 3:45:01 PM AST,218
23-Dec-18 4:00:01 PM AST,107
23-Dec-18 4:15:01 PM AST,139
23-Dec-18 4:30:00 PM AST,103
23-Dec-18 4:45:01 PM AST,66
23-Dec-18 5:00:00 PM AST,47
23-Dec-18 5:15:01 PM AST,21
23-Dec-18 5:30:00 PM AST,6
23-Dec-18 5:45:01 PM AST,3
23-Dec-18 6:00:01 PM AST,0
23-Dec-18 6:15:00 PM AST,0
23-Dec-18 6:30:01 PM AST,0
23-Dec-18 6:45:01 PM AST,0
23-Dec-18 7:00:00 PM AST,0
23-Dec-18 7:15:00 PM AST,0
23-Dec-18 7:30:00 PM AST,0
23-Dec-18 7:45:01 PM AST,0
23-Dec-18 8:00:00 PM AST,0
23-Dec-18 8:15:01 PM AST,0
23-Dec-18 8:30:00 PM AST,0
23-Dec-18 8:45:00 PM AST,0
23-Dec-18 9:00:01 PM AST,0
23-Dec-18 9:15:01 PM AST,0
23-Dec-18 9:30:00 PM AST,0
23-Dec-18 9:45:00 PM AST,0
23-Dec-18 10:00:00 PM AST,0
23-Dec-18 10:15:02 PM AST,0
23-Dec-18 10:30:01 PM AST,0
23-Dec-18 10:45:01 PM AST,0
23-Dec-18 11:00:01 PM AST,0
23-Dec-18 11:15:00 PM AST,0
23-Dec-18 11:30:00 PM AST,0
23-Dec-18 11:45:00 PM AST,0
24-Dec-18 12:00:00 AM AST,0
24-Dec-18 12:15:00 AM AST,0
24-Dec-18 12:30:00 AM AST,0
24-Dec-18 12:45:00 AM AST,0
24-Dec-18 1:00:00 AM AST,0
24-Dec-18 1:15:00 AM AST,0
24-Dec-18 1:30:01 AM AST,0
24-Dec-18 1:45:00 AM AST,0
24-Dec-18 2:00:01 AM AST,0
24-Dec-18 2:15:00 AM AST,0
24-Dec-18 2:30:00 AM AST,0
24-Dec-18 2:45:01 AM AST,0
24-Dec-18 3:00:00 AM AST,0
24-Dec-18 3:15:00 AM AST,0
24-Dec-18 3:30:00 AM AST,0
24-Dec-18 3:45:00 AM AST,0
24-Dec-18 4:00:01 AM AST,0
24-Dec-18 4:15:00 AM AST,0
24-Dec-18 4:30:02 AM AST,0
24-Dec-18 4:45:01 AM AST,0
24-Dec-18 5:00:01 AM AST,0
24-Dec-18 5:15:02 AM AST,0
24-Dec-18 5:30:01 AM AST,0
24-Dec-18 5:45:01 AM AST,0
24-Dec-18 6:00:00 AM AST,0
24-Dec-18 6:15:02 AM AST,0
24-Dec-18 6:30:01 AM AST,0
24-Dec-18 6:45:01 AM AST,0
24-Dec-18 7:00:00 AM AST,3
24-Dec-18 7:15:01 AM AST,1
24-Dec-18 7:30:00 AM AST,17
24-Dec-18 7:45:00 AM AST,41
24-Dec-18 8:00:00 AM AST,66
24-Dec-18 8:15:00 AM AST,84
24-Dec-18 8:30:00 AM AST,114
24-Dec-18 8:45:01 AM AST,131
24-Dec-18 9:00:00 AM AST,164
24-Dec-18 9:15:00 AM AST,187
24-Dec-18 9:30:00 AM AST,229
24-Dec-18 9:45:00 AM AST,262
24-Dec-18 10:00:00 AM AST,295
24-Dec-18 10:15:01 AM AST,319
24-Dec-18 10:30:00 AM AST,341
24-Dec-18 10:45:00 AM AST,353
24-Dec-18 11:00:01 AM AST,375
24-Dec-18 11:15:00 AM AST,381
24-Dec-18 11:30:01 AM AST,401
24-Dec-18 11:45:00 AM AST,419
24-Dec-18 12:00:01 PM AST,410
24-Dec-18 12:15:01 PM AST,374
24-Dec-18 12:30:01 PM AST,420
24-Dec-18 12:45:00 PM AST,430
24-Dec-18 1:00:01 PM AST,395
24-Dec-18 1:15:00 PM AST,399
24-Dec-18 1:30:01 PM AST,379
24-Dec-18 1:45:00 PM AST,407
24-Dec-18 2:00:00 PM AST,342
24-Dec-18 2:15:00 PM AST,360
24-Dec-18 2:30:00 PM AST,321
24-Dec-18 2:45:00 PM AST,312
24-Dec-18 3:00:01 PM AST,287
24-Dec-18 3:15:00 PM AST,254
24-Dec-18 3:30:00 PM AST,222
24-Dec-18 3:45:00 PM AST,194
24-Dec-18 4:00:00 PM AST,158
24-Dec-18 4:15:01 PM AST,137
24-Dec-18 4:30:01 PM AST,104
24-Dec-18 4:45:00 PM AST,73
24-Dec-18 5:00:00 PM AST,41
24-Dec-18 5:15:00 PM AST,18
24-Dec-18 5:30:00 PM AST,1
24-Dec-18 5:45:00 PM AST,0
24-Dec-18 6:00:00 PM AST,0
24-Dec-18 6:15:00 PM AST,0
24-Dec-18 6:30:01 PM AST,0
24-Dec-18 6:45:01 PM AST,0
24-Dec-18 7:00:02 PM AST,0
24-Dec-18 7:15:01 PM AST,0
24-Dec-18 7:30:01 PM AST,0
24-Dec-18 7:45:01 PM AST,0
24-Dec-18 8:00:01 PM AST,0
24-Dec-18 8:15:01 PM AST,0
24-Dec-18 8:30:01 PM AST,0
24-Dec-18 8:45:02 PM AST,0
24-Dec-18 9:00:00 PM AST,0
24-Dec-18 9:15:01 PM AST,0
24-Dec-18 9:30:01 PM AST,0
24-Dec-18 9:45:01 PM AST,0
24-Dec-18 10:00:01 PM AST,0
24-Dec-18 10:15:01 PM AST,0
24-Dec-18 10:30:01 PM AST,0
24-Dec-18 10:45:01 PM AST,0
24-Dec-18 11:00:01 PM AST,0
24-Dec-18 11:15:01 PM AST,0
24-Dec-18 11:30:01 PM AST,0
24-Dec-18 11:45:01 PM AST,0
25-Dec-18 12:00:01 AM AST,0
25-Dec-18 12:15:01 AM AST,0
25-Dec-18 12:30:01 AM AST,0
25-Dec-18 12:45:01 AM AST,0
25-Dec-18 1:00:01 AM AST,0
25-Dec-18 1:15:01 AM AST,0
25-Dec-18 1:30:01 AM AST,0
25-Dec-18 1:45:01 AM AST,0
25-Dec-18 2:00:01 AM AST,0
25-Dec-18 2:15:02 AM AST,0
25-Dec-18 2:30:01 AM AST,0
25-Dec-18 2:45:02 AM AST,0
25-Dec-18 3:00:01 AM AST,0
25-Dec-18 3:15:01 AM AST,0
25-Dec-18 3:30:01 AM AST,0
25-Dec-18 3:45:02 AM AST,0
25-Dec-18 4:00:01 AM AST,0
25-Dec-18 4:15:00 AM AST,0
25-Dec-18 4:30:00 AM AST,0
25-Dec-18 4:45:01 AM AST,0
25-Dec-18 5:00:00 AM AST,0
25-Dec-18 5:15:00 AM AST,0
25-Dec-18 5:30:00 AM AST,0
25-Dec-18 5:45:00 AM AST,0
25-Dec-18 6:00:01 AM AST,0
25-Dec-18 6:15:01 AM AST,0
25-Dec-18 6:30:00 AM AST,0
25-Dec-18 6:45:00 AM AST,0
25-Dec-18 7:00:00 AM AST,4
25-Dec-18 7:15:00 AM AST,3
25-Dec-18 7:30:00 AM AST,20
25-Dec-18 7:45:00 AM AST,46
25-Dec-18 8:00:00 AM AST,61
25-Dec-18 8:15:00 AM AST,83
25-Dec-18 8:30:01 AM AST,111
25-Dec-18 8:45:00 AM AST,133
25-Dec-18 9:00:01 AM AST,161
25-Dec-18 9:15:00 AM AST,204
25-Dec-18 9:30:01 AM AST,231
25-Dec-18 9:45:01 AM AST,239
25-Dec-18 10:00:00 AM AST,251
25-Dec-18 10:15:00 AM AST,297
25-Dec-18 10:30:00 AM AST,344
25-Dec-18 10:45:00 AM AST,364
25-Dec-18 11:00:01 AM AST,373
25-Dec-18 11:15:00 AM AST,388
25-Dec-18 11:30:00 AM AST,386
25-Dec-18 11:45:01 AM AST,387
25-Dec-18 12:00:01 PM AST,385
25-Dec-18 12:15:01 PM AST,391
25-Dec-18 12:30:01 PM AST,399
25-Dec-18 12:45:00 PM AST,427
25-Dec-18 1:00:00 PM AST,402
25-Dec-18 1:15:00 PM AST,400
25-Dec-18 1:30:00 PM AST,396
25-Dec-18 1:45:01 PM AST,378
25-Dec-18 2:00:02 PM AST,366
25-Dec-18 2:15:01 PM AST,349
25-Dec-18 2:30:01 PM AST,320
25-Dec-18 2:45:02 PM AST,300
25-Dec-18 3:00:01 PM AST,279
25-Dec-18 3:15:01 PM AST,244
25-Dec-18 3:30:00 PM AST,182
25-Dec-18 3:45:01 PM AST,179
25-Dec-18 4:00:00 PM AST,179
25-Dec-18 4:15:01 PM AST,131
25-Dec-18 4:30:01 PM AST,85
25-Dec-18 4:45:01 PM AST,48
25-Dec-18 5:00:01 PM AST,34
25-Dec-18 5:15:02 PM AST,17
25-Dec-18 5:30:02 PM AST,0
25-Dec-18 5:45:01 PM AST,0
25-Dec-18 6:00:01 PM AST,0
25-Dec-18 6:15:00 PM AST,0
25-Dec-18 6:30:02 PM AST,0
25-Dec-18 6:45:01 PM AST,0
25-Dec-18 7:00:01 PM AST,0
25-Dec-18 7:15:01 PM AST,0
25-Dec-18 7:30:02 PM AST,0
25-Dec-18 7:45:02 PM AST,0
25-Dec-18 8:00:01 PM AST,0
25-Dec-18 8:15:02 PM AST,0
25-Dec-18 8:30:01 PM AST,0
25-Dec-18 8:45:01 PM AST,0
25-Dec-18 9:00:02 PM AST,0
25-Dec-18 9:15:01 PM AST,0
25-Dec-18 9:30:01 PM AST,0
25-Dec-18 9:45:01 PM AST,0
25-Dec-18 10:00:01 PM AST,0
25-Dec-18 10:15:01 PM AST,0
25-Dec-18 10:30:02 PM AST,0
25-Dec-18 10:45:01 PM AST,0
25-Dec-18 11:00:01 PM AST,0
25-Dec-18 11:15:01 PM AST,0
25-Dec-18 11:30:01 PM AST,0
25-Dec-18 11:45:01 PM AST,0
26-Dec-18 12:00:01 AM AST,0
26-Dec-18 12:15:02 AM AST,0
26-Dec-18 12:30:01 AM AST,0
26-Dec-18 12:45:01 AM AST,0
26-Dec-18 1:00:00 AM AST,0
26-Dec-18 1:15:02 AM AST,0
26-Dec-18 1:30:02 AM AST,0
26-Dec-18 1:45:01 AM AST,0
26-Dec-18 2:00:00 AM AST,0
26-Dec-18 2:15:00 AM AST,0
26-Dec-18 2:30:01 AM AST,0
26-Dec-18 2:45:01 AM AST,0
26-Dec-18 3:00:00 AM AST,0
26-Dec-18 3:15:02 AM AST,0
26-Dec-18 3:30:02 AM AST,0
26-Dec-18 3:45:01 AM AST,0
26-Dec-18 4:00:00 AM AST,0
26-Dec-18 4:15:01 AM AST,0
26-Dec-18 4:30:01 AM AST,0
26-Dec-18 4:45:01 AM AST,0
26-Dec-18 5:00:00 AM AST,0
26-Dec-18 5:15:02 AM AST,0
26-Dec-18 5:30:01 AM AST,0
26-Dec-18 5:45:01 AM AST,0
26-Dec-18 6:00:00 AM AST,0
26-Dec-18 6:15:01 AM AST,0
26-Dec-18 6:30:01 AM AST,0
26-Dec-18 6:45:01 AM AST,0
26-Dec-18 7:00:00 AM AST,3
26-Dec-18 7:15:01 AM AST,0
26-Dec-18 7:30:01 AM AST,13
26-Dec-18 7:45:01 AM AST,22
26-Dec-18 8:00:01 AM AST,59
26-Dec-18 8:15:01 AM AST,84
26-Dec-18 8:30:01 AM AST,114
26-Dec-18 8:45:01 AM AST,99
26-Dec-18 9:00:00 AM AST,153
26-Dec-18 9:15:01 AM AST,180
26-Dec-18 9:30:01 AM AST,183
26-Dec-18 9:45:02 AM AST,149
26-Dec-18 10:00:00 AM AST,251
26-Dec-18 10:15:01 AM AST,210
26-Dec-18 10:30:01 AM AST,254
26-Dec-18 10:45:01 AM AST,285
26-Dec-18 11:00:01 AM AST,208
26-Dec-18 11:15:01 AM AST,440
26-Dec-18 11:30:01 AM AST,191
26-Dec-18 11:45:01 AM AST,311
26-Dec-18 12:00:01 PM AST,388
26-Dec-18 12:15:02 PM AST,293
26-Dec-18 12:30:01 PM AST,190
26-Dec-18 12:45:01 PM AST,160
26-Dec-18 1:00:01 PM AST,130
26-Dec-18 1:15:01 PM AST,161
26-Dec-18 1:30:01 PM AST,387
26-Dec-18 1:45:01 PM AST,192
26-Dec-18 2:00:01 PM AST,338
26-Dec-18 2:15:01 PM AST,224
26-Dec-18 2:30:01 PM AST,133
26-Dec-18 2:45:01 PM AST,146
26-Dec-18 3:00:01 PM AST,268
26-Dec-18 3:15:01 PM AST,201
26-Dec-18 3:30:01 PM AST,205
26-Dec-18 3:45:01 PM AST,150
26-Dec-18 4:00:01 PM AST,166
26-Dec-18 4:15:01 PM AST,76
26-Dec-18 4:30:01 PM AST,85
26-Dec-18 4:45:02 PM AST,59
26-Dec-18 5:00:01 PM AST,49
26-Dec-18 5:15:01 PM AST,25
26-Dec-18 5:30:01 PM AST,2
26-Dec-18 5:45:01 PM AST,2
26-Dec-18 6:00:01 PM AST,0
26-Dec-18 6:15:01 PM AST,0
26-Dec-18 6:30:02 PM AST,0
26-Dec-18 6:45:01 PM AST,0
26-Dec-18 7:00:00 PM AST,0
26-Dec-18 7:15:03 PM AST,0
26-Dec-18 7:30:01 PM AST,0
26-Dec-18 7:45:01 PM AST,0
26-Dec-18 8:00:00 PM AST,0
26-Dec-18 8:15:00 PM AST,0
26-Dec-18 8:30:02 PM AST,0
26-Dec-18 8:45:01 PM AST,0
26-Dec-18 9:00:01 PM AST,0
26-Dec-18 9:15:01 PM AST,0
26-Dec-18 9:30:01 PM AST,0
26-Dec-18 9:45:01 PM AST,0
26-Dec-18 10:00:01 PM AST,0
26-Dec-18 10:15:01 PM AST,0
26-Dec-18 10:30:02 PM AST,0
26-Dec-18 10:45:01 PM AST,0
26-Dec-18 11:00:00 PM AST,0
26-Dec-18 11:15:01 PM AST,0
26-Dec-18 11:30:01 PM AST,0
26-Dec-18 11:45:01 PM AST,0
27-Dec-18 12:00:00 AM AST,0
27-Dec-18 12:15:01 AM AST,0
27-Dec-18 12:30:01 AM AST,0
27-Dec-18 12:45:01 AM AST,0
27-Dec-18 1:00:00 AM AST,0
27-Dec-18 1:15:01 AM AST,0
27-Dec-18 1:30:02 AM AST,0
27-Dec-18 1:45:01 AM AST,0
27-Dec-18 2:00:00 AM AST,0
27-Dec-18 2:15:01 AM AST,0
27-Dec-18 2:30:02 AM AST,0
27-Dec-18 2:45:01 AM AST,0
27-Dec-18 3:00:00 AM AST,0
27-Dec-18 3:15:01 AM AST,0
27-Dec-18 3:30:01 AM AST,0
27-Dec-18 3:45:01 AM AST,0
27-Dec-18 4:00:02 AM AST,0
27-Dec-18 4:15:02 AM AST,0
27-Dec-18 4:30:01 AM AST,0
27-Dec-18 4:45:01 AM AST,0
27-Dec-18 5:00:01 AM AST,0
27-Dec-18 5:15:01 AM AST,0
27-Dec-18 5:30:01 AM AST,0
27-Dec-18 5:45:01 AM AST,0
27-Dec-18 6:00:01 AM AST,0
27-Dec-18 6:15:01 AM AST,0
27-Dec-18 6:30:02 AM AST,0
27-Dec-18 6:45:02 AM AST,0
27-Dec-18 7:00:01 AM AST,0
27-Dec-18 7:15:01 AM AST,0
27-Dec-18 7:30:02 AM AST,13
27-Dec-18 7:45:02 AM AST,41
27-Dec-18 8:00:01 AM AST,65
27-Dec-18 8:15:01 AM AST,79
27-Dec-18 8:30:01 AM AST,83
27-Dec-18 8:45:01 AM AST,137
27-Dec-18 9:00:01 AM AST,185
27-Dec-18 9:15:01 AM AST,203
27-Dec-18 9:30:01 AM AST,128
27-Dec-18 9:45:02 AM AST,138
27-Dec-18 10:00:01 AM AST,279
27-Dec-18 10:15:01 AM AST,278
27-Dec-18 10:30:01 AM AST,202
27-Dec-18 10:45:01 AM AST,17
27-Dec-18 11:00:00 AM AST,1
27-Dec-18 11:15:02 AM AST,69
27-Dec-18 11:30:02 AM AST,107
27-Dec-18 11:45:01 AM AST,10
27-Dec-18 12:00:00 PM AST,54
27-Dec-18 12:15:01 PM AST,141
27-Dec-18 12:30:02 PM AST,140
27-Dec-18 12:45:01 PM AST,38
27-Dec-18 1:00:00 PM AST,165
27-Dec-18 1:15:01 PM AST,282
27-Dec-18 1:30:01 PM AST,305
27-Dec-18 1:45:01 PM AST,243
27-Dec-18 2:00:00 PM AST,195
27-Dec-18 2:15:01 PM AST,303
27-Dec-18 2:30:01 PM AST,198
27-Dec-18 2:45:02 PM AST,201
27-Dec-18 3:00:00 PM AST,185
27-Dec-18 3:15:01 PM AST,125
27-Dec-18 3:30:01 PM AST,38
27-Dec-18 3:45:01 PM AST,72
27-Dec-18 4:00:01 PM AST,92
27-Dec-18 4:15:01 PM AST,87
27-Dec-18 4:30:01 PM AST,78
27-Dec-18 4:45:01 PM AST,42
27-Dec-18 5:00:01 PM AST,29
27-Dec-18 5:15:00 PM AST,13
27-Dec-18 5:30:02 PM AST,0
27-Dec-18 5:45:01 PM AST,0
27-Dec-18 6:00:01 PM AST,0
27-Dec-18 6:15:03 PM AST,0
27-Dec-18 6:30:02 PM AST,0
27-Dec-18 6:45:01 PM AST,0
27-Dec-18 7:00:01 PM AST,0
27-Dec-18 7:15:01 PM AST,0
27-Dec-18 7:30:01 PM AST,0
27-Dec-18 7:45:02 PM AST,0
27-Dec-18 8:00:01 PM AST,0
27-Dec-18 8:15:02 PM AST,0
27-Dec-18 8:30:01 PM AST,0
27-Dec-18 8:45:01 PM AST,0
27-Dec-18 9:00:01 PM AST,0
27-Dec-18 9:15:01 PM AST,0
27-Dec-18 9:30:01 PM AST,0
27-Dec-18 9:45:01 PM AST,0
27-Dec-18 10:00:02 PM AST,0
27-Dec-18 10:15:01 PM AST,0
27-Dec-18 10:30:02 PM AST,0
27-Dec-18 10:45:01 PM AST,0
27-Dec-18 11:00:01 PM AST,0
27-Dec-18 11:15:01 PM AST,0
27-Dec-18 11:30:01 PM AST,0
27-Dec-18 11:45:01 PM AST,0
28-Dec-18 12:00:01 AM AST,0
28-Dec-18 12:15:02 AM AST,0
28-Dec-18 12:30:01 AM AST,0
28-Dec-18 12:45:01 AM AST,0
28-Dec-18 1:00:01 AM AST,0
28-Dec-18 1:15:01 AM AST,0
28-Dec-18 1:30:01 AM AST,0
28-Dec-18 1:45:02 AM AST,0
28-Dec-18 2:00:01 AM AST,0
28-Dec-18 2:15:01 AM AST,0
28-Dec-18 2:30:01 AM AST,0
28-Dec-18 2:45:01 AM AST,0
28-Dec-18 3:00:01 AM AST,0
28-Dec-18 3:15:01 AM AST,0
28-Dec-18 3:30:01 AM AST,0
28-Dec-18 3:45:01 AM AST,0
28-Dec-18 4:00:01 AM AST,0
28-Dec-18 4:15:01 AM AST,0
28-Dec-18 4:30:01 AM AST,0
28-Dec-18 4:45:01 AM AST,0
28-Dec-18 5:00:01 AM AST,0
28-Dec-18 5:15:02 AM AST,0
28-Dec-18 5:30:01 AM AST,0
28-Dec-18 5:45:01 AM AST,0
28-Dec-18 6:00:00 AM AST,0
28-Dec-18 6:15:01 AM AST,0
28-Dec-18 6:30:01 AM AST,0
28-Dec-18 6:45:01 AM AST,0
28-Dec-18 7:00:01 AM AST,0
28-Dec-18 7:15:01 AM AST,0
28-Dec-18 7:30:01 AM AST,4
28-Dec-18 7:45:01 AM AST,37
28-Dec-18 8:00:00 AM AST,53
28-Dec-18 8:15:02 AM AST,82
28-Dec-18 8:30:01 AM AST,114
28-Dec-18 8:45:01 AM AST,180
28-Dec-18 9:00:00 AM AST,198
28-Dec-18 9:15:02 AM AST,212
28-Dec-18 9:30:01 AM AST,231
28-Dec-18 9:45:01 AM AST,258
28-Dec-18 10:00:01 AM AST,234
28-Dec-18 10:15:00 AM AST,278
28-Dec-18 10:30:01 AM AST,188
28-Dec-18 10:45:01 AM AST,185
28-Dec-18 11:00:00 AM AST,175
28-Dec-18 11:15:02 AM AST,178
28-Dec-18 11:30:01 AM AST,279
28-Dec-18 11:45:01 AM AST,404
28-Dec-18 12:00:00 PM AST,350
28-Dec-18 12:15:01 PM AST,350
28-Dec-18 12:30:02 PM AST,279
28-Dec-18 12:45:01 PM AST,361
28-Dec-18 1:00:00 PM AST,274
28-Dec-18 1:15:01 PM AST,335
28-Dec-18 1:30:01 PM AST,335
28-Dec-18 1:45:01 PM AST,292
28-Dec-18 2:00:00 PM AST,360
28-Dec-18 2:15:01 PM AST,295
28-Dec-18 2:30:01 PM AST,290
28-Dec-18 2:45:01 PM AST,280
28-Dec-18 3:00:01 PM AST,262
28-Dec-18 3:15:01 PM AST,246
28-Dec-18 3:30:02 PM AST,218
28-Dec-18 3:45:01 PM AST,194
28-Dec-18 4:00:01 PM AST,161
28-Dec-18 4:15:01 PM AST,122
28-Dec-18 4:30:02 PM AST,93
28-Dec-18 4:45:01 PM AST,73
28-Dec-18 5:00:01 PM AST,44
28-Dec-18 5:15:01 PM AST,29
28-Dec-18 5:30:01 PM AST,3
28-Dec-18 5:45:01 PM AST,2
28-Dec-18 6:00:01 PM AST,0
28-Dec-18 6:15:01 PM AST,0
28-Dec-18 6:30:02 PM AST,0
28-Dec-18 6:45:01 PM AST,0
28-Dec-18 7:00:02 PM AST,0
28-Dec-18 7:15:02 PM AST,0
28-Dec-18 7:30:01 PM AST,0
28-Dec-18 7:45:01 PM AST,0
28-Dec-18 8:00:02 PM AST,0
28-Dec-18 8:15:01 PM AST,0
28-Dec-18 8:30:01 PM AST,0
28-Dec-18 8:45:01 PM AST,0
28-Dec-18 9:00:02 PM AST,0
28-Dec-18 9:15:01 PM AST,0
28-Dec-18 9:30:01 PM AST,0
28-Dec-18 9:45:02 PM AST,0
28-Dec-18 10:00:01 PM AST,0
28-Dec-18 10:15:01 PM AST,0
28-Dec-18 10:30:01 PM AST,0
28-Dec-18 10:45:02 PM AST,0
28-Dec-18 11:00:01 PM AST,0
28-Dec-18 11:15:01 PM AST,0
28-Dec-18 11:30:01 PM AST,0
28-Dec-18 11:45:01 PM AST,0
29-Dec-18 12:00:00 AM AST,0
29-Dec-18 12:15:01 AM AST,0
29-Dec-18 12:30:01 AM AST,0
29-Dec-18 12:45:01 AM AST,0
29-Dec-18 1:00:00 AM AST,0
29-Dec-18 1:15:02 AM AST,0
29-Dec-18 1:30:02 AM AST,0
29-Dec-18 1:45:01 AM AST,0
29-Dec-18 2:00:00 AM AST,0
29-Dec-18 2:15:01 AM AST,0
29-Dec-18 2:30:00 AM AST,0
29-Dec-18 2:45:01 AM AST,0
29-Dec-18 3:00:01 AM AST,0
29-Dec-18 3:15:02 AM AST,0
29-Dec-18 3:30:01 AM AST,0
29-Dec-18 3:45:02 AM AST,0
29-Dec-18 4:00:00 AM AST,0
29-Dec-18 4:15:01 AM AST,0
29-Dec-18 4:30:01 AM AST,0
29-Dec-18 4:45:01 AM AST,0
29-Dec-18 5:00:00 AM AST,0
29-Dec-18 5:15:01 AM AST,0
29-Dec-18 5:30:01 AM AST,0
29-Dec-18 5:45:01 AM AST,0
29-Dec-18 6:00:01 AM AST,0
29-Dec-18 6:15:01 AM AST,0
29-Dec-18 6:30:01 AM AST,0
29-Dec-18 6:45:01 AM AST,0
29-Dec-18 7:00:00 AM AST,0
29-Dec-18 7:15:01 AM AST,0
29-Dec-18 7:30:02 AM AST,14
29-Dec-18 7:45:01 AM AST,28
29-Dec-18 8:00:00 AM AST,37
29-Dec-18 8:15:01 AM AST,82
29-Dec-18 8:30:01 AM AST,73
29-Dec-18 8:45:01 AM AST,104
29-Dec-18 9:00:01 AM AST,175
29-Dec-18 9:15:03 AM AST,213
29-Dec-18 9:30:01 AM AST,223
29-Dec-18 9:45:01 AM AST,204
29-Dec-18 10:00:00 AM AST,254
29-Dec-18 10:15:01 AM AST,284
29-Dec-18 10:30:01 AM AST,230
29-Dec-18 10:45:01 AM AST,268
29-Dec-18 11:00:01 AM AST,292
29-Dec-18 11:15:01 AM AST,241
29-Dec-18 11:30:01 AM AST,321
29-Dec-18 11:45:01 AM AST,329
29-Dec-18 12:00:01 PM AST,387
29-Dec-18 12:15:01 PM AST,327
29-Dec-18 12:30:01 PM AST,376
29-Dec-18 12:45:01 PM AST,341
29-Dec-18 1:00:01 PM AST,500
29-Dec-18 1:15:01 PM AST,511
29-Dec-18 1:30:01 PM AST,282
29-Dec-18 1:45:01 PM AST,482
29-Dec-18 2:00:01 PM AST,338
29-Dec-18 2:15:01 PM AST,331
29-Dec-18 2:30:01 PM AST,352
29-Dec-18 2:45:01 PM AST,276
29-Dec-18 3:00:01 PM AST,246
29-Dec-18 3:15:01 PM AST,201
29-Dec-18 3:30:01 PM AST,227
29-Dec-18 3:45:02 PM AST,217
29-Dec-18 4:00:01 PM AST,186
29-Dec-18 4:15:01 PM AST,127
29-Dec-18 4:30:01 PM AST,114
29-Dec-18 4:45:02 PM AST,57
29-Dec-18 5:00:00 PM AST,24
29-Dec-18 5:15:02 PM AST,22
29-Dec-18 5:30:02 PM AST,0
29-Dec-18 5:45:02 PM AST,0
29-Dec-18 6:00:01 PM AST,0
29-Dec-18 6:15:01 PM AST,0
29-Dec-18 6:30:01 PM AST,0
29-Dec-18 6:45:01 PM AST,0
29-Dec-18 7:00:00 PM AST,0
29-Dec-18 7:15:02 PM AST,0
29-Dec-18 7:30:01 PM AST,0
29-Dec-18 7:45:02 PM AST,0
29-Dec-18 8:00:00 PM AST,0
29-Dec-18 8:15:01 PM AST,0
29-Dec-18 8:30:01 PM AST,0
29-Dec-18 8:45:01 PM AST,0
29-Dec-18 9:00:00 PM AST,0
29-Dec-18 9:15:02 PM AST,0
29-Dec-18 9:30:01 PM AST,0
29-Dec-18 9:45:01 PM AST,0
29-Dec-18 10:00:00 PM AST,0
29-Dec-18 10:15:01 PM AST,0
29-Dec-18 10:30:01 PM AST,0
29-Dec-18 10:45:02 PM AST,0
29-Dec-18 11:00:00 PM AST,0
29-Dec-18 11:15:01 PM AST,0
29-Dec-18 11:30:01 PM AST,0
29-Dec-18 11:45:01 PM AST,0
30-Dec-18 12:00:00 AM AST,0
30-Dec-18 12:15:01 AM AST,0
30-Dec-18 12:30:01 AM AST,0
30-Dec-18 12:45:01 AM AST,0
30-Dec-18 1:00:00 AM AST,0
30-Dec-18 1:15:01 AM AST,0
30-Dec-18 1:30:01 AM AST,0
30-Dec-18 1:45:01 AM AST,0
30-Dec-18 2:00:00 AM AST,0
30-Dec-18 2:15:01 AM AST,0
30-Dec-18 2:30:01 AM AST,0
30-Dec-18 2:45:01 AM AST,0
30-Dec-18 3:00:01 AM AST,0
30-Dec-18 3:15:01 AM AST,0
30-Dec-18 3:30:01 AM AST,0
30-Dec-18 3:45:01 AM AST,0
30-Dec-18 4:00:01 AM AST,0
30-Dec-18 4:15:01 AM AST,0
30-Dec-18 4:30:02 AM AST,0
30-Dec-18 4:45:01 AM AST,0
30-Dec-18 5:00:01 AM AST,0
30-Dec-18 5:15:02 AM AST,0
30-Dec-18 5:30:01 AM AST,0
30-Dec-18 5:45:01 AM AST,0
30-Dec-18 6:00:02 AM AST,0
30-Dec-18 6:15:01 AM AST,0
30-Dec-18 6:30:02 AM AST,0
30-Dec-18 6:45:01 AM AST,0
30-Dec-18 7:00:01 AM AST,2
30-Dec-18 7:15:01 AM AST,0
30-Dec-18 7:30:01 AM AST,10
30-Dec-18 7:45:01 AM AST,27
30-Dec-18 8:00:01 AM AST,53
30-Dec-18 8:15:01 AM AST,80
30-Dec-18 8:30:02 AM AST,131
30-Dec-18 8:45:01 AM AST,126
30-Dec-18 9:00:00 AM AST,107
30-Dec-18 9:15:01 AM AST,148
30-Dec-18 9:30:01 AM AST,204
30-Dec-18 9:45:02 AM AST,159
30-Dec-18 10:00:00 AM AST,230
30-Dec-18 10:15:01 AM AST,210
30-Dec-18 10:30:02 AM AST,193
30-Dec-18 10:45:02 AM AST,309
30-Dec-18 11:00:00 AM AST,308
30-Dec-18 11:15:01 AM AST,251
30-Dec-18 11:30:01 AM AST,194
30-Dec-18 11:45:02 AM AST,195
30-Dec-18 12:00:00 PM AST,316
30-Dec-18 12:15:01 PM AST,358
30-Dec-18 12:30:01 PM AST,427
30-Dec-18 12:45:01 PM AST,337
30-Dec-18 1:00:01 PM AST,223
30-Dec-18 1:15:01 PM AST,265
30-Dec-18 1:30:01 PM AST,274
30-Dec-18 1:45:01 PM AST,427
30-Dec-18 2:00:00 PM AST,131
30-Dec-18 2:15:02 PM AST,316
30-Dec-18 2:30:02 PM AST,180.5
30-Dec-18 2:45:01 PM AST,258
30-Dec-18 3:00:00 PM AST,246
30-Dec-18 3:15:01 PM AST,276
30-Dec-18 3:30:01 PM AST,181
30-Dec-18 3:45:01 PM AST,257
30-Dec-18 4:00:00 PM AST,199
30-Dec-18 4:15:01 PM AST,127
30-Dec-18 4:30:01 PM AST,116
30-Dec-18 4:45:01 PM AST,99
30-Dec-18 5:00:01 PM AST,58
30-Dec-18 5:15:02 PM AST,35
30-Dec-18 5:30:01 PM AST,9
30-Dec-18 5:45:01 PM AST,1
30-Dec-18 6:00:00 PM AST,1
30-Dec-18 6:15:02 PM AST,0
30-Dec-18 6:30:01 PM AST,0
30-Dec-18 6:45:01 PM AST,0
30-Dec-18 7:00:00 PM AST,0
30-Dec-18 7:15:02 PM AST,0
30-Dec-18 7:30:01 PM AST,0
30-Dec-18 7:45:01 PM AST,0
30-Dec-18 8:00:01 PM AST,0
30-Dec-18 8:15:01 PM AST,0
30-Dec-18 8:30:01 PM AST,0
30-Dec-18 8:45:01 PM AST,0
30-Dec-18 9:00:01 PM AST,0
30-Dec-18 9:15:01 PM AST,0
30-Dec-18 9:30:02 PM AST,0
30-Dec-18 9:45:01 PM AST,0
30-Dec-18 10:00:01 PM AST,0
30-Dec-18 10:15:01 PM AST,0
30-Dec-18 10:30:02 PM AST,0
30-Dec-18 10:45:01 PM AST,0
30-Dec-18 11:00:01 PM AST,0
30-Dec-18 11:15:01 PM AST,0
30-Dec-18 11:30:01 PM AST,0
30-Dec-18 11:45:01 PM AST,0
31-Dec-18 12:00:01 AM AST,0
31-Dec-18 12:15:03 AM AST,0
31-Dec-18 12:30:01 AM AST,0
31-Dec-18 12:45:01 AM AST,0
31-Dec-18 1:00:02 AM AST,0
31-Dec-18 1:15:02 AM AST,0
31-Dec-18 1:30:02 AM AST,0
31-Dec-18 1:45:01 AM AST,0
31-Dec-18 2:00:02 AM AST,0
31-Dec-18 2:15:01 AM AST,0
31-Dec-18 2:30:01 AM AST,0
31-Dec-18 2:45:01 AM AST,0
31-Dec-18 3:00:01 AM AST,0
31-Dec-18 3:15:01 AM AST,0
31-Dec-18 3:30:01 AM AST,0
31-Dec-18 3:45:01 AM AST,0
31-Dec-18 4:00:00 AM AST,0
31-Dec-18 4:15:01 AM AST,0
31-Dec-18 4:30:01 AM AST,0
31-Dec-18 4:45:01 AM AST,0
31-Dec-18 5:00:00 AM AST,0
31-Dec-18 5:15:01 AM AST,0
31-Dec-18 5:30:02 AM AST,0
31-Dec-18 5:45:01 AM AST,0
31-Dec-18 6:00:00 AM AST,0
31-Dec-18 6:15:01 AM AST,0
31-Dec-18 6:30:02 AM AST,0
31-Dec-18 6:45:01 AM AST,0
31-Dec-18 7:00:00 AM AST,1
31-Dec-18 7:15:02 AM AST,1
31-Dec-18 7:30:01 AM AST,13
31-Dec-18 7:45:01 AM AST,37
31-Dec-18 8:00:00 AM AST,56
31-Dec-18 8:15:01 AM AST,88
31-Dec-18 8:30:01 AM AST,115
31-Dec-18 8:45:01 AM AST,146
31-Dec-18 9:00:00 AM AST,182
31-Dec-18 9:15:02 AM AST,217
31-Dec-18 9:30:01 AM AST,257
31-Dec-18 9:45:01 AM AST,291
31-Dec-18 10:00:00 AM AST,331
31-Dec-18 10:15:01 AM AST,360
31-Dec-18 10:30:01 AM AST,383
31-Dec-18 10:45:01 AM AST,399
31-Dec-18 11:00:00 AM AST,412
31-Dec-18 11:15:01 AM AST,425
31-Dec-18 11:30:01 AM AST,438
31-Dec-18 11:45:01 AM AST,452
31-Dec-18 12:00:00 PM AST,461
31-Dec-18 12:15:01 PM AST,463
31-Dec-18 12:30:01 PM AST,459
31-Dec-18 12:45:01 PM AST,456
31-Dec-18 1:00:00 PM AST,456
31-Dec-18 1:15:01 PM AST,441
31-Dec-18 1:30:01 PM AST,433
31-Dec-18 1:45:01 PM AST,421
31-Dec-18 2:00:00 PM AST,408
31-Dec-18 2:15:01 PM AST,385
31-Dec-18 2:30:01 PM AST,363
31-Dec-18 2:45:01 PM AST,339
31-Dec-18 3:00:00 PM AST,322
31-Dec-18 3:15:01 PM AST,284
31-Dec-18 3:30:01 PM AST,248
31-Dec-18 3:45:01 PM AST,231
31-Dec-18 4:00:01 PM AST,190
31-Dec-18 4:15:01 PM AST,155
31-Dec-18 4:30:02 PM AST,137
31-Dec-18 4:45:01 PM AST,92
31-Dec-18 5:00:01 PM AST,61
31-Dec-18 5:15:01 PM AST,21
31-Dec-18 5:30:01 PM AST,6
31-Dec-18 5:45:01 PM AST,2
31-Dec-18 6:00:01 PM AST,0
31-Dec-18 6:15:01 PM AST,0
31-Dec-18 6:30:01 PM AST,0
31-Dec-18 6:45:01 PM AST,0
31-Dec-18 7:00:01 PM AST,0
31-Dec-18 7:15:01 PM AST,0
31-Dec-18 7:30:01 PM AST,0
31-Dec-18 7:45:01 PM AST,0
31-Dec-18 8:00:01 PM AST,0
31-Dec-18 8:15:01 PM AST,0
31-Dec-18 8:30:01 PM AST,0
31-Dec-18 8:45:01 PM AST,0
31-Dec-18 9:00:01 PM AST,0
31-Dec-18 9:15:01 PM AST,0
31-Dec-18 9:30:02 PM AST,0
31-Dec-18 9:45:01 PM AST,0
31-Dec-18 10:00:01 PM AST,0
31-Dec-18 10:15:02 PM AST,0
31-Dec-18 10:30:01 PM AST,0
31-Dec-18 10:45:02 PM AST,0
31-Dec-18 11:00:01 PM AST,0
31-Dec-18 11:15:01 PM AST,0
31-Dec-18 11:30:01 PM AST,0
31-Dec-18 11:45:01 PM AST,0
01-Jan-19 12:00:00 AM AST,0
01-Jan-19 12:15:01 AM AST,0
01-Jan-19 12:30:01 AM AST,0
01-Jan-19 12:45:01 AM AST,0
01-Jan-19 1:00:00 AM AST,0
01-Jan-19 1:15:01 AM AST,0
01-Jan-19 1:30:01 AM AST,0
01-Jan-19 1:45:02 AM AST,0
01-Jan-19 2:00:00 AM AST,0
01-Jan-19 2:15:01 AM AST,0
01-Jan-19 2:30:00 AM AST,0
01-Jan-19 2:45:02 AM AST,0
01-Jan-19 3:00:00 AM AST,0
01-Jan-19 3:15:01 AM AST,0
01-Jan-19 3:30:01 AM AST,0
01-Jan-19 3:45:01 AM AST,0
01-Jan-19 4:00:00 AM AST,0
01-Jan-19 4:15:01 AM AST,0
01-Jan-19 4:30:02 AM AST,0
01-Jan-19 4:45:01 AM AST,0
01-Jan-19 5:00:00 AM AST,0
01-Jan-19 5:15:01 AM AST,0
01-Jan-19 5:30:01 AM AST,0
01-Jan-19 5:45:01 AM AST,0
01-Jan-19 6:00:00 AM AST,0
01-Jan-19 6:15:01 AM AST,0
01-Jan-19 6:30:02 AM AST,0
01-Jan-19 6:45:01 AM AST,0
01-Jan-19 7:00:00 AM AST,0
01-Jan-19 7:15:01 AM AST,0
01-Jan-19 7:30:01 AM AST,5
01-Jan-19 7:45:01 AM AST,32
01-Jan-19 8:00:00 AM AST,73
01-Jan-19 8:15:02 AM AST,67
01-Jan-19 8:30:01 AM AST,87
01-Jan-19 8:45:01 AM AST,110
01-Jan-19 9:00:00 AM AST,88
01-Jan-19 9:15:02 AM AST,120
01-Jan-19 9:30:01 AM AST,139
01-Jan-19 9:45:01 AM AST,111
01-Jan-19 10:00:01 AM AST,172
01-Jan-19 10:15:01 AM AST,160
01-Jan-19 10:30:01 AM AST,166
01-Jan-19 10:45:01 AM AST,186
01-Jan-19 11:00:01 AM AST,205
01-Jan-19 11:15:01 AM AST,373
01-Jan-19 11:30:01 AM AST,413
01-Jan-19 11:45:02 AM AST,368
01-Jan-19 12:00:01 PM AST,412
01-Jan-19 12:15:01 PM AST,366
01-Jan-19 12:30:01 PM AST,349
01-Jan-19 12:45:01 PM AST,397
01-Jan-19 1:00:01 PM AST,325
01-Jan-19 1:15:01 PM AST,459
01-Jan-19 1:30:01 PM AST,397
01-Jan-19 1:45:01 PM AST,393
01-Jan-19 2:00:01 PM AST,368
01-Jan-19 2:15:01 PM AST,178
01-Jan-19 2:30:02 PM AST,356
01-Jan-19 2:45:01 PM AST,146
01-Jan-19 3:00:01 PM AST,199
01-Jan-19 3:15:01 PM AST,256
01-Jan-19 3:30:01 PM AST,166
01-Jan-19 3:45:01 PM AST,164
01-Jan-19 4:00:02 PM AST,123
01-Jan-19 4:15:01 PM AST,149
01-Jan-19 4:30:01 PM AST,76
01-Jan-19 4:45:02 PM AST,43
01-Jan-19 5:00:00 PM AST,23
01-Jan-19 5:15:01 PM AST,11
01-Jan-19 5:30:02 PM AST,0
01-Jan-19 5:45:01 PM AST,0
01-Jan-19 6:00:00 PM AST,0
01-Jan-19 6:15:01 PM AST,0
01-Jan-19 6:30:01 PM AST,0
01-Jan-19 6:45:01 PM AST,0
01-Jan-19 7:00:01 PM AST,0
01-Jan-19 7:15:02 PM AST,0
01-Jan-19 7:30:01 PM AST,0
01-Jan-19 7:45:01 PM AST,0
01-Jan-19 8:00:00 PM AST,0
01-Jan-19 8:15:01 PM AST,0
01-Jan-19 8:30:01 PM AST,0
01-Jan-19 8:45:02 PM AST,0
01-Jan-19 9:00:00 PM AST,0
01-Jan-19 9:15:01 PM AST,0
01-Jan-19 9:30:01 PM AST,0
01-Jan-19 9:45:01 PM AST,0
01-Jan-19 10:00:00 PM AST,0
01-Jan-19 10:15:02 PM AST,0
01-Jan-19 10:30:02 PM AST,0
01-Jan-19 10:45:02 PM AST,0
01-Jan-19 11:00:00 PM AST,0
01-Jan-19 11:15:01 PM AST,0
01-Jan-19 11:30:02 PM AST,0
01-Jan-19 11:45:01 PM AST,0
02-Jan-19 12:00:00 AM AST,0
02-Jan-19 12:15:01 AM AST,0
02-Jan-19 12:30:01 AM AST,0
02-Jan-19 12:45:01 AM AST,0
02-Jan-19 1:00:01 AM AST,0
02-Jan-19 1:15:01 AM AST,0
02-Jan-19 1:30:01 AM AST,0
02-Jan-19 1:45:01 AM AST,0
02-Jan-19 2:00:00 AM AST,0
02-Jan-19 2:15:01 AM AST,0
02-Jan-19 2:30:01 AM AST,0
02-Jan-19 2:45:01 AM AST,0
02-Jan-19 3:00:00 AM AST,0
02-Jan-19 3:15:01 AM AST,0
02-Jan-19 3:30:01 AM AST,0
02-Jan-19 3:45:02 AM AST,0
02-Jan-19 4:00:00 AM AST,0
02-Jan-19 4:15:01 AM AST,0
02-Jan-19 4:30:01 AM AST,0
02-Jan-19 4:45:01 AM AST,0
02-Jan-19 5:00:00 AM AST,0
02-Jan-19 5:15:01 AM AST,0
02-Jan-19 5:30:01 AM AST,0
02-Jan-19 5:45:01 AM AST,0
02-Jan-19 6:00:01 AM AST,0
02-Jan-19 6:15:01 AM AST,0
02-Jan-19 6:30:01 AM AST,0
02-Jan-19 6:45:01 AM AST,0
02-Jan-19 7:00:01 AM AST,0
02-Jan-19 7:15:01 AM AST,0
02-Jan-19 7:30:01 AM AST,10
02-Jan-19 7:45:01 AM AST,38
02-Jan-19 8:00:01 AM AST,72
02-Jan-19 8:15:01 AM AST,113
02-Jan-19 8:30:01 AM AST,33
02-Jan-19 8:45:02 AM AST,125
02-Jan-19 9:00:01 AM AST,159
02-Jan-19 9:15:01 AM AST,110
02-Jan-19 9:30:01 AM AST,288
02-Jan-19 9:45:01 AM AST,231
02-Jan-19 10:00:02 AM AST,250
02-Jan-19 10:15:02 AM AST,307
02-Jan-19 10:30:02 AM AST,286
02-Jan-19 10:45:02 AM AST,363
02-Jan-19 11:00:02 AM AST,80
02-Jan-19 11:15:01 AM AST,123
02-Jan-19 11:30:01 AM AST,108
02-Jan-19 11:45:01 AM AST,256
02-Jan-19 12:00:01 PM AST,228
02-Jan-19 12:15:02 PM AST,410
02-Jan-19 12:30:01 PM AST,401
02-Jan-19 12:45:01 PM AST,408
02-Jan-19 1:00:02 PM AST,357
02-Jan-19 1:15:01 PM AST,368
02-Jan-19 1:30:01 PM AST,250
02-Jan-19 1:45:01 PM AST,170
02-Jan-19 2:00:01 PM AST,159
02-Jan-19 2:15:01 PM AST,384
02-Jan-19 2:30:01 PM AST,288
02-Jan-19 2:45:02 PM AST,124
02-Jan-19 3:00:01 PM AST,150
02-Jan-19 3:15:02 PM AST,124
02-Jan-19 3:30:01 PM AST,98
02-Jan-19 3:45:01 PM AST,118
02-Jan-19 4:00:01 PM AST,109
02-Jan-19 4:15:01 PM AST,99
02-Jan-19 4:30:01 PM AST,34
02-Jan-19 4:45:02 PM AST,55
02-Jan-19 5:00:01 PM AST,39
02-Jan-19 5:15:01 PM AST,2
02-Jan-19 5:30:01 PM AST,0
02-Jan-19 5:45:01 PM AST,2
02-Jan-19 6:00:01 PM AST,0
02-Jan-19 6:15:01 PM AST,0
02-Jan-19 6:30:02 PM AST,0
02-Jan-19 6:45:01 PM AST,0
02-Jan-19 7:00:01 PM AST,0
02-Jan-19 7:15:02 PM AST,0
02-Jan-19 7:30:01 PM AST,0
02-Jan-19 7:45:01 PM AST,0
02-Jan-19 8:00:02 PM AST,0
02-Jan-19 8:15:01 PM AST,0
02-Jan-19 8:30:02 PM AST,0
02-Jan-19 8:45:01 PM AST,0
02-Jan-19 9:00:01 PM AST,0
02-Jan-19 9:15:02 PM AST,0
02-Jan-19 9:30:01 PM AST,0
02-Jan-19 9:45:01 PM AST,0
02-Jan-19 10:00:01 PM AST,0
02-Jan-19 10:15:01 PM AST,0
02-Jan-19 10:30:01 PM AST,0
02-Jan-19 10:45:01 PM AST,0
02-Jan-19 11:00:01 PM AST,0
02-Jan-19 11:15:02 PM AST,0
02-Jan-19 11:30:01 PM AST,0
02-Jan-19 11:45:02 PM AST,0
03-Jan-19 12:00:02 AM AST,0
03-Jan-19 12:15:02 AM AST,0
03-Jan-19 12:30:02 AM AST,0
03-Jan-19 12:45:02 AM AST,0
03-Jan-19 1:00:02 AM AST,0
03-Jan-19 1:15:02 AM AST,0
03-Jan-19 1:30:02 AM AST,0
03-Jan-19 1:45:02 AM AST,0
03-Jan-19 2:00:02 AM AST,0
03-Jan-19 2:15:02 AM AST,0
03-Jan-19 2:30:02 AM AST,0
03-Jan-19 2:45:02 AM AST,0
03-Jan-19 3:00:02 AM AST,0
03-Jan-19 3:15:01 AM AST,0
03-Jan-19 3:30:02 AM AST,0
03-Jan-19 3:45:02 AM AST,0
03-Jan-19 4:00:01 AM AST,0
03-Jan-19 4:15:01 AM AST,0
03-Jan-19 4:30:01 AM AST,0
03-Jan-19 4:45:01 AM AST,0
03-Jan-19 5:00:01 AM AST,0
03-Jan-19 5:15:01 AM AST,0
03-Jan-19 5:30:01 AM AST,0
03-Jan-19 5:45:01 AM AST,0
03-Jan-19 6:00:02 AM AST,0
03-Jan-19 6:15:02 AM AST,0
03-Jan-19 6:30:01 AM AST,0
03-Jan-19 6:45:02 AM AST,0
03-Jan-19 7:00:01 AM AST,0
03-Jan-19 7:15:01 AM AST,0
03-Jan-19 7:30:01 AM AST,0
03-Jan-19 7:45:01 AM AST,0
03-Jan-19 8:00:01 AM AST,30
03-Jan-19 8:15:01 AM AST,27
03-Jan-19 8:30:01 AM AST,14
03-Jan-19 8:45:01 AM AST,54
03-Jan-19 9:00:01 AM AST,260
03-Jan-19 9:15:01 AM AST,201
03-Jan-19 9:30:01 AM AST,177
03-Jan-19 9:45:01 AM AST,266
03-Jan-19 10:00:01 AM AST,288
03-Jan-19 10:15:01 AM AST,345
03-Jan-19 10:30:01 AM AST,376
03-Jan-19 10:45:01 AM AST,378
03-Jan-19 11:00:01 AM AST,446
03-Jan-19 11:15:01 AM AST,201
03-Jan-19 11:30:01 AM AST,175
03-Jan-19 11:45:01 AM AST,429
03-Jan-19 12:00:01 PM AST,271
03-Jan-19 12:15:01 PM AST,273
03-Jan-19 12:30:01 PM AST,244
03-Jan-19 12:45:01 PM AST,229
03-Jan-19 1:00:02 PM AST,179
03-Jan-19 1:15:02 PM AST,114
03-Jan-19 1:30:01 PM AST,184
03-Jan-19 1:45:01 PM AST,256
03-Jan-19 2:00:03 PM AST,175
03-Jan-19 2:15:01 PM AST,163
03-Jan-19 2:30:02 PM AST,129
03-Jan-19 2:45:01 PM AST,161
03-Jan-19 3:00:02 PM AST,141
03-Jan-19 3:15:01 PM AST,113
03-Jan-19 3:30:01 PM AST,95
03-Jan-19 3:45:02 PM AST,83
03-Jan-19 4:00:01 PM AST,108
03-Jan-19 4:15:01 PM AST,59
03-Jan-19 4:30:01 PM AST,72
03-Jan-19 4:45:01 PM AST,82
03-Jan-19 5:00:02 PM AST,55
03-Jan-19 5:15:02 PM AST,31
03-Jan-19 5:30:01 PM AST,11
03-Jan-19 5:45:01 PM AST,0
03-Jan-19 6:00:01 PM AST,0
03-Jan-19 6:15:02 PM AST,0
03-Jan-19 6:30:01 PM AST,0
03-Jan-19 6:45:01 PM AST,0
03-Jan-19 7:00:01 PM AST,0
03-Jan-19 7:15:01 PM AST,0
03-Jan-19 7:30:02 PM AST,0
03-Jan-19 7:45:01 PM AST,0
03-Jan-19 8:00:01 PM AST,0
03-Jan-19 8:15:02 PM AST,0
03-Jan-19 8:30:01 PM AST,0
03-Jan-19 8:45:01 PM AST,0
03-Jan-19 9:00:02 PM AST,0
03-Jan-19 9:15:01 PM AST,0
03-Jan-19 9:30:01 PM AST,0
03-Jan-19 9:45:02 PM AST,0
03-Jan-19 10:00:01 PM AST,0
03-Jan-19 10:15:01 PM AST,0
03-Jan-19 10:30:01 PM AST,0
03-Jan-19 10:45:01 PM AST,0
03-Jan-19 11:00:01 PM AST,0
03-Jan-19 11:15:01 PM AST,0
03-Jan-19 11:30:01 PM AST,0
03-Jan-19 11:45:01 PM AST,0
04-Jan-19 12:00:01 AM AST,0
04-Jan-19 12:15:01 AM AST,0
04-Jan-19 12:30:01 AM AST,0
04-Jan-19 12:45:01 AM AST,0
04-Jan-19 1:00:01 AM AST,0
04-Jan-19 1:15:01 AM AST,0
04-Jan-19 1:30:01 AM AST,0
04-Jan-19 1:45:01 AM AST,0
04-Jan-19 2:00:02 AM AST,0
04-Jan-19 2:15:01 AM AST,0
04-Jan-19 2:30:01 AM AST,0
04-Jan-19 2:45:01 AM AST,0
04-Jan-19 3:00:02 AM AST,0
04-Jan-19 3:15:01 AM AST,0
04-Jan-19 3:30:01 AM AST,0
04-Jan-19 3:45:01 AM AST,0
04-Jan-19 4:00:02 AM AST,0
04-Jan-19 4:15:01 AM AST,0
04-Jan-19 4:30:01 AM AST,0
04-Jan-19 4:45:01 AM AST,0
04-Jan-19 5:00:01 AM AST,0
04-Jan-19 5:15:01 AM AST,0
04-Jan-19 5:30:01 AM AST,0
04-Jan-19 5:45:01 AM AST,0
04-Jan-19 6:00:02 AM AST,0
04-Jan-19 6:15:01 AM AST,0
04-Jan-19 6:30:01 AM AST,0
04-Jan-19 6:45:01 AM AST,0
04-Jan-19 7:00:01 AM AST,0
04-Jan-19 7:15:01 AM AST,0
04-Jan-19 7:30:01 AM AST,12
04-Jan-19 7:45:01 AM AST,35
04-Jan-19 8:00:01 AM AST,53
04-Jan-19 8:15:01 AM AST,82
04-Jan-19 8:30:01 AM AST,104
04-Jan-19 8:45:01 AM AST,136
04-Jan-19 9:00:01 AM AST,170
04-Jan-19 9:15:01 AM AST,204
04-Jan-19 9:30:02 AM AST,238
04-Jan-19 9:45:02 AM AST,278
04-Jan-19 10:00:01 AM AST,312
04-Jan-19 10:15:01 AM AST,343
04-Jan-19 10:30:01 AM AST,362
04-Jan-19 10:45:01 AM AST,379
04-Jan-19 11:00:01 AM AST,395
04-Jan-19 11:15:01 AM AST,410
04-Jan-19 11:30:01 AM AST,418
04-Jan-19 11:45:01 AM AST,436
04-Jan-19 12:00:01 PM AST,445
04-Jan-19 12:15:01 PM AST,439
04-Jan-19 12:30:01 PM AST,450
04-Jan-19 12:45:01 PM AST,445
04-Jan-19 1:00:01 PM AST,442
04-Jan-19 1:15:01 PM AST,429
04-Jan-19 1:30:01 PM AST,426
04-Jan-19 1:45:01 PM AST,408
04-Jan-19 2:00:01 PM AST,398
04-Jan-19 2:15:02 PM AST,377
04-Jan-19 2:30:01 PM AST,357
04-Jan-19 2:45:01 PM AST,333
04-Jan-19 3:00:01 PM AST,310
04-Jan-19 3:15:02 PM AST,281
04-Jan-19 3:30:01 PM AST,260
04-Jan-19 3:45:01 PM AST,219
04-Jan-19 4:00:01 PM AST,196
04-Jan-19 4:15:01 PM AST,159
04-Jan-19 4:30:01 PM AST,117
04-Jan-19 4:45:01 PM AST,85
04-Jan-19 5:00:01 PM AST,56
04-Jan-19 5:15:01 PM AST,26
04-Jan-19 5:30:01 PM AST,7
04-Jan-19 5:45:01 PM AST,3
04-Jan-19 6:00:01 PM AST,0
04-Jan-19 6:15:01 PM AST,0
04-Jan-19 6:30:02 PM AST,0
04-Jan-19 6:45:01 PM AST,0
04-Jan-19 7:00:01 PM AST,0
04-Jan-19 7:15:01 PM AST,0
04-Jan-19 7:30:01 PM AST,0
04-Jan-19 7:45:02 PM AST,0
04-Jan-19 8:00:01 PM AST,0
04-Jan-19 8:15:01 PM AST,0
04-Jan-19 8:30:02 PM AST,0
04-Jan-19 8:45:01 PM AST,0
04-Jan-19 9:00:02 PM AST,0
04-Jan-19 9:15:02 PM AST,0
04-Jan-19 9:30:01 PM AST,0
04-Jan-19 9:45:01 PM AST,0
04-Jan-19 10:00:01 PM AST,0
04-Jan-19 10:15:01 PM AST,0
04-Jan-19 10:30:01 PM AST,0
04-Jan-19 10:45:01 PM AST,0
04-Jan-19 11:00:01 PM AST,0
04-Jan-19 11:15:02 PM AST,0
04-Jan-19 11:30:01 PM AST,0
04-Jan-19 11:45:02 PM AST,0
05-Jan-19 12:00:02 AM AST,0
05-Jan-19 12:15:01 AM AST,0
05-Jan-19 12:30:01 AM AST,0
05-Jan-19 12:45:01 AM AST,0
05-Jan-19 1:00:01 AM AST,0
05-Jan-19 1:15:01 AM AST,0
05-Jan-19 1:30:01 AM AST,0
05-Jan-19 1:45:01 AM AST,0
05-Jan-19 2:00:01 AM AST,0
05-Jan-19 2:15:01 AM AST,0
05-Jan-19 2:30:02 AM AST,0
05-Jan-19 2:45:01 AM AST,0
05-Jan-19 3:00:01 AM AST,0
05-Jan-19 3:15:02 AM AST,0
05-Jan-19 3:30:02 AM AST,0
05-Jan-19 3:45:01 AM AST,0
05-Jan-19 4:00:01 AM AST,0
05-Jan-19 4:15:01 AM AST,0
05-Jan-19 4:30:01 AM AST,0
05-Jan-19 4:45:02 AM AST,0
05-Jan-19 5:00:03 AM AST,0
05-Jan-19 5:15:02 AM AST,0
05-Jan-19 5:30:02 AM AST,0
05-Jan-19 5:45:02 AM AST,0
05-Jan-19 6:00:02 AM AST,0
05-Jan-19 6:15:02 AM AST,0
05-Jan-19 6:30:02 AM AST,0
05-Jan-19 6:45:01 AM AST,0
05-Jan-19 7:00:01 AM AST,2
05-Jan-19 7:15:01 AM AST,0
05-Jan-19 7:30:02 AM AST,13
05-Jan-19 7:45:01 AM AST,30
05-Jan-19 8:00:01 AM AST,57
05-Jan-19 8:15:01 AM AST,107
05-Jan-19 8:30:01 AM AST,101
05-Jan-19 8:45:01 AM AST,129
05-Jan-19 9:00:01 AM AST,181
05-Jan-19 9:15:01 AM AST,223
05-Jan-19 9:30:01 AM AST,246
05-Jan-19 9:45:01 AM AST,249
05-Jan-19 10:00:01 AM AST,287
05-Jan-19 10:15:02 AM AST,310
05-Jan-19 10:30:01 AM AST,220
05-Jan-19 10:45:01 AM AST,345
05-Jan-19 11:00:01 AM AST,377
05-Jan-19 11:15:02 AM AST,255
05-Jan-19 11:30:01 AM AST,194
05-Jan-19 11:45:01 AM AST,246
05-Jan-19 12:00:02 PM AST,222
05-Jan-19 12:15:01 PM AST,204
05-Jan-19 12:30:01 PM AST,207
05-Jan-19 12:45:01 PM AST,242
05-Jan-19 1:00:01 PM AST,381
05-Jan-19 1:15:01 PM AST,403
05-Jan-19 1:30:01 PM AST,396
05-Jan-19 1:45:01 PM AST,377
05-Jan-19 2:00:01 PM AST,364
05-Jan-19 2:15:01 PM AST,351
05-Jan-19 2:30:01 PM AST,338
05-Jan-19 2:45:01 PM AST,321
05-Jan-19 3:00:01 PM AST,287
05-Jan-19 3:15:02 PM AST,262
05-Jan-19 3:30:02 PM AST,169
05-Jan-19 3:45:01 PM AST,149
05-Jan-19 4:00:01 PM AST,118
05-Jan-19 4:15:01 PM AST,142
05-Jan-19 4:30:01 PM AST,149
05-Jan-19 4:45:01 PM AST,104
05-Jan-19 5:00:01 PM AST,74
05-Jan-19 5:15:01 PM AST,47
05-Jan-19 5:30:01 PM AST,16
05-Jan-19 5:45:01 PM AST,2
05-Jan-19 6:00:02 PM AST,2
05-Jan-19 6:15:02 PM AST,0
05-Jan-19 6:30:01 PM AST,0
05-Jan-19 6:45:01 PM AST,0
05-Jan-19 7:00:01 PM AST,0
05-Jan-19 7:15:01 PM AST,0
05-Jan-19 7:30:01 PM AST,0
05-Jan-19 7:45:01 PM AST,0
05-Jan-19 8:00:02 PM AST,0
05-Jan-19 8:15:01 PM AST,0
05-Jan-19 8:30:01 PM AST,0
05-Jan-19 8:45:01 PM AST,0
05-Jan-19 9:00:02 PM AST,0
05-Jan-19 9:15:01 PM AST,0
05-Jan-19 9:30:01 PM AST,0
05-Jan-19 9:45:01 PM AST,0
05-Jan-19 10:00:01 PM AST,0
05-Jan-19 10:15:01 PM AST,0
05-Jan-19 10:30:01 PM AST,0
05-Jan-19 10:45:01 PM AST,0
05-Jan-19 11:00:01 PM AST,0
05-Jan-19 11:15:01 PM AST,0
05-Jan-19 11:30:02 PM AST,0
05-Jan-19 11:45:01 PM AST,0
06-Jan-19 12:00:01 AM AST,0
06-Jan-19 12:15:02 AM AST,0
06-Jan-19 12:30:02 AM AST,0
06-Jan-19 12:45:01 AM AST,0
06-Jan-19 1:00:01 AM AST,0
06-Jan-19 1:15:02 AM AST,0
06-Jan-19 1:30:01 AM AST,0
06-Jan-19 1:45:01 AM AST,0
06-Jan-19 2:00:01 AM AST,0
06-Jan-19 2:15:01 AM AST,0
06-Jan-19 2:30:01 AM AST,0
06-Jan-19 2:45:01 AM AST,0
06-Jan-19 3:00:01 AM AST,0
06-Jan-19 3:15:01 AM AST,0
06-Jan-19 3:30:01 AM AST,0
06-Jan-19 3:45:01 AM AST,0
06-Jan-19 4:00:01 AM AST,0
06-Jan-19 4:15:01 AM AST,0
06-Jan-19 4:30:01 AM AST,0
06-Jan-19 4:45:01 AM AST,0
06-Jan-19 5:00:01 AM AST,0
06-Jan-19 5:15:02 AM AST,0
06-Jan-19 5:30:01 AM AST,0
06-Jan-19 5:45:01 AM AST,0
06-Jan-19 6:00:01 AM AST,0
06-Jan-19 6:15:01 AM AST,0
06-Jan-19 6:30:01 AM AST,0
06-Jan-19 6:45:02 AM AST,0
06-Jan-19 7:00:02 AM AST,0
06-Jan-19 7:15:01 AM AST,0
06-Jan-19 7:30:01 AM AST,5
06-Jan-19 7:45:01 AM AST,77
06-Jan-19 8:00:01 AM AST,85
06-Jan-19 8:15:01 AM AST,69
06-Jan-19 8:30:01 AM AST,87
06-Jan-19 8:45:01 AM AST,150
06-Jan-19 9:00:01 AM AST,158
06-Jan-19 9:15:01 AM AST,184
06-Jan-19 9:30:01 AM AST,176
06-Jan-19 9:45:01 AM AST,98
06-Jan-19 10:00:01 AM AST,229
06-Jan-19 10:15:03 AM AST,296
06-Jan-19 10:30:01 AM AST,340
06-Jan-19 10:45:01 AM AST,311
06-Jan-19 11:00:01 AM AST,358
06-Jan-19 11:15:01 AM AST,212
06-Jan-19 11:30:01 AM AST,235
06-Jan-19 11:45:02 AM AST,372
06-Jan-19 12:00:01 PM AST,417
06-Jan-19 12:15:01 PM AST,413
06-Jan-19 12:30:01 PM AST,412
06-Jan-19 12:45:02 PM AST,415
06-Jan-19 1:00:02 PM AST,419
06-Jan-19 1:15:01 PM AST,409
06-Jan-19 1:30:01 PM AST,329
06-Jan-19 1:45:01 PM AST,436
06-Jan-19 2:00:02 PM AST,324
06-Jan-19 2:15:01 PM AST,352
06-Jan-19 2:30:01 PM AST,332
06-Jan-19 2:45:01 PM AST,310
06-Jan-19 3:00:01 PM AST,277
06-Jan-19 3:15:01 PM AST,258
06-Jan-19 3:30:01 PM AST,225
06-Jan-19 3:45:01 PM AST,196
06-Jan-19 4:00:01 PM AST,148
06-Jan-19 4:15:01 PM AST,129
06-Jan-19 4:30:02 PM AST,53
06-Jan-19 4:45:01 PM AST,67
06-Jan-19 5:00:01 PM AST,54
06-Jan-19 5:15:01 PM AST,8
06-Jan-19 5:30:01 PM AST,0
06-Jan-19 5:45:01 PM AST,1
06-Jan-19 6:00:02 PM AST,0
06-Jan-19 6:15:02 PM AST,0
06-Jan-19 6:30:02 PM AST,0
06-Jan-19 6:45:02 PM AST,0
06-Jan-19 7:00:02 PM AST,0
06-Jan-19 7:15:02 PM AST,0
06-Jan-19 7:30:01 PM AST,0
06-Jan-19 7:45:01 PM AST,0
06-Jan-19 8:00:01 PM AST,0
06-Jan-19 8:15:01 PM AST,0
06-Jan-19 8:30:01 PM AST,0
06-Jan-19 8:45:01 PM AST,0
06-Jan-19 9:00:02 PM AST,0
06-Jan-19 9:15:02 PM AST,0
06-Jan-19 9:30:01 PM AST,0
06-Jan-19 9:45:01 PM AST,0
06-Jan-19 10:00:02 PM AST,0
06-Jan-19 10:15:01 PM AST,0
06-Jan-19 10:30:01 PM AST,0
06-Jan-19 10:45:01 PM AST,0
06-Jan-19 11:00:01 PM AST,0
06-Jan-19 11:15:01 PM AST,0
06-Jan-19 11:30:01 PM AST,0
06-Jan-19 11:45:01 PM AST,0
07-Jan-19 12:00:01 AM AST,0
07-Jan-19 12:15:01 AM AST,0
07-Jan-19 12:30:01 AM AST,0
07-Jan-19 12:45:01 AM AST,0
07-Jan-19 1:00:01 AM AST,0
07-Jan-19 1:15:01 AM AST,0
07-Jan-19 1:30:01 AM AST,0
07-Jan-19 1:45:01 AM AST,0
07-Jan-19 2:00:02 AM AST,0
07-Jan-19 2:15:02 AM AST,0
07-Jan-19 2:30:02 AM AST,0
07-Jan-19 2:45:01 AM AST,0
07-Jan-19 3:00:02 AM AST,0
07-Jan-19 3:15:01 AM AST,0
07-Jan-19 3:30:01 AM AST,0
07-Jan-19 3:45:02 AM AST,0
07-Jan-19 4:00:01 AM AST,0
07-Jan-19 4:15:01 AM AST,0
07-Jan-19 4:30:02 AM AST,0
07-Jan-19 4:45:01 AM AST,0
07-Jan-19 5:00:01 AM AST,0
07-Jan-19 5:15:01 AM AST,0
07-Jan-19 5:30:01 AM AST,0
07-Jan-19 5:45:01 AM AST,0
07-Jan-19 6:00:01 AM AST,0
07-Jan-19 6:15:01 AM AST,0
07-Jan-19 6:30:02 AM AST,0
07-Jan-19 6:45:02 AM AST,0
07-Jan-19 7:00:02 AM AST,4
07-Jan-19 7:15:02 AM AST,0
07-Jan-19 7:30:01 AM AST,5
07-Jan-19 7:45:01 AM AST,37
07-Jan-19 8:00:01 AM AST,69
07-Jan-19 8:15:02 AM AST,105
07-Jan-19 8:30:02 AM AST,127
07-Jan-19 8:45:01 AM AST,163
07-Jan-19 9:00:01 AM AST,193
07-Jan-19 9:15:02 AM AST,240
07-Jan-19 9:30:02 AM AST,269
07-Jan-19 9:45:01 AM AST,284
07-Jan-19 10:00:01 AM AST,342
07-Jan-19 10:15:01 AM AST,388
07-Jan-19 10:30:02 AM AST,316
07-Jan-19 10:45:01 AM AST,223
07-Jan-19 11:00:01 AM AST,224
07-Jan-19 11:15:01 AM AST,249
07-Jan-19 11:30:01 AM AST,389
07-Jan-19 11:45:01 AM AST,345
07-Jan-19 12:00:01 PM AST,436
07-Jan-19 12:15:01 PM AST,469
07-Jan-19 12:30:01 PM AST,331
07-Jan-19 12:45:02 PM AST,346
07-Jan-19 1:00:01 PM AST,420
07-Jan-19 1:15:02 PM AST,450
07-Jan-19 1:30:01 PM AST,438
07-Jan-19 1:45:01 PM AST,418
07-Jan-19 2:00:01 PM AST,385
07-Jan-19 2:15:01 PM AST,362
07-Jan-19 2:30:01 PM AST,354
07-Jan-19 2:45:01 PM AST,349
07-Jan-19 3:00:01 PM AST,332
07-Jan-19 3:15:01 PM AST,295
07-Jan-19 3:30:01 PM AST,223
07-Jan-19 3:45:02 PM AST,203
07-Jan-19 4:00:01 PM AST,225
07-Jan-19 4:15:01 PM AST,147
07-Jan-19 4:30:01 PM AST,103
07-Jan-19 4:45:01 PM AST,95
07-Jan-19 5:00:01 PM AST,58
07-Jan-19 5:15:02 PM AST,20
07-Jan-19 5:30:01 PM AST,5
07-Jan-19 5:45:01 PM AST,0
07-Jan-19 6:00:01 PM AST,3
07-Jan-19 6:15:01 PM AST,0
07-Jan-19 6:30:02 PM AST,0
07-Jan-19 6:45:01 PM AST,0
07-Jan-19 7:00:02 PM AST,0
07-Jan-19 7:15:01 PM AST,0
07-Jan-19 7:30:01 PM AST,0
07-Jan-19 7:45:02 PM AST,0
07-Jan-19 8:00:00 PM AST,0
07-Jan-19 8:15:01 PM AST,0
07-Jan-19 8:30:01 PM AST,0
07-Jan-19 8:45:01 PM AST,0
07-Jan-19 9:00:00 PM AST,0
07-Jan-19 9:15:01 PM AST,0
07-Jan-19 9:30:01 PM AST,0
07-Jan-19 9:45:01 PM AST,0
07-Jan-19 10:00:00 PM AST,0
07-Jan-19 10:15:01 PM AST,0
07-Jan-19 10:30:01 PM AST,0
07-Jan-19 10:45:01 PM AST,0
07-Jan-19 11:00:00 PM AST,0
07-Jan-19 11:15:01 PM AST,0
07-Jan-19 11:30:01 PM AST,0
07-Jan-19 11:45:02 PM AST,0
08-Jan-19 12:00:00 AM AST,0
08-Jan-19 12:15:01 AM AST,0
08-Jan-19 12:30:01 AM AST,0
08-Jan-19 12:45:01 AM AST,0
08-Jan-19 1:00:00 AM AST,0
08-Jan-19 1:15:01 AM AST,0
08-Jan-19 1:30:01 AM AST,0
08-Jan-19 1:45:01 AM AST,0
08-Jan-19 2:00:00 AM AST,0
08-Jan-19 2:15:00 AM AST,0
08-Jan-19 2:30:01 AM AST,0
08-Jan-19 2:45:02 AM AST,0
08-Jan-19 3:00:00 AM AST,0
08-Jan-19 3:15:01 AM AST,0
08-Jan-19 3:30:01 AM AST,0
08-Jan-19 3:45:01 AM AST,0
08-Jan-19 4:00:00 AM AST,0
08-Jan-19 4:15:01 AM AST,0
08-Jan-19 4:30:01 AM AST,0
08-Jan-19 4:45:01 AM AST,0
08-Jan-19 5:00:00 AM AST,0
08-Jan-19 5:15:02 AM AST,0
08-Jan-19 5:30:01 AM AST,0
08-Jan-19 5:45:01 AM AST,0
08-Jan-19 6:00:01 AM AST,0
08-Jan-19 6:15:01 AM AST,0
08-Jan-19 6:30:01 AM AST,0
08-Jan-19 6:45:01 AM AST,0
08-Jan-19 7:00:01 AM AST,3
08-Jan-19 7:15:01 AM AST,1
08-Jan-19 7:30:02 AM AST,16
08-Jan-19 7:45:01 AM AST,47
08-Jan-19 8:00:01 AM AST,57
08-Jan-19 8:15:02 AM AST,91
08-Jan-19 8:30:01 AM AST,99
08-Jan-19 8:45:01 AM AST,141
08-Jan-19 9:00:01 AM AST,173
08-Jan-19 9:15:01 AM AST,184
08-Jan-19 9:30:01 AM AST,233
08-Jan-19 9:45:01 AM AST,262
08-Jan-19 10:00:02 AM AST,341
08-Jan-19 10:15:02 AM AST,394
08-Jan-19 10:30:01 AM AST,303
08-Jan-19 10:45:02 AM AST,323
08-Jan-19 11:00:01 AM AST,357
08-Jan-19 11:15:02 AM AST,331
08-Jan-19 11:30:01 AM AST,456
08-Jan-19 11:45:01 AM AST,428
08-Jan-19 12:00:00 PM AST,235
08-Jan-19 12:15:01 PM AST,485
08-Jan-19 12:30:01 PM AST,459
08-Jan-19 12:45:01 PM AST,456
08-Jan-19 1:00:00 PM AST,460
08-Jan-19 1:15:01 PM AST,452
08-Jan-19 1:30:01 PM AST,443
08-Jan-19 1:45:02 PM AST,235
08-Jan-19 2:00:00 PM AST,438
08-Jan-19 2:15:01 PM AST,201
08-Jan-19 2:30:01 PM AST,119
08-Jan-19 2:45:01 PM AST,90
08-Jan-19 3:00:00 PM AST,121
08-Jan-19 3:15:02 PM AST,300
08-Jan-19 3:30:01 PM AST,226
08-Jan-19 3:45:01 PM AST,187
08-Jan-19 4:00:01 PM AST,183
08-Jan-19 4:15:02 PM AST,142
08-Jan-19 4:30:02 PM AST,93
08-Jan-19 4:45:01 PM AST,48
08-Jan-19 5:00:00 PM AST,51
08-Jan-19 5:15:01 PM AST,21
08-Jan-19 5:30:01 PM AST,0
08-Jan-19 5:45:01 PM AST,0
08-Jan-19 6:00:01 PM AST,0
08-Jan-19 6:15:01 PM AST,0
08-Jan-19 6:30:01 PM AST,0
08-Jan-19 6:45:02 PM AST,0
08-Jan-19 7:00:00 PM AST,0
08-Jan-19 7:15:01 PM AST,0
08-Jan-19 7:30:01 PM AST,0
08-Jan-19 7:45:01 PM AST,0
08-Jan-19 8:00:00 PM AST,0
08-Jan-19 8:15:01 PM AST,0
08-Jan-19 8:30:01 PM AST,0
08-Jan-19 8:45:01 PM AST,0
08-Jan-19 9:00:00 PM AST,0
08-Jan-19 9:15:01 PM AST,0
08-Jan-19 9:30:02 PM AST,0
08-Jan-19 9:45:02 PM AST,0
08-Jan-19 10:00:00 PM AST,0
08-Jan-19 10:15:02 PM AST,0
08-Jan-19 10:30:01 PM AST,0
08-Jan-19 10:45:01 PM AST,0
08-Jan-19 11:00:00 PM AST,0
08-Jan-19 11:15:01 PM AST,0
08-Jan-19 11:30:01 PM AST,0
08-Jan-19 11:45:01 PM AST,0
09-Jan-19 12:00:00 AM AST,0
09-Jan-19 12:15:02 AM AST,0
09-Jan-19 12:30:01 AM AST,0
09-Jan-19 12:45:01 AM AST,0
09-Jan-19 1:00:00 AM AST,0
09-Jan-19 1:15:01 AM AST,0
09-Jan-19 1:30:01 AM AST,0
09-Jan-19 1:45:02 AM AST,0
09-Jan-19 2:00:00 AM AST,0
09-Jan-19 2:15:01 AM AST,0
09-Jan-19 2:30:01 AM AST,0
09-Jan-19 2:45:01 AM AST,0
09-Jan-19 3:00:00 AM AST,0
09-Jan-19 3:15:01 AM AST,0
09-Jan-19 3:30:01 AM AST,0
09-Jan-19 3:45:02 AM AST,0
09-Jan-19 4:00:01 AM AST,0
09-Jan-19 4:15:02 AM AST,0
09-Jan-19 4:30:01 AM AST,0
09-Jan-19 4:45:01 AM AST,0
09-Jan-19 5:00:01 AM AST,0
09-Jan-19 5:15:02 AM AST,0
09-Jan-19 5:30:02 AM AST,0
09-Jan-19 5:45:01 AM AST,0
09-Jan-19 6:00:01 AM AST,0
09-Jan-19 6:15:01 AM AST,0
09-Jan-19 6:30:02 AM AST,0
09-Jan-19 6:45:01 AM AST,0
09-Jan-19 7:00:00 AM AST,0
09-Jan-19 7:15:01 AM AST,4
09-Jan-19 7:30:01 AM AST,5
09-Jan-19 7:45:01 AM AST,20
09-Jan-19 8:00:01 AM AST,36
09-Jan-19 8:15:01 AM AST,40
09-Jan-19 8:30:02 AM AST,44
09-Jan-19 8:45:01 AM AST,122
09-Jan-19 9:00:01 AM AST,181
09-Jan-19 9:15:01 AM AST,223
09-Jan-19 9:30:01 AM AST,183
09-Jan-19 9:45:01 AM AST,277
09-Jan-19 10:00:00 AM AST,221
09-Jan-19 10:15:01 AM AST,360
09-Jan-19 10:30:02 AM AST,386
09-Jan-19 10:45:01 AM AST,436
09-Jan-19 11:00:00 AM AST,408
09-Jan-19 11:15:01 AM AST,432
09-Jan-19 11:30:01 AM AST,454
09-Jan-19 11:45:02 AM AST,451
09-Jan-19 12:00:00 PM AST,451
09-Jan-19 12:15:01 PM AST,461
09-Jan-19 12:30:01 PM AST,468
09-Jan-19 12:45:01 PM AST,474
09-Jan-19 1:00:00 PM AST,470
09-Jan-19 1:15:02 PM AST,457
09-Jan-19 1:30:02 PM AST,426
09-Jan-19 1:45:01 PM AST,433
09-Jan-19 2:00:00 PM AST,427
09-Jan-19 2:15:01 PM AST,401
09-Jan-19 2:30:01 PM AST,387
09-Jan-19 2:45:01 PM AST,358
09-Jan-19 3:00:00 PM AST,350
09-Jan-19 3:15:01 PM AST,316
09-Jan-19 3:30:01 PM AST,285
09-Jan-19 3:45:02 PM AST,252
09-Jan-19 4:00:00 PM AST,215
09-Jan-19 4:15:01 PM AST,172
09-Jan-19 4:30:01 PM AST,130
09-Jan-19 4:45:01 PM AST,97
09-Jan-19 5:00:00 PM AST,70
09-Jan-19 5:15:01 PM AST,37
09-Jan-19 5:30:01 PM AST,19
09-Jan-19 5:45:01 PM AST,0
09-Jan-19 6:00:02 PM AST,0
09-Jan-19 6:15:01 PM AST,0
09-Jan-19 6:30:01 PM AST,0
09-Jan-19 6:45:01 PM AST,0
09-Jan-19 7:00:02 PM AST,0
09-Jan-19 7:15:01 PM AST,0
09-Jan-19 7:30:01 PM AST,0
09-Jan-19 7:45:01 PM AST,0
09-Jan-19 8:00:01 PM AST,0
09-Jan-19 8:15:01 PM AST,0
09-Jan-19 8:30:01 PM AST,0
09-Jan-19 8:45:01 PM AST,0
09-Jan-19 9:00:01 PM AST,0
09-Jan-19 9:15:01 PM AST,0
09-Jan-19 9:30:01 PM AST,0
09-Jan-19 9:45:01 PM AST,0
09-Jan-19 10:00:01 PM AST,0
09-Jan-19 10:15:01 PM AST,0
09-Jan-19 10:30:01 PM AST,0
09-Jan-19 10:45:02 PM AST,0
09-Jan-19 11:00:01 PM AST,0
09-Jan-19 11:15:02 PM AST,0
09-Jan-19 11:30:01 PM AST,0
09-Jan-19 11:45:01 PM AST,0
10-Jan-19 12:00:00 AM AST,0
10-Jan-19 12:15:01 AM AST,0
10-Jan-19 12:30:01 AM AST,0
10-Jan-19 12:45:02 AM AST,0
10-Jan-19 1:00:00 AM AST,0
10-Jan-19 1:15:02 AM AST,0
10-Jan-19 1:30:02 AM AST,0
10-Jan-19 1:45:02 AM AST,0
10-Jan-19 2:00:00 AM AST,0
10-Jan-19 2:15:01 AM AST,0
10-Jan-19 2:30:01 AM AST,0
10-Jan-19 2:45:01 AM AST,0
10-Jan-19 3:00:00 AM AST,0
10-Jan-19 3:15:01 AM AST,0
10-Jan-19 3:30:01 AM AST,0
10-Jan-19 3:45:01 AM AST,0
10-Jan-19 4:00:00 AM AST,0
10-Jan-19 4:15:02 AM AST,0
10-Jan-19 4:30:01 AM AST,0
10-Jan-19 4:45:01 AM AST,0
10-Jan-19 5:00:01 AM AST,0
10-Jan-19 5:15:01 AM AST,0
10-Jan-19 5:30:02 AM AST,0
10-Jan-19 5:45:01 AM AST,0
10-Jan-19 6:00:00 AM AST,0
10-Jan-19 6:15:01 AM AST,0
10-Jan-19 6:30:01 AM AST,0
10-Jan-19 6:45:01 AM AST,0
10-Jan-19 7:00:00 AM AST,5
10-Jan-19 7:15:01 AM AST,3
10-Jan-19 7:30:01 AM AST,37
10-Jan-19 7:45:01 AM AST,73
10-Jan-19 8:00:00 AM AST,98
10-Jan-19 8:15:02 AM AST,106
10-Jan-19 8:30:01 AM AST,73
10-Jan-19 8:45:01 AM AST,87
10-Jan-19 9:00:00 AM AST,181
10-Jan-19 9:15:01 AM AST,226
10-Jan-19 9:30:01 AM AST,268
10-Jan-19 9:45:01 AM AST,284
10-Jan-19 10:00:00 AM AST,336
10-Jan-19 10:15:02 AM AST,213
10-Jan-19 10:30:02 AM AST,266
10-Jan-19 10:45:01 AM AST,361
10-Jan-19 11:00:00 AM AST,411
10-Jan-19 11:15:01 AM AST,442
10-Jan-19 11:30:02 AM AST,451
10-Jan-19 11:45:01 AM AST,470
10-Jan-19 12:00:00 PM AST,501
10-Jan-19 12:15:02 PM AST,453
10-Jan-19 12:30:02 PM AST,461
10-Jan-19 12:45:01 PM AST,452
10-Jan-19 1:00:01 PM AST,451
10-Jan-19 1:15:01 PM AST,439
10-Jan-19 1:30:01 PM AST,434
10-Jan-19 1:45:01 PM AST,429
10-Jan-19 2:00:01 PM AST,414
10-Jan-19 2:15:02 PM AST,398
10-Jan-19 2:30:01 PM AST,375
10-Jan-19 2:45:01 PM AST,350
10-Jan-19 3:00:01 PM AST,327
10-Jan-19 3:15:03 PM AST,298
10-Jan-19 3:30:01 PM AST,264
10-Jan-19 3:45:01 PM AST,240
10-Jan-19 4:00:01 PM AST,198
10-Jan-19 4:15:01 PM AST,172
10-Jan-19 4:30:01 PM AST,133
10-Jan-19 4:45:01 PM AST,99
10-Jan-19 5:00:01 PM AST,65
10-Jan-19 5:15:01 PM AST,36
10-Jan-19 5:30:01 PM AST,14
10-Jan-19 5:45:01 PM AST,0
10-Jan-19 6:00:01 PM AST,0
10-Jan-19 6:15:01 PM AST,1
10-Jan-19 6:30:01 PM AST,0
10-Jan-19 6:45:02 PM AST,0
10-Jan-19 7:00:00 PM AST,0
10-Jan-19 7:15:01 PM AST,0
10-Jan-19 7:30:01 PM AST,0
10-Jan-19 7:45:01 PM AST,0
10-Jan-19 8:00:00 PM AST,0
10-Jan-19 8:15:01 PM AST,0
10-Jan-19 8:30:01 PM AST,0
10-Jan-19 8:45:01 PM AST,0
10-Jan-19 9:00:00 PM AST,0
10-Jan-19 9:15:01 PM AST,0
10-Jan-19 9:30:02 PM AST,0
10-Jan-19 9:45:01 PM AST,0
10-Jan-19 10:00:00 PM AST,0
10-Jan-19 10:15:02 PM AST,0
10-Jan-19 10:30:02 PM AST,0
10-Jan-19 10:45:02 PM AST,0
10-Jan-19 11:00:00 PM AST,0
10-Jan-19 11:15:01 PM AST,0
10-Jan-19 11:30:01 PM AST,0
10-Jan-19 11:45:01 PM AST,0
11-Jan-19 12:00:00 AM AST,0
11-Jan-19 12:15:01 AM AST,0
11-Jan-19 12:30:01 AM AST,0
11-Jan-19 12:45:02 AM AST,0
11-Jan-19 1:00:00 AM AST,0
11-Jan-19 1:15:01 AM AST,0
11-Jan-19 1:30:01 AM AST,0
11-Jan-19 1:45:01 AM AST,0
11-Jan-19 2:00:00 AM AST,0
11-Jan-19 2:15:01 AM AST,0
11-Jan-19 2:30:01 AM AST,0
11-Jan-19 2:45:02 AM AST,0
11-Jan-19 3:00:00 AM AST,0
11-Jan-19 3:15:01 AM AST,0
11-Jan-19 3:30:01 AM AST,0
11-Jan-19 3:45:01 AM AST,0
11-Jan-19 4:00:00 AM AST,0
11-Jan-19 4:15:01 AM AST,0
11-Jan-19 4:30:01 AM AST,0
11-Jan-19 4:45:01 AM AST,0
11-Jan-19 5:00:01 AM AST,0
11-Jan-19 5:15:01 AM AST,0
11-Jan-19 5:30:01 AM AST,0
11-Jan-19 5:45:01 AM AST,0
11-Jan-19 6:00:01 AM AST,0
11-Jan-19 6:15:01 AM AST,0
11-Jan-19 6:30:01 AM AST,0
11-Jan-19 6:45:01 AM AST,0
11-Jan-19 7:00:00 AM AST,1
11-Jan-19 7:15:01 AM AST,0
11-Jan-19 7:30:01 AM AST,5
11-Jan-19 7:45:01 AM AST,28
11-Jan-19 8:00:00 AM AST,54
11-Jan-19 8:15:01 AM AST,81
11-Jan-19 8:30:01 AM AST,107
11-Jan-19 8:45:01 AM AST,139
11-Jan-19 9:00:00 AM AST,175
11-Jan-19 9:15:01 AM AST,208
11-Jan-19 9:30:02 AM AST,233
11-Jan-19 9:45:01 AM AST,271
11-Jan-19 10:00:01 AM AST,292
11-Jan-19 10:15:01 AM AST,330
11-Jan-19 10:30:01 AM AST,356
11-Jan-19 10:45:01 AM AST,376
11-Jan-19 11:00:00 AM AST,394
11-Jan-19 11:15:01 AM AST,415
11-Jan-19 11:30:01 AM AST,428
11-Jan-19 11:45:01 AM AST,441
11-Jan-19 12:00:00 PM AST,447
11-Jan-19 12:15:01 PM AST,452
11-Jan-19 12:30:02 PM AST,454
11-Jan-19 12:45:01 PM AST,451
11-Jan-19 1:00:00 PM AST,443
11-Jan-19 1:15:01 PM AST,437
11-Jan-19 1:30:01 PM AST,430
11-Jan-19 1:45:01 PM AST,422
11-Jan-19 2:00:00 PM AST,402
11-Jan-19 2:15:01 PM AST,385
11-Jan-19 2:30:01 PM AST,373
11-Jan-19 2:45:01 PM AST,349
11-Jan-19 3:00:00 PM AST,330
11-Jan-19 3:15:02 PM AST,299
11-Jan-19 3:30:01 PM AST,266
11-Jan-19 3:45:01 PM AST,229
11-Jan-19 4:00:00 PM AST,201
11-Jan-19 4:15:01 PM AST,168
11-Jan-19 4:30:01 PM AST,127
11-Jan-19 4:45:02 PM AST,90
11-Jan-19 5:00:00 PM AST,66
11-Jan-19 5:15:02 PM AST,38
11-Jan-19 5:30:02 PM AST,18
11-Jan-19 5:45:01 PM AST,1
11-Jan-19 6:00:00 PM AST,3
11-Jan-19 6:15:01 PM AST,0
11-Jan-19 6:30:01 PM AST,0
11-Jan-19 6:45:02 PM AST,0
11-Jan-19 7:00:00 PM AST,0
11-Jan-19 7:15:01 PM AST,0
11-Jan-19 7:30:01 PM AST,0
11-Jan-19 7:45:01 PM AST,0
11-Jan-19 8:00:01 PM AST,0
11-Jan-19 8:15:02 PM AST,0
11-Jan-19 8:30:02 PM AST,0
11-Jan-19 8:45:01 PM AST,0
11-Jan-19 9:00:00 PM AST,0
11-Jan-19 9:15:02 PM AST,0
11-Jan-19 9:30:01 PM AST,0
11-Jan-19 9:45:01 PM AST,0
11-Jan-19 10:00:01 PM AST,0
11-Jan-19 10:15:01 PM AST,0
11-Jan-19 10:30:01 PM AST,0
11-Jan-19 10:45:01 PM AST,0
11-Jan-19 11:00:03 PM AST,0
11-Jan-19 11:15:02 PM AST,0
11-Jan-19 11:30:01 PM AST,0
11-Jan-19 11:45:02 PM AST,0
12-Jan-19 12:00:01 AM AST,0
12-Jan-19 12:15:01 AM AST,0
12-Jan-19 12:30:01 AM AST,0
12-Jan-19 12:45:01 AM AST,0
12-Jan-19 1:00:01 AM AST,0
12-Jan-19 1:15:02 AM AST,0
12-Jan-19 1:30:01 AM AST,0
12-Jan-19 1:45:01 AM AST,0
12-Jan-19 2:00:01 AM AST,0
12-Jan-19 2:15:01 AM AST,0
12-Jan-19 2:30:01 AM AST,0
12-Jan-19 2:45:02 AM AST,0
12-Jan-19 3:00:01 AM AST,0
12-Jan-19 3:15:01 AM AST,0
12-Jan-19 3:30:02 AM AST,0
12-Jan-19 3:45:01 AM AST,0
12-Jan-19 4:00:00 AM AST,0
12-Jan-19 4:15:01 AM AST,0
12-Jan-19 4:30:01 AM AST,0
12-Jan-19 4:45:01 AM AST,0
12-Jan-19 5:00:01 AM AST,0
12-Jan-19 5:15:02 AM AST,0
12-Jan-19 5:30:02 AM AST,0
12-Jan-19 5:45:01 AM AST,0
12-Jan-19 6:00:01 AM AST,0
12-Jan-19 6:15:01 AM AST,0
12-Jan-19 6:30:01 AM AST,0
12-Jan-19 6:45:01 AM AST,0
12-Jan-19 7:00:01 AM AST,0
12-Jan-19 7:15:01 AM AST,0
12-Jan-19 7:30:01 AM AST,14
12-Jan-19 7:45:02 AM AST,23
12-Jan-19 8:00:00 AM AST,45
12-Jan-19 8:15:01 AM AST,76
12-Jan-19 8:30:01 AM AST,98
12-Jan-19 8:45:01 AM AST,133
12-Jan-19 9:00:00 AM AST,165
12-Jan-19 9:15:01 AM AST,197
12-Jan-19 9:30:01 AM AST,228
12-Jan-19 9:45:01 AM AST,261
12-Jan-19 10:00:00 AM AST,291
12-Jan-19 10:15:01 AM AST,325
12-Jan-19 10:30:01 AM AST,348
12-Jan-19 10:45:01 AM AST,369
12-Jan-19 11:00:00 AM AST,385
12-Jan-19 11:15:01 AM AST,395
12-Jan-19 11:30:01 AM AST,414
12-Jan-19 11:45:01 AM AST,424
12-Jan-19 12:00:00 PM AST,433
12-Jan-19 12:15:01 PM AST,441
12-Jan-19 12:30:01 PM AST,444
12-Jan-19 12:45:02 PM AST,436
12-Jan-19 1:00:01 PM AST,451
12-Jan-19 1:15:03 PM AST,440
12-Jan-19 1:30:01 PM AST,423
12-Jan-19 1:45:01 PM AST,414
12-Jan-19 2:00:01 PM AST,403
12-Jan-19 2:15:01 PM AST,387
12-Jan-19 2:30:01 PM AST,367
12-Jan-19 2:45:02 PM AST,343
12-Jan-19 3:00:00 PM AST,320
12-Jan-19 3:15:01 PM AST,283
12-Jan-19 3:30:01 PM AST,253
12-Jan-19 3:45:01 PM AST,232
12-Jan-19 4:00:01 PM AST,184
12-Jan-19 4:15:01 PM AST,170
12-Jan-19 4:30:01 PM AST,131
12-Jan-19 4:45:01 PM AST,99
12-Jan-19 5:00:01 PM AST,68
12-Jan-19 5:15:01 PM AST,39
12-Jan-19 5:30:01 PM AST,13
12-Jan-19 5:45:01 PM AST,0
12-Jan-19 6:00:01 PM AST,0
12-Jan-19 6:15:01 PM AST,0
12-Jan-19 6:30:01 PM AST,0
12-Jan-19 6:45:02 PM AST,0
12-Jan-19 7:00:01 PM AST,0
12-Jan-19 7:15:01 PM AST,0
12-Jan-19 7:30:01 PM AST,0
12-Jan-19 7:45:01 PM AST,0
12-Jan-19 8:00:01 PM AST,0
12-Jan-19 8:15:01 PM AST,0
12-Jan-19 8:30:01 PM AST,0
12-Jan-19 8:45:01 PM AST,0
12-Jan-19 9:00:01 PM AST,0
12-Jan-19 9:15:02 PM AST,0
12-Jan-19 9:30:01 PM AST,0
12-Jan-19 9:45:01 PM AST,0
12-Jan-19 10:00:01 PM AST,0
12-Jan-19 10:15:01 PM AST,0
12-Jan-19 10:30:01 PM AST,0
12-Jan-19 10:45:01 PM AST,0
12-Jan-19 11:00:00 PM AST,0
12-Jan-19 11:15:01 PM AST,0
12-Jan-19 11:30:01 PM AST,0
12-Jan-19 11:45:01 PM AST,0
13-Jan-19 12:00:00 AM AST,0
13-Jan-19 12:15:01 AM AST,0
13-Jan-19 12:30:01 AM AST,0
13-Jan-19 12:45:01 AM AST,0
13-Jan-19 1:00:00 AM AST,0
13-Jan-19 1:15:01 AM AST,0
13-Jan-19 1:30:01 AM AST,0
13-Jan-19 1:45:01 AM AST,0
13-Jan-19 2:00:00 AM AST,0
13-Jan-19 2:15:01 AM AST,0
13-Jan-19 2:30:01 AM AST,0
13-Jan-19 2:45:01 AM AST,0
13-Jan-19 3:00:00 AM AST,0
13-Jan-19 3:15:01 AM AST,0
13-Jan-19 3:30:01 AM AST,0
13-Jan-19 3:45:01 AM AST,0
13-Jan-19 4:00:00 AM AST,0
13-Jan-19 4:15:01 AM AST,0
13-Jan-19 4:30:01 AM AST,0
13-Jan-19 4:45:01 AM AST,0
13-Jan-19 5:00:00 AM AST,0
13-Jan-19 5:15:01 AM AST,0
13-Jan-19 5:30:01 AM AST,0
13-Jan-19 5:45:01 AM AST,0
13-Jan-19 6:00:00 AM AST,0
13-Jan-19 6:15:02 AM AST,0
13-Jan-19 6:30:01 AM AST,0
13-Jan-19 6:45:01 AM AST,0
13-Jan-19 7:00:00 AM AST,0
13-Jan-19 7:15:01 AM AST,3
13-Jan-19 7:30:01 AM AST,17
13-Jan-19 7:45:01 AM AST,42
13-Jan-19 8:00:00 AM AST,76
13-Jan-19 8:15:01 AM AST,107
13-Jan-19 8:30:01 AM AST,101
13-Jan-19 8:45:01 AM AST,107
13-Jan-19 9:00:00 AM AST,128
13-Jan-19 9:15:01 AM AST,154
13-Jan-19 9:30:01 AM AST,142
13-Jan-19 9:45:01 AM AST,214
13-Jan-19 10:00:00 AM AST,302
13-Jan-19 10:15:01 AM AST,191
13-Jan-19 10:30:02 AM AST,363
13-Jan-19 10:45:01 AM AST,388
13-Jan-19 11:00:00 AM AST,206
13-Jan-19 11:15:01 AM AST,167
13-Jan-19 11:30:01 AM AST,140
13-Jan-19 11:45:01 AM AST,203
13-Jan-19 12:00:00 PM AST,446
13-Jan-19 12:15:02 PM AST,325.1
13-Jan-19 12:30:01 PM AST,465
13-Jan-19 12:45:01 PM AST,440
13-Jan-19 1:00:01 PM AST,263
13-Jan-19 1:15:01 PM AST,430
13-Jan-19 1:30:01 PM AST,351
13-Jan-19 1:45:01 PM AST,390
13-Jan-19 2:00:01 PM AST,361
13-Jan-19 2:15:01 PM AST,369
13-Jan-19 2:30:02 PM AST,352
13-Jan-19 2:45:02 PM AST,326
13-Jan-19 3:00:02 PM AST,292
13-Jan-19 3:15:01 PM AST,151
13-Jan-19 3:30:01 PM AST,182
13-Jan-19 3:45:01 PM AST,242
13-Jan-19 4:00:01 PM AST,135
13-Jan-19 4:15:01 PM AST,95
13-Jan-19 4:30:01 PM AST,117
13-Jan-19 4:45:01 PM AST,65
13-Jan-19 5:00:00 PM AST,53
13-Jan-19 5:15:01 PM AST,26
13-Jan-19 5:30:01 PM AST,7
13-Jan-19 5:45:01 PM AST,0
13-Jan-19 6:00:00 PM AST,0
13-Jan-19 6:15:01 PM AST,0
13-Jan-19 6:30:02 PM AST,0
13-Jan-19 6:45:02 PM AST,0
13-Jan-19 7:00:00 PM AST,0
13-Jan-19 7:15:01 PM AST,0
13-Jan-19 7:30:01 PM AST,0
13-Jan-19 7:45:02 PM AST,0
13-Jan-19 8:00:00 PM AST,0
13-Jan-19 8:15:01 PM AST,0
13-Jan-19 8:30:01 PM AST,0
13-Jan-19 8:45:01 PM AST,0
13-Jan-19 9:00:01 PM AST,0
13-Jan-19 9:15:02 PM AST,0
13-Jan-19 9:30:02 PM AST,0
13-Jan-19 9:45:01 PM AST,0
13-Jan-19 10:00:00 PM AST,0
13-Jan-19 10:15:01 PM AST,0
13-Jan-19 10:30:01 PM AST,0
13-Jan-19 10:45:01 PM AST,0
13-Jan-19 11:00:00 PM AST,0
13-Jan-19 11:15:01 PM AST,0
13-Jan-19 11:30:01 PM AST,0
13-Jan-19 11:45:01 PM AST,0
14-Jan-19 12:00:00 AM AST,0
14-Jan-19 12:15:02 AM AST,0
14-Jan-19 12:30:02 AM AST,0
14-Jan-19 12:45:01 AM AST,0
14-Jan-19 1:00:00 AM AST,0
14-Jan-19 1:15:01 AM AST,0
14-Jan-19 1:30:01 AM AST,0
14-Jan-19 1:45:01 AM AST,0
14-Jan-19 2:00:00 AM AST,0
14-Jan-19 2:15:01 AM AST,0
14-Jan-19 2:30:01 AM AST,0
14-Jan-19 2:45:01 AM AST,0
14-Jan-19 3:00:01 AM AST,0
14-Jan-19 3:15:01 AM AST,0
14-Jan-19 3:30:01 AM AST,0
14-Jan-19 3:45:01 AM AST,0
14-Jan-19 4:00:00 AM AST,0
14-Jan-19 4:15:02 AM AST,0
14-Jan-19 4:30:01 AM AST,0
14-Jan-19 4:45:01 AM AST,0
14-Jan-19 5:00:01 AM AST,0
14-Jan-19 5:15:01 AM AST,0
14-Jan-19 5:30:01 AM AST,0
14-Jan-19 5:45:01 AM AST,0
14-Jan-19 6:00:01 AM AST,0
14-Jan-19 6:15:01 AM AST,0
14-Jan-19 6:30:01 AM AST,0
14-Jan-19 6:45:02 AM AST,0
14-Jan-19 7:00:01 AM AST,0
14-Jan-19 7:15:02 AM AST,0
14-Jan-19 7:30:01 AM AST,4
14-Jan-19 7:45:01 AM AST,29
14-Jan-19 8:00:01 AM AST,38
14-Jan-19 8:15:02 AM AST,72
14-Jan-19 8:30:01 AM AST,109
14-Jan-19 8:45:02 AM AST,127
14-Jan-19 9:00:01 AM AST,212
14-Jan-19 9:15:01 AM AST,78
14-Jan-19 9:30:01 AM AST,16
14-Jan-19 9:45:01 AM AST,104
14-Jan-19 10:00:00 AM AST,119
14-Jan-19 10:15:01 AM AST,228
14-Jan-19 10:30:03 AM AST,340
14-Jan-19 10:45:01 AM AST,370
14-Jan-19 11:00:00 AM AST,377
14-Jan-19 11:15:02 AM AST,364
14-Jan-19 11:30:02 AM AST,364
14-Jan-19 11:45:01 AM AST,380
14-Jan-19 12:00:00 PM AST,451
14-Jan-19 12:15:01 PM AST,397
14-Jan-19 12:30:01 PM AST,307
14-Jan-19 12:45:01 PM AST,371
14-Jan-19 1:00:00 PM AST,231
14-Jan-19 1:15:01 PM AST,265
14-Jan-19 1:30:01 PM AST,215
14-Jan-19 1:45:01 PM AST,180
14-Jan-19 2:00:00 PM AST,254
14-Jan-19 2:15:01 PM AST,250
14-Jan-19 2:30:01 PM AST,309
14-Jan-19 2:45:01 PM AST,175
14-Jan-19 3:00:01 PM AST,233
14-Jan-19 3:15:01 PM AST,270
14-Jan-19 3:30:01 PM AST,205
14-Jan-19 3:45:01 PM AST,199
14-Jan-19 4:00:01 PM AST,135
14-Jan-19 4:15:01 PM AST,94
14-Jan-19 4:30:01 PM AST,73
14-Jan-19 4:45:02 PM AST,70
14-Jan-19 5:00:01 PM AST,53
14-Jan-19 5:15:01 PM AST,56
14-Jan-19 5:30:01 PM AST,22
14-Jan-19 5:45:01 PM AST,0
14-Jan-19 6:00:00 PM AST,1
14-Jan-19 6:15:01 PM AST,0
14-Jan-19 6:30:01 PM AST,0
14-Jan-19 6:45:02 PM AST,0
14-Jan-19 7:00:00 PM AST,0
14-Jan-19 7:15:01 PM AST,0
14-Jan-19 7:30:02 PM AST,0
14-Jan-19 7:45:01 PM AST,0
14-Jan-19 8:00:00 PM AST,0
14-Jan-19 8:15:02 PM AST,0
14-Jan-19 8:30:01 PM AST,0
14-Jan-19 8:45:01 PM AST,0
14-Jan-19 9:00:00 PM AST,0
14-Jan-19 9:15:01 PM AST,0
14-Jan-19 9:30:02 PM AST,0
14-Jan-19 9:45:01 PM AST,0
14-Jan-19 10:00:01 PM AST,0
14-Jan-19 10:15:01 PM AST,0
14-Jan-19 10:30:01 PM AST,0
14-Jan-19 10:45:01 PM AST,0
14-Jan-19 11:00:00 PM AST,0
14-Jan-19 11:15:01 PM AST,0
14-Jan-19 11:30:01 PM AST,0
14-Jan-19 11:45:01 PM AST,0
15-Jan-19 12:00:01 AM AST,0
15-Jan-19 12:15:01 AM AST,0
15-Jan-19 12:30:01 AM AST,0
15-Jan-19 12:45:01 AM AST,0
15-Jan-19 1:00:01 AM AST,0
15-Jan-19 1:15:01 AM AST,0
15-Jan-19 1:30:01 AM AST,0
15-Jan-19 1:45:02 AM AST,0
15-Jan-19 2:00:01 AM AST,0
15-Jan-19 2:15:01 AM AST,0
15-Jan-19 2:30:01 AM AST,0
15-Jan-19 2:45:01 AM AST,0
15-Jan-19 3:00:01 AM AST,0
15-Jan-19 3:15:01 AM AST,0
15-Jan-19 3:30:01 AM AST,0
15-Jan-19 3:45:01 AM AST,0
15-Jan-19 4:00:01 AM AST,0
15-Jan-19 4:15:01 AM AST,0
15-Jan-19 4:30:01 AM AST,0
15-Jan-19 4:45:01 AM AST,0
15-Jan-19 5:00:00 AM AST,0
15-Jan-19 5:15:01 AM AST,0
15-Jan-19 5:30:01 AM AST,0
15-Jan-19 5:45:02 AM AST,0
15-Jan-19 6:00:00 AM AST,0
15-Jan-19 6:15:01 AM AST,0
15-Jan-19 6:30:01 AM AST,0
15-Jan-19 6:45:01 AM AST,0
15-Jan-19 7:00:00 AM AST,0
15-Jan-19 7:15:01 AM AST,1
15-Jan-19 7:30:01 AM AST,7
15-Jan-19 7:45:01 AM AST,25
15-Jan-19 8:00:00 AM AST,65
15-Jan-19 8:15:01 AM AST,80
15-Jan-19 8:30:01 AM AST,108
15-Jan-19 8:45:01 AM AST,132
15-Jan-19 9:00:00 AM AST,176
15-Jan-19 9:15:01 AM AST,212
15-Jan-19 9:30:02 AM AST,238
15-Jan-19 9:45:02 AM AST,246
15-Jan-19 10:00:01 AM AST,246
15-Jan-19 10:15:01 AM AST,246
15-Jan-19 10:30:01 AM AST,246
15-Jan-19 10:45:01 AM AST,246
15-Jan-19 11:00:00 AM AST,246
15-Jan-19 11:15:02 AM AST,246
15-Jan-19 11:30:02 AM AST,246
15-Jan-19 11:45:01 AM AST,246
15-Jan-19 12:00:02 PM AST,246
15-Jan-19 12:15:02 PM AST,246
15-Jan-19 12:30:01 PM AST,246
15-Jan-19 12:45:01 PM AST,246
15-Jan-19 1:00:00 PM AST,246
15-Jan-19 1:15:01 PM AST,246
15-Jan-19 1:30:02 PM AST,246
15-Jan-19 1:45:01 PM AST,246
15-Jan-19 2:00:00 PM AST,246
15-Jan-19 2:15:01 PM AST,246
15-Jan-19 2:30:01 PM AST,246
15-Jan-19 2:45:01 PM AST,246
15-Jan-19 3:00:00 PM AST,246
15-Jan-19 3:15:01 PM AST,246
15-Jan-19 3:30:01 PM AST,246
15-Jan-19 3:45:01 PM AST,246
15-Jan-19 4:00:01 PM AST,246
15-Jan-19 4:15:01 PM AST,246
15-Jan-19 4:30:02 PM AST,246
15-Jan-19 4:45:01 PM AST,246
15-Jan-19 5:00:01 PM AST,246
15-Jan-19 5:15:01 PM AST,246
15-Jan-19 5:30:01 PM AST,246
15-Jan-19 5:45:01 PM AST,246
15-Jan-19 6:00:01 PM AST,246
15-Jan-19 6:15:02 PM AST,246
15-Jan-19 6:30:01 PM AST,246
15-Jan-19 6:45:01 PM AST,246
15-Jan-19 7:00:01 PM AST,246
15-Jan-19 7:15:01 PM AST,246
15-Jan-19 7:30:01 PM AST,246
15-Jan-19 7:45:02 PM AST,246
15-Jan-19 8:00:02 PM AST,246
15-Jan-19 8:15:02 PM AST,246
15-Jan-19 8:30:01 PM AST,246
15-Jan-19 8:45:02 PM AST,246
15-Jan-19 9:00:01 PM AST,246
15-Jan-19 9:15:02 PM AST,246
15-Jan-19 9:30:01 PM AST,246
15-Jan-19 9:45:01 PM AST,246
15-Jan-19 10:00:00 PM AST,246
15-Jan-19 10:15:01 PM AST,246
15-Jan-19 10:30:01 PM AST,246
15-Jan-19 10:45:01 PM AST,246
15-Jan-19 11:00:00 PM AST,246
15-Jan-19 11:15:01 PM AST,246
15-Jan-19 11:30:01 PM AST,246
15-Jan-19 11:45:01 PM AST,246
16-Jan-19 12:00:00 AM AST,246
16-Jan-19 12:15:01 AM AST,246
16-Jan-19 12:30:01 AM AST,246
16-Jan-19 12:45:01 AM AST,246
16-Jan-19 1:00:00 AM AST,246
16-Jan-19 1:15:01 AM AST,246
16-Jan-19 1:30:01 AM AST,246
16-Jan-19 1:45:02 AM AST,246
16-Jan-19 2:00:01 AM AST,246
16-Jan-19 2:15:02 AM AST,246
16-Jan-19 2:30:01 AM AST,246
16-Jan-19 2:45:01 AM AST,246
16-Jan-19 3:00:00 AM AST,246
16-Jan-19 3:15:01 AM AST,246
16-Jan-19 3:30:01 AM AST,246
16-Jan-19 3:45:01 AM AST,246
16-Jan-19 4:00:00 AM AST,246
16-Jan-19 4:15:01 AM AST,246
16-Jan-19 4:30:02 AM AST,246
16-Jan-19 4:45:01 AM AST,246
16-Jan-19 5:00:00 AM AST,246
16-Jan-19 5:15:01 AM AST,246
16-Jan-19 5:30:01 AM AST,246
16-Jan-19 5:45:01 AM AST,246
16-Jan-19 6:00:01 AM AST,246
16-Jan-19 6:15:01 AM AST,246
16-Jan-19 6:30:01 AM AST,246
16-Jan-19 6:45:01 AM AST,246
16-Jan-19 7:00:00 AM AST,246
16-Jan-19 7:15:01 AM AST,246
16-Jan-19 7:30:01 AM AST,246
16-Jan-19 7:45:01 AM AST,246
16-Jan-19 8:00:00 AM AST,246
16-Jan-19 8:15:01 AM AST,246
16-Jan-19 8:30:01 AM AST,246
16-Jan-19 8:45:01 AM AST,246
16-Jan-19 9:00:02 AM AST,246
16-Jan-19 9:15:01 AM AST,246
16-Jan-19 9:30:02 AM AST,246
16-Jan-19 9:45:01 AM AST,246
16-Jan-19 10:00:02 AM AST,246
16-Jan-19 10:15:01 AM AST,246
16-Jan-19 10:30:01 AM AST,246
16-Jan-19 10:45:01 AM AST,246
16-Jan-19 11:00:01 AM AST,246
16-Jan-19 11:15:01 AM AST,246
16-Jan-19 11:30:01 AM AST,246
16-Jan-19 11:45:01 AM AST,246
16-Jan-19 12:00:01 PM AST,246
16-Jan-19 12:15:02 PM AST,246
16-Jan-19 12:30:01 PM AST,246
16-Jan-19 12:45:02 PM AST,246
16-Jan-19 1:00:01 PM AST,246
16-Jan-19 1:15:01 PM AST,246
16-Jan-19 1:30:01 PM AST,246
16-Jan-19 1:45:01 PM AST,246
16-Jan-19 2:00:01 PM AST,246
16-Jan-19 2:15:01 PM AST,246
16-Jan-19 2:30:01 PM AST,246
16-Jan-19 2:45:01 PM AST,246
16-Jan-19 3:00:00 PM AST,246
16-Jan-19 3:15:01 PM AST,246
16-Jan-19 3:30:01 PM AST,246
16-Jan-19 3:45:01 PM AST,246
16-Jan-19 4:00:00 PM AST,246
16-Jan-19 4:15:02 PM AST,246
16-Jan-19 4:30:01 PM AST,246
16-Jan-19 4:45:01 PM AST,246
16-Jan-19 5:00:01 PM AST,246
16-Jan-19 5:15:01 PM AST,246
16-Jan-19 5:30:02 PM AST,246
16-Jan-19 5:45:01 PM AST,246
16-Jan-19 6:00:00 PM AST,246
16-Jan-19 6:15:02 PM AST,246
16-Jan-19 6:30:01 PM AST,246
16-Jan-19 6:45:01 PM AST,246
16-Jan-19 7:00:00 PM AST,246
16-Jan-19 7:15:01 PM AST,246
16-Jan-19 7:30:01 PM AST,246
16-Jan-19 7:45:01 PM AST,246
16-Jan-19 8:00:00 PM AST,246
16-Jan-19 8:15:01 PM AST,246
16-Jan-19 8:30:01 PM AST,246
16-Jan-19 8:45:01 PM AST,246
16-Jan-19 9:00:00 PM AST,246
16-Jan-19 9:15:01 PM AST,246
16-Jan-19 9:30:01 PM AST,246
16-Jan-19 9:45:01 PM AST,246
16-Jan-19 10:00:00 PM AST,246
16-Jan-19 10:15:02 PM AST,246
16-Jan-19 10:30:01 PM AST,246
16-Jan-19 10:45:01 PM AST,246
16-Jan-19 11:00:01 PM AST,246
16-Jan-19 11:15:01 PM AST,246
16-Jan-19 11:30:01 PM AST,246
16-Jan-19 11:45:01 PM AST,246
17-Jan-19 12:00:00 AM AST,246
17-Jan-19 12:15:01 AM AST,246
17-Jan-19 12:30:01 AM AST,246
17-Jan-19 12:45:01 AM AST,246
17-Jan-19 1:00:01 AM AST,246
17-Jan-19 1:15:02 AM AST,246
17-Jan-19 1:30:01 AM AST,246
17-Jan-19 1:45:01 AM AST,246
17-Jan-19 2:00:00 AM AST,246
17-Jan-19 2:15:01 AM AST,246
17-Jan-19 2:30:01 AM AST,246
17-Jan-19 2:45:02 AM AST,246
17-Jan-19 3:00:00 AM AST,246
17-Jan-19 3:15:01 AM AST,246
17-Jan-19 3:30:01 AM AST,246
17-Jan-19 3:45:02 AM AST,246
17-Jan-19 4:00:03 AM AST,246
17-Jan-19 4:15:01 AM AST,246
17-Jan-19 4:30:01 AM AST,246
17-Jan-19 4:45:01 AM AST,246
17-Jan-19 5:00:01 AM AST,246
17-Jan-19 5:15:01 AM AST,246
17-Jan-19 5:30:01 AM AST,246
17-Jan-19 5:45:01 AM AST,246
17-Jan-19 6:00:01 AM AST,246
17-Jan-19 6:15:01 AM AST,246
17-Jan-19 6:30:01 AM AST,246
17-Jan-19 6:45:01 AM AST,246
17-Jan-19 7:00:01 AM AST,246
17-Jan-19 7:15:01 AM AST,246
17-Jan-19 7:30:02 AM AST,246
17-Jan-19 7:45:01 AM AST,246
17-Jan-19 8:00:01 AM AST,246
17-Jan-19 8:15:01 AM AST,246
17-Jan-19 8:30:01 AM AST,246
17-Jan-19 8:45:01 AM AST,246
17-Jan-19 9:00:00 AM AST,246
17-Jan-19 9:15:01 AM AST,246
17-Jan-19 9:30:01 AM AST,246
17-Jan-19 9:45:01 AM AST,246
17-Jan-19 10:00:01 AM AST,246
17-Jan-19 10:15:02 AM AST,246
17-Jan-19 10:30:02 AM AST,246
17-Jan-19 10:45:01 AM AST,246
17-Jan-19 11:00:01 AM AST,246
17-Jan-19 11:15:01 AM AST,246
17-Jan-19 11:30:01 AM AST,246
17-Jan-19 11:45:01 AM AST,246
17-Jan-19 12:00:00 PM AST,246
17-Jan-19 12:15:02 PM AST,246
17-Jan-19 12:30:01 PM AST,246
17-Jan-19 12:45:01 PM AST,246
17-Jan-19 1:00:00 PM AST,246
17-Jan-19 1:15:01 PM AST,246
17-Jan-19 1:30:02 PM AST,246
17-Jan-19 1:45:01 PM AST,246
17-Jan-19 2:00:00 PM AST,246
17-Jan-19 2:15:01 PM AST,246
17-Jan-19 2:30:01 PM AST,246
17-Jan-19 2:45:01 PM AST,246
17-Jan-19 3:00:00 PM AST,246
17-Jan-19 3:15:02 PM AST,246
17-Jan-19 3:30:02 PM AST,246
17-Jan-19 3:45:01 PM AST,246
17-Jan-19 4:00:00 PM AST,246
17-Jan-19 4:15:01 PM AST,246
17-Jan-19 4:30:01 PM AST,246
17-Jan-19 4:45:01 PM AST,246
17-Jan-19 5:00:00 PM AST,246
17-Jan-19 5:15:03 PM AST,246
17-Jan-19 5:30:01 PM AST,246
17-Jan-19 5:45:01 PM AST,246
17-Jan-19 6:00:01 PM AST,246
17-Jan-19 6:15:01 PM AST,246
17-Jan-19 6:30:01 PM AST,246
17-Jan-19 6:45:02 PM AST,246
17-Jan-19 7:00:00 PM AST,246
17-Jan-19 7:15:01 PM AST,246
17-Jan-19 7:30:01 PM AST,246
17-Jan-19 7:45:01 PM AST,246
17-Jan-19 8:00:01 PM AST,246
17-Jan-19 8:15:01 PM AST,246
17-Jan-19 8:30:01 PM AST,246
17-Jan-19 8:45:01 PM AST,246
17-Jan-19 9:00:01 PM AST,246
17-Jan-19 9:15:01 PM AST,246
17-Jan-19 9:30:01 PM AST,246
17-Jan-19 9:45:01 PM AST,246
17-Jan-19 10:00:01 PM AST,246
17-Jan-19 10:15:01 PM AST,246
17-Jan-19 10:30:01 PM AST,246
17-Jan-19 10:45:01 PM AST,246
17-Jan-19 11:00:01 PM AST,246
17-Jan-19 11:15:01 PM AST,246
17-Jan-19 11:30:02 PM AST,246
17-Jan-19 11:45:01 PM AST,246
18-Jan-19 12:00:01 AM AST,246
18-Jan-19 12:15:02 AM AST,246
18-Jan-19 12:30:01 AM AST,246
18-Jan-19 12:45:02 AM AST,246
18-Jan-19 1:00:01 AM AST,246
18-Jan-19 1:15:01 AM AST,246
18-Jan-19 1:30:01 AM AST,246
18-Jan-19 1:45:01 AM AST,246
18-Jan-19 2:00:01 AM AST,246
18-Jan-19 2:15:02 AM AST,246
18-Jan-19 2:30:02 AM AST,246
18-Jan-19 2:45:01 AM AST,246
18-Jan-19 3:00:00 AM AST,246
18-Jan-19 3:15:01 AM AST,246
18-Jan-19 3:30:01 AM AST,246
18-Jan-19 3:45:01 AM AST,246
18-Jan-19 4:00:00 AM AST,246
18-Jan-19 4:15:01 AM AST,246
18-Jan-19 4:30:01 AM AST,246
18-Jan-19 4:45:01 AM AST,246
18-Jan-19 5:00:00 AM AST,246
18-Jan-19 5:15:01 AM AST,246
18-Jan-19 5:30:02 AM AST,246
18-Jan-19 5:45:01 AM AST,246
18-Jan-19 6:00:00 AM AST,246
18-Jan-19 6:15:01 AM AST,246
18-Jan-19 6:30:01 AM AST,246
18-Jan-19 6:45:01 AM AST,246
18-Jan-19 7:00:00 AM AST,246
18-Jan-19 7:15:01 AM AST,246
18-Jan-19 7:30:01 AM AST,246
18-Jan-19 7:45:01 AM AST,246
18-Jan-19 8:00:00 AM AST,246
18-Jan-19 8:15:01 AM AST,246
18-Jan-19 8:30:02 AM AST,246
18-Jan-19 8:45:01 AM AST,246
18-Jan-19 9:00:01 AM AST,246
18-Jan-19 9:15:01 AM AST,246
18-Jan-19 9:30:01 AM AST,246
18-Jan-19 9:45:02 AM AST,246
18-Jan-19 10:00:01 AM AST,246
18-Jan-19 10:15:01 AM AST,246
18-Jan-19 10:30:01 AM AST,246
18-Jan-19 10:45:01 AM AST,246
18-Jan-19 11:00:01 AM AST,246
18-Jan-19 11:15:01 AM AST,246
18-Jan-19 11:30:01 AM AST,246
18-Jan-19 11:45:01 AM AST,246
18-Jan-19 12:00:01 PM AST,246
18-Jan-19 12:15:01 PM AST,246
18-Jan-19 12:30:01 PM AST,246
18-Jan-19 12:45:02 PM AST,246
18-Jan-19 1:00:02 PM AST,246
18-Jan-19 1:15:02 PM AST,246
18-Jan-19 1:30:01 PM AST,246
18-Jan-19 1:45:01 PM AST,246
18-Jan-19 2:00:01 PM AST,246
18-Jan-19 2:15:01 PM AST,246
18-Jan-19 2:30:01 PM AST,246
18-Jan-19 2:45:01 PM AST,246
18-Jan-19 3:00:02 PM AST,246
18-Jan-19 3:15:02 PM AST,246
18-Jan-19 3:30:02 PM AST,246
18-Jan-19 3:45:01 PM AST,246
18-Jan-19 4:00:01 PM AST,246
18-Jan-19 4:15:01 PM AST,246
18-Jan-19 4:30:01 PM AST,246
18-Jan-19 4:45:01 PM AST,246
18-Jan-19 5:00:01 PM AST,246
18-Jan-19 5:15:01 PM AST,246
18-Jan-19 5:30:01 PM AST,246
18-Jan-19 5:45:02 PM AST,246
18-Jan-19 6:00:00 PM AST,246
18-Jan-19 6:15:02 PM AST,246
18-Jan-19 6:30:02 PM AST,246
18-Jan-19 6:45:01 PM AST,246
18-Jan-19 7:00:00 PM AST,246
18-Jan-19 7:15:01 PM AST,246
18-Jan-19 7:30:01 PM AST,246
18-Jan-19 7:45:02 PM AST,246
18-Jan-19 8:00:00 PM AST,246
18-Jan-19 8:15:01 PM AST,246
18-Jan-19 8:30:01 PM AST,246
18-Jan-19 8:45:01 PM AST,246
18-Jan-19 9:00:00 PM AST,246
18-Jan-19 9:15:02 PM AST,246
18-Jan-19 9:30:02 PM AST,246
18-Jan-19 9:45:01 PM AST,246
18-Jan-19 10:00:00 PM AST,246
18-Jan-19 10:15:01 PM AST,246
18-Jan-19 10:30:02 PM AST,246
18-Jan-19 10:45:01 PM AST,246
18-Jan-19 11:00:00 PM AST,246
18-Jan-19 11:15:01 PM AST,246
18-Jan-19 11:30:02 PM AST,246
18-Jan-19 11:45:01 PM AST,246
19-Jan-19 12:00:00 AM AST,246
19-Jan-19 12:15:01 AM AST,246
19-Jan-19 12:30:02 AM AST,246
19-Jan-19 12:45:01 AM AST,246
19-Jan-19 1:00:01 AM AST,246
19-Jan-19 1:15:02 AM AST,246
19-Jan-19 1:30:01 AM AST,246
19-Jan-19 1:45:01 AM AST,246
19-Jan-19 2:00:00 AM AST,246
19-Jan-19 2:15:01 AM AST,246
19-Jan-19 2:30:01 AM AST,246
19-Jan-19 2:45:01 AM AST,246
19-Jan-19 3:00:00 AM AST,246
19-Jan-19 3:15:02 AM AST,246
19-Jan-19 3:30:01 AM AST,246
19-Jan-19 3:45:01 AM AST,246
19-Jan-19 4:00:01 AM AST,246
19-Jan-19 4:15:01 AM AST,246
19-Jan-19 4:30:01 AM AST,246
19-Jan-19 4:45:02 AM AST,246
19-Jan-19 5:00:00 AM AST,246
19-Jan-19 5:15:01 AM AST,246
19-Jan-19 5:30:02 AM AST,246
19-Jan-19 5:45:01 AM AST,246
19-Jan-19 6:00:01 AM AST,246
19-Jan-19 6:15:02 AM AST,246
19-Jan-19 6:30:01 AM AST,246
19-Jan-19 6:45:02 AM AST,246
19-Jan-19 7:00:01 AM AST,246
19-Jan-19 7:15:01 AM AST,246
19-Jan-19 7:30:02 AM AST,246
19-Jan-19 7:45:01 AM AST,246
19-Jan-19 8:00:01 AM AST,246
19-Jan-19 8:15:01 AM AST,246
19-Jan-19 8:30:01 AM AST,246
19-Jan-19 8:45:02 AM AST,246
19-Jan-19 9:00:02 AM AST,246
19-Jan-19 9:15:02 AM AST,246
19-Jan-19 9:30:02 AM AST,246
19-Jan-19 9:45:02 AM AST,246
19-Jan-19 10:00:01 AM AST,246
19-Jan-19 10:15:01 AM AST,246
19-Jan-19 10:30:01 AM AST,246
19-Jan-19 10:45:01 AM AST,246
19-Jan-19 11:00:00 AM AST,246
19-Jan-19 11:15:01 AM AST,246
19-Jan-19 11:30:01 AM AST,246
19-Jan-19 11:45:01 AM AST,246
19-Jan-19 12:00:00 PM AST,246
19-Jan-19 12:15:01 PM AST,246
19-Jan-19 12:30:01 PM AST,246
19-Jan-19 12:45:01 PM AST,246
19-Jan-19 1:00:00 PM AST,246
19-Jan-19 1:15:02 PM AST,246
19-Jan-19 1:30:01 PM AST,246
19-Jan-19 1:45:01 PM AST,246
19-Jan-19 2:00:00 PM AST,246
19-Jan-19 2:15:01 PM AST,246
19-Jan-19 2:30:01 PM AST,246
19-Jan-19 2:45:01 PM AST,246
19-Jan-19 3:00:00 PM AST,246
19-Jan-19 3:15:02 PM AST,246
19-Jan-19 3:30:01 PM AST,246
19-Jan-19 3:45:02 PM AST,246
19-Jan-19 4:00:00 PM AST,246
19-Jan-19 4:15:01 PM AST,246
19-Jan-19 4:30:01 PM AST,246
19-Jan-19 4:45:01 PM AST,246
19-Jan-19 5:00:01 PM AST,246
19-Jan-19 5:15:01 PM AST,246
19-Jan-19 5:30:01 PM AST,246
19-Jan-19 5:45:01 PM AST,246
19-Jan-19 6:00:00 PM AST,246
19-Jan-19 6:15:01 PM AST,246
19-Jan-19 6:30:01 PM AST,246
19-Jan-19 6:45:01 PM AST,246
19-Jan-19 7:00:00 PM AST,246
19-Jan-19 7:15:02 PM AST,246
19-Jan-19 7:30:01 PM AST,246
19-Jan-19 7:45:01 PM AST,246
19-Jan-19 8:00:00 PM AST,246
19-Jan-19 8:15:02 PM AST,246
19-Jan-19 8:30:01 PM AST,246
19-Jan-19 8:45:01 PM AST,246
19-Jan-19 9:00:01 PM AST,246
19-Jan-19 9:15:01 PM AST,246
19-Jan-19 9:30:01 PM AST,246
19-Jan-19 9:45:02 PM AST,246
19-Jan-19 10:00:02 PM AST,246
19-Jan-19 10:15:01 PM AST,246
19-Jan-19 10:30:01 PM AST,246
19-Jan-19 10:45:01 PM AST,246
19-Jan-19 11:00:01 PM AST,246
19-Jan-19 11:15:02 PM AST,246
19-Jan-19 11:30:02 PM AST,246
19-Jan-19 11:45:01 PM AST,246
20-Jan-19 12:00:01 AM AST,246
20-Jan-19 12:15:01 AM AST,246
20-Jan-19 12:30:01 AM AST,246
20-Jan-19 12:45:02 AM AST,246
20-Jan-19 1:00:02 AM AST,246
20-Jan-19 1:15:01 AM AST,246
20-Jan-19 1:30:02 AM AST,246
20-Jan-19 1:45:01 AM AST,246
20-Jan-19 2:00:02 AM AST,246
20-Jan-19 2:15:01 AM AST,246
20-Jan-19 2:30:01 AM AST,246
20-Jan-19 2:45:01 AM AST,246
20-Jan-19 3:00:01 AM AST,246
20-Jan-19 3:15:01 AM AST,246
20-Jan-19 3:30:01 AM AST,246
20-Jan-19 3:45:01 AM AST,246
20-Jan-19 4:00:00 AM AST,246
20-Jan-19 4:15:01 AM AST,246
20-Jan-19 4:30:01 AM AST,246
20-Jan-19 4:45:02 AM AST,246
20-Jan-19 5:00:00 AM AST,246
20-Jan-19 5:15:01 AM AST,246
20-Jan-19 5:30:01 AM AST,246
20-Jan-19 5:45:01 AM AST,246
20-Jan-19 6:00:00 AM AST,246
20-Jan-19 6:15:01 AM AST,246
20-Jan-19 6:30:01 AM AST,246
20-Jan-19 6:45:01 AM AST,246
20-Jan-19 7:00:00 AM AST,246
20-Jan-19 7:15:01 AM AST,246
20-Jan-19 7:30:01 AM AST,246
20-Jan-19 7:45:01 AM AST,246
20-Jan-19 8:00:00 AM AST,246
20-Jan-19 8:15:01 AM AST,246
20-Jan-19 8:30:01 AM AST,246
20-Jan-19 8:45:01 AM AST,246
20-Jan-19 9:00:00 AM AST,246
20-Jan-19 9:15:02 AM AST,246
20-Jan-19 9:30:02 AM AST,246
20-Jan-19 9:45:01 AM AST,246
20-Jan-19 10:00:01 AM AST,246
20-Jan-19 10:15:01 AM AST,246
20-Jan-19 10:30:02 AM AST,246
20-Jan-19 10:45:01 AM AST,246
20-Jan-19 11:00:01 AM AST,246
20-Jan-19 11:15:01 AM AST,246
20-Jan-19 11:30:01 AM AST,246
20-Jan-19 11:45:01 AM AST,246
20-Jan-19 12:00:00 PM AST,246
20-Jan-19 12:15:01 PM AST,246
20-Jan-19 12:30:01 PM AST,246
20-Jan-19 12:45:01 PM AST,246
20-Jan-19 1:00:01 PM AST,246
20-Jan-19 1:15:01 PM AST,246
20-Jan-19 1:30:01 PM AST,246
20-Jan-19 1:45:01 PM AST,246
20-Jan-19 2:00:02 PM AST,246
20-Jan-19 2:15:02 PM AST,246
20-Jan-19 2:30:01 PM AST,246
20-Jan-19 2:45:02 PM AST,246
20-Jan-19 3:00:01 PM AST,246
20-Jan-19 3:15:02 PM AST,246
20-Jan-19 3:30:01 PM AST,246
20-Jan-19 3:45:01 PM AST,246
20-Jan-19 4:00:01 PM AST,246
20-Jan-19 4:15:01 PM AST,246
20-Jan-19 4:30:01 PM AST,246
20-Jan-19 4:45:02 PM AST,246
20-Jan-19 5:00:01 PM AST,246
20-Jan-19 5:15:01 PM AST,246
20-Jan-19 5:30:01 PM AST,246
20-Jan-19 5:45:01 PM AST,246
20-Jan-19 6:00:02 PM AST,246
20-Jan-19 6:15:02 PM AST,246
20-Jan-19 6:30:02 PM AST,246
20-Jan-19 6:45:01 PM AST,246
20-Jan-19 7:00:01 PM AST,246
20-Jan-19 7:15:01 PM AST,246
20-Jan-19 7:30:01 PM AST,246
20-Jan-19 7:45:01 PM AST,246
20-Jan-19 8:00:01 PM AST,246
20-Jan-19 8:15:01 PM AST,246
20-Jan-19 8:30:02 PM AST,246
20-Jan-19 8:45:01 PM AST,246
20-Jan-19 9:00:00 PM AST,246
20-Jan-19 9:15:01 PM AST,246
20-Jan-19 9:30:01 PM AST,246
20-Jan-19 9:45:01 PM AST,246
20-Jan-19 10:00:01 PM AST,246
20-Jan-19 10:15:02 PM AST,246
20-Jan-19 10:30:02 PM AST,246
20-Jan-19 10:45:02 PM AST,246
20-Jan-19 11:00:01 PM AST,246
20-Jan-19 11:15:01 PM AST,246
20-Jan-19 11:30:01 PM AST,246
20-Jan-19 11:45:01 PM AST,246
21-Jan-19 12:00:00 AM AST,246
21-Jan-19 12:15:02 AM AST,246
21-Jan-19 12:30:01 AM AST,246
21-Jan-19 12:45:02 AM AST,246
21-Jan-19 1:00:00 AM AST,246
21-Jan-19 1:15:01 AM AST,246
21-Jan-19 1:30:01 AM AST,246
21-Jan-19 1:45:01 AM AST,246
21-Jan-19 2:00:00 AM AST,246
21-Jan-19 2:15:01 AM AST,246
21-Jan-19 2:30:01 AM AST,246
21-Jan-19 2:45:01 AM AST,246
21-Jan-19 3:00:00 AM AST,246
21-Jan-19 3:15:01 AM AST,246
21-Jan-19 3:30:02 AM AST,246
21-Jan-19 3:45:01 AM AST,246
21-Jan-19 4:00:01 AM AST,246
21-Jan-19 4:15:01 AM AST,246
21-Jan-19 4:30:02 AM AST,246
21-Jan-19 4:45:01 AM AST,246
21-Jan-19 5:00:01 AM AST,246
21-Jan-19 5:15:01 AM AST,246
21-Jan-19 5:30:01 AM AST,246
21-Jan-19 5:45:01 AM AST,246
21-Jan-19 6:00:01 AM AST,246
21-Jan-19 6:15:02 AM AST,246
21-Jan-19 6:30:01 AM AST,246
21-Jan-19 6:45:01 AM AST,246
21-Jan-19 7:00:01 AM AST,246
21-Jan-19 7:15:01 AM AST,246
21-Jan-19 7:30:01 AM AST,246
21-Jan-19 7:45:01 AM AST,246
21-Jan-19 8:00:01 AM AST,246
21-Jan-19 8:15:02 AM AST,246
21-Jan-19 8:30:01 AM AST,246
21-Jan-19 8:45:01 AM AST,246
21-Jan-19 9:00:01 AM AST,246
21-Jan-19 9:15:01 AM AST,203
21-Jan-19 9:30:02 AM AST,229
21-Jan-19 9:45:01 AM AST,251
21-Jan-19 10:00:00 AM AST,287
21-Jan-19 10:15:01 AM AST,317
21-Jan-19 10:30:02 AM AST,357
21-Jan-19 10:45:01 AM AST,371
21-Jan-19 11:00:00 AM AST,395
21-Jan-19 11:15:01 AM AST,410
21-Jan-19 11:30:01 AM AST,421
21-Jan-19 11:45:01 AM AST,436
21-Jan-19 12:00:00 PM AST,441
21-Jan-19 12:15:01 PM AST,444
21-Jan-19 12:30:03 PM AST,449
21-Jan-19 12:45:02 PM AST,450
21-Jan-19 1:00:01 PM AST,446
21-Jan-19 1:15:02 PM AST,444
21-Jan-19 1:30:01 PM AST,433
21-Jan-19 1:45:01 PM AST,425
21-Jan-19 2:00:00 PM AST,401
21-Jan-19 2:15:01 PM AST,396
21-Jan-19 2:30:01 PM AST,378
21-Jan-19 2:45:01 PM AST,406
21-Jan-19 3:00:00 PM AST,375
21-Jan-19 3:15:01 PM AST,317
21-Jan-19 3:30:01 PM AST,285
21-Jan-19 3:45:01 PM AST,250
21-Jan-19 4:00:00 PM AST,273
21-Jan-19 4:15:01 PM AST,179
21-Jan-19 4:30:01 PM AST,141
21-Jan-19 4:45:01 PM AST,71
21-Jan-19 5:00:01 PM AST,75
21-Jan-19 5:15:01 PM AST,24
21-Jan-19 5:30:01 PM AST,21
21-Jan-19 5:45:01 PM AST,7
21-Jan-19 6:00:00 PM AST,2
21-Jan-19 6:15:01 PM AST,0
21-Jan-19 6:30:02 PM AST,0
21-Jan-19 6:45:01 PM AST,0
21-Jan-19 7:00:01 PM AST,0
21-Jan-19 7:15:01 PM AST,0
21-Jan-19 7:30:02 PM AST,0
21-Jan-19 7:45:01 PM AST,0
21-Jan-19 8:00:01 PM AST,0
21-Jan-19 8:15:01 PM AST,0
21-Jan-19 8:30:02 PM AST,0
21-Jan-19 8:45:01 PM AST,0
21-Jan-19 9:00:01 PM AST,0
21-Jan-19 9:15:01 PM AST,0
21-Jan-19 9:30:01 PM AST,0
21-Jan-19 9:45:01 PM AST,0
21-Jan-19 10:00:01 PM AST,0
21-Jan-19 10:15:02 PM AST,0
21-Jan-19 10:30:01 PM AST,0
21-Jan-19 10:45:02 PM AST,0
21-Jan-19 11:00:01 PM AST,0
21-Jan-19 11:15:02 PM AST,0
21-Jan-19 11:30:01 PM AST,0
21-Jan-19 11:45:02 PM AST,0
22-Jan-19 12:00:01 AM AST,0
22-Jan-19 12:15:01 AM AST,0
22-Jan-19 12:30:01 AM AST,0
22-Jan-19 12:45:02 AM AST,0
22-Jan-19 1:00:00 AM AST,0
22-Jan-19 1:15:01 AM AST,0
22-Jan-19 1:30:02 AM AST,0
22-Jan-19 1:45:02 AM AST,0
22-Jan-19 2:00:00 AM AST,0
22-Jan-19 2:15:01 AM AST,0
22-Jan-19 2:30:01 AM AST,0
22-Jan-19 2:45:01 AM AST,0
22-Jan-19 3:00:00 AM AST,0
22-Jan-19 3:15:02 AM AST,0
22-Jan-19 3:30:01 AM AST,0
22-Jan-19 3:45:02 AM AST,0
22-Jan-19 4:00:01 AM AST,0
22-Jan-19 4:15:01 AM AST,0
22-Jan-19 4:30:02 AM AST,0
22-Jan-19 4:45:02 AM AST,0
22-Jan-19 5:00:00 AM AST,0
22-Jan-19 5:15:02 AM AST,0
22-Jan-19 5:30:01 AM AST,0
22-Jan-19 5:45:01 AM AST,0
22-Jan-19 6:00:00 AM AST,0
22-Jan-19 6:15:01 AM AST,0
22-Jan-19 6:30:01 AM AST,0
22-Jan-19 6:45:01 AM AST,0
22-Jan-19 7:00:00 AM AST,0
22-Jan-19 7:15:02 AM AST,1
22-Jan-19 7:30:01 AM AST,13
22-Jan-19 7:45:02 AM AST,30
22-Jan-19 8:00:01 AM AST,58
22-Jan-19 8:15:01 AM AST,83
22-Jan-19 8:30:01 AM AST,114
22-Jan-19 8:45:01 AM AST,141
22-Jan-19 9:00:01 AM AST,169
22-Jan-19 9:15:01 AM AST,198
22-Jan-19 9:30:01 AM AST,225
22-Jan-19 9:45:01 AM AST,254
22-Jan-19 10:00:02 AM AST,273
22-Jan-19 10:15:01 AM AST,304
22-Jan-19 10:30:01 AM AST,335
22-Jan-19 10:45:01 AM AST,355
22-Jan-19 11:00:02 AM AST,373
22-Jan-19 11:15:01 AM AST,393
22-Jan-19 11:30:02 AM AST,407
22-Jan-19 11:45:02 AM AST,419
22-Jan-19 12:00:02 PM AST,425
22-Jan-19 12:15:01 PM AST,433
22-Jan-19 12:30:01 PM AST,437
22-Jan-19 12:45:01 PM AST,442
22-Jan-19 1:00:02 PM AST,436
22-Jan-19 1:15:01 PM AST,435
22-Jan-19 1:30:01 PM AST,433
22-Jan-19 1:45:01 PM AST,417
22-Jan-19 2:00:02 PM AST,408
22-Jan-19 2:15:02 PM AST,390
22-Jan-19 2:30:01 PM AST,376
22-Jan-19 2:45:02 PM AST,353
22-Jan-19 3:00:00 PM AST,336
22-Jan-19 3:15:01 PM AST,301
22-Jan-19 3:30:01 PM AST,270
22-Jan-19 3:45:01 PM AST,238
22-Jan-19 4:00:00 PM AST,209
22-Jan-19 4:15:01 PM AST,146
22-Jan-19 4:30:02 PM AST,157
22-Jan-19 4:45:01 PM AST,116
22-Jan-19 5:00:01 PM AST,81
22-Jan-19 5:15:02 PM AST,53
22-Jan-19 5:30:01 PM AST,22
22-Jan-19 5:45:02 PM AST,10
22-Jan-19 6:00:00 PM AST,1
22-Jan-19 6:15:01 PM AST,1
22-Jan-19 6:30:01 PM AST,0
22-Jan-19 6:45:01 PM AST,0
22-Jan-19 7:00:00 PM AST,0
22-Jan-19 7:15:02 PM AST,0
22-Jan-19 7:30:01 PM AST,0
22-Jan-19 7:45:01 PM AST,0
22-Jan-19 8:00:01 PM AST,0
22-Jan-19 8:15:02 PM AST,0
22-Jan-19 8:30:02 PM AST,0
22-Jan-19 8:45:01 PM AST,0
22-Jan-19 9:00:00 PM AST,0
22-Jan-19 9:15:02 PM AST,0
22-Jan-19 9:30:01 PM AST,0
22-Jan-19 9:45:01 PM AST,0
22-Jan-19 10:00:03 PM AST,0
22-Jan-19 10:15:01 PM AST,0
22-Jan-19 10:30:01 PM AST,0
22-Jan-19 10:45:02 PM AST,0
22-Jan-19 11:00:02 PM AST,0
22-Jan-19 11:15:01 PM AST,0
22-Jan-19 11:30:01 PM AST,0
22-Jan-19 11:45:01 PM AST,0
23-Jan-19 12:00:01 AM AST,0
23-Jan-19 12:15:01 AM AST,0
23-Jan-19 12:30:01 AM AST,0
23-Jan-19 12:45:01 AM AST,0
23-Jan-19 1:00:01 AM AST,0
23-Jan-19 1:15:02 AM AST,0
23-Jan-19 1:30:02 AM AST,0
23-Jan-19 1:45:01 AM AST,0
23-Jan-19 2:00:01 AM AST,0
23-Jan-19 2:15:01 AM AST,0
23-Jan-19 2:30:01 AM AST,0
23-Jan-19 2:45:02 AM AST,0
23-Jan-19 3:00:01 AM AST,0
23-Jan-19 3:15:01 AM AST,0
23-Jan-19 3:30:01 AM AST,0
23-Jan-19 3:45:01 AM AST,0
23-Jan-19 4:00:01 AM AST,0
23-Jan-19 4:15:02 AM AST,0
23-Jan-19 4:30:01 AM AST,0
23-Jan-19 4:45:01 AM AST,0
23-Jan-19 5:00:02 AM AST,0
23-Jan-19 5:15:01 AM AST,0
23-Jan-19 5:30:01 AM AST,0
23-Jan-19 5:45:01 AM AST,0
23-Jan-19 6:00:01 AM AST,0
23-Jan-19 6:15:02 AM AST,0
23-Jan-19 6:30:01 AM AST,0
23-Jan-19 6:45:01 AM AST,0
23-Jan-19 7:00:01 AM AST,0
23-Jan-19 7:15:01 AM AST,0
23-Jan-19 7:30:01 AM AST,14
23-Jan-19 7:45:01 AM AST,33
23-Jan-19 8:00:01 AM AST,59
23-Jan-19 8:15:01 AM AST,81
23-Jan-19 8:30:01 AM AST,109
23-Jan-19 8:45:02 AM AST,139
23-Jan-19 9:00:00 AM AST,172
23-Jan-19 9:15:01 AM AST,202
23-Jan-19 9:30:02 AM AST,239
23-Jan-19 9:45:02 AM AST,266
23-Jan-19 10:00:00 AM AST,287
23-Jan-19 10:15:01 AM AST,317
23-Jan-19 10:30:01 AM AST,336
23-Jan-19 10:45:01 AM AST,352
23-Jan-19 11:00:00 AM AST,370
23-Jan-19 11:15:02 AM AST,387
23-Jan-19 11:30:01 AM AST,404
23-Jan-19 11:45:01 AM AST,416
23-Jan-19 12:00:00 PM AST,418
23-Jan-19 12:15:01 PM AST,428
23-Jan-19 12:30:02 PM AST,433
23-Jan-19 12:45:01 PM AST,433
23-Jan-19 1:00:01 PM AST,435
23-Jan-19 1:15:01 PM AST,435
23-Jan-19 1:30:02 PM AST,432
23-Jan-19 1:45:02 PM AST,421
23-Jan-19 2:00:00 PM AST,410
23-Jan-19 2:15:01 PM AST,390
23-Jan-19 2:30:01 PM AST,377
23-Jan-19 2:45:01 PM AST,355
23-Jan-19 3:00:01 PM AST,338
23-Jan-19 3:15:02 PM AST,310
23-Jan-19 3:30:01 PM AST,274
23-Jan-19 3:45:01 PM AST,246
23-Jan-19 4:00:01 PM AST,209
23-Jan-19 4:15:01 PM AST,179
23-Jan-19 4:30:01 PM AST,138
23-Jan-19 4:45:01 PM AST,111
23-Jan-19 5:00:01 PM AST,79
23-Jan-19 5:15:02 PM AST,57
23-Jan-19 5:30:02 PM AST,29
23-Jan-19 5:45:02 PM AST,6
23-Jan-19 6:00:01 PM AST,1
23-Jan-19 6:15:02 PM AST,0
23-Jan-19 6:30:01 PM AST,0
23-Jan-19 6:45:01 PM AST,0
23-Jan-19 7:00:01 PM AST,0
23-Jan-19 7:15:01 PM AST,0
23-Jan-19 7:30:01 PM AST,0
23-Jan-19 7:45:01 PM AST,0
23-Jan-19 8:00:02 PM AST,0
23-Jan-19 8:15:01 PM AST,0
23-Jan-19 8:30:01 PM AST,0
23-Jan-19 8:45:01 PM AST,0
23-Jan-19 9:00:01 PM AST,0
23-Jan-19 9:15:01 PM AST,0
23-Jan-19 9:30:01 PM AST,0
23-Jan-19 9:45:01 PM AST,0
23-Jan-19 10:00:02 PM AST,0
23-Jan-19 10:15:01 PM AST,0
23-Jan-19 10:30:01 PM AST,0
23-Jan-19 10:45:01 PM AST,0
23-Jan-19 11:00:01 PM AST,0
23-Jan-19 11:15:01 PM AST,0
23-Jan-19 11:30:01 PM AST,0
23-Jan-19 11:45:01 PM AST,0
24-Jan-19 12:00:01 AM AST,0
24-Jan-19 12:15:01 AM AST,0
24-Jan-19 12:30:01 AM AST,0
24-Jan-19 12:45:02 AM AST,0
24-Jan-19 1:00:02 AM AST,0
24-Jan-19 1:15:02 AM AST,0
24-Jan-19 1:30:01 AM AST,0
24-Jan-19 1:45:01 AM AST,0
24-Jan-19 2:00:01 AM AST,0
24-Jan-19 2:15:01 AM AST,0
24-Jan-19 2:30:01 AM AST,0
24-Jan-19 2:45:01 AM AST,0
24-Jan-19 3:00:00 AM AST,0
24-Jan-19 3:15:02 AM AST,0
24-Jan-19 3:30:01 AM AST,0
24-Jan-19 3:45:02 AM AST,0
24-Jan-19 4:00:01 AM AST,0
24-Jan-19 4:15:01 AM AST,0
24-Jan-19 4:30:01 AM AST,0
24-Jan-19 4:45:01 AM AST,0
24-Jan-19 5:00:01 AM AST,0
24-Jan-19 5:15:02 AM AST,0
24-Jan-19 5:30:01 AM AST,0
24-Jan-19 5:45:02 AM AST,0
24-Jan-19 6:00:01 AM AST,0
24-Jan-19 6:15:02 AM AST,0
24-Jan-19 6:30:01 AM AST,0
24-Jan-19 6:45:01 AM AST,0
24-Jan-19 7:00:01 AM AST,0
24-Jan-19 7:15:01 AM AST,0
24-Jan-19 7:30:01 AM AST,11
24-Jan-19 7:45:01 AM AST,28
24-Jan-19 8:00:01 AM AST,47
24-Jan-19 8:15:01 AM AST,98
24-Jan-19 8:30:01 AM AST,86
24-Jan-19 8:45:01 AM AST,140
24-Jan-19 9:00:00 AM AST,189
24-Jan-19 9:15:01 AM AST,153
24-Jan-19 9:30:02 AM AST,233
24-Jan-19 9:45:01 AM AST,262
24-Jan-19 10:00:01 AM AST,289
24-Jan-19 10:15:01 AM AST,313
24-Jan-19 10:30:01 AM AST,354
24-Jan-19 10:45:01 AM AST,360
24-Jan-19 11:00:02 AM AST,363
24-Jan-19 11:15:01 AM AST,435
24-Jan-19 11:30:01 AM AST,420
24-Jan-19 11:45:01 AM AST,431
24-Jan-19 12:00:01 PM AST,442
24-Jan-19 12:15:02 PM AST,445
24-Jan-19 12:30:02 PM AST,446
24-Jan-19 12:45:01 PM AST,447
24-Jan-19 1:00:01 PM AST,446
24-Jan-19 1:15:02 PM AST,434
24-Jan-19 1:30:01 PM AST,439
24-Jan-19 1:45:01 PM AST,424
24-Jan-19 2:00:01 PM AST,402
24-Jan-19 2:15:02 PM AST,383
24-Jan-19 2:30:02 PM AST,378
24-Jan-19 2:45:01 PM AST,356
24-Jan-19 3:00:01 PM AST,338
24-Jan-19 3:15:01 PM AST,316
24-Jan-19 3:30:01 PM AST,291
24-Jan-19 3:45:01 PM AST,233
24-Jan-19 4:00:01 PM AST,224
24-Jan-19 4:15:02 PM AST,169
24-Jan-19 4:30:01 PM AST,152
24-Jan-19 4:45:02 PM AST,108
24-Jan-19 5:00:02 PM AST,64
24-Jan-19 5:15:01 PM AST,66
24-Jan-19 5:30:02 PM AST,32
24-Jan-19 5:45:02 PM AST,2
24-Jan-19 6:00:01 PM AST,2
24-Jan-19 6:15:02 PM AST,0
24-Jan-19 6:30:01 PM AST,0
24-Jan-19 6:45:01 PM AST,0
24-Jan-19 7:00:00 PM AST,0
24-Jan-19 7:15:02 PM AST,0
24-Jan-19 7:30:02 PM AST,0
24-Jan-19 7:45:01 PM AST,0
24-Jan-19 8:00:00 PM AST,0
24-Jan-19 8:15:01 PM AST,0
24-Jan-19 8:30:01 PM AST,0
24-Jan-19 8:45:01 PM AST,0
24-Jan-19 9:00:00 PM AST,0
24-Jan-19 9:15:01 PM AST,0
24-Jan-19 9:30:01 PM AST,0
24-Jan-19 9:45:02 PM AST,0
24-Jan-19 10:00:00 PM AST,0
24-Jan-19 10:15:01 PM AST,0
24-Jan-19 10:30:02 PM AST,0
24-Jan-19 10:45:02 PM AST,0
24-Jan-19 11:00:00 PM AST,0
24-Jan-19 11:15:01 PM AST,0
24-Jan-19 11:30:01 PM AST,0
24-Jan-19 11:45:02 PM AST,0
25-Jan-19 12:00:01 AM AST,0
25-Jan-19 12:15:01 AM AST,0
25-Jan-19 12:30:01 AM AST,0
25-Jan-19 12:45:01 AM AST,0
25-Jan-19 1:00:01 AM AST,0
25-Jan-19 1:15:01 AM AST,0
25-Jan-19 1:30:02 AM AST,0
25-Jan-19 1:45:01 AM AST,0
25-Jan-19 2:00:01 AM AST,0
25-Jan-19 2:15:02 AM AST,0
25-Jan-19 2:30:01 AM AST,0
25-Jan-19 2:45:02 AM AST,0
25-Jan-19 3:00:01 AM AST,0
25-Jan-19 3:15:01 AM AST,0
25-Jan-19 3:30:01 AM AST,0
25-Jan-19 3:45:01 AM AST,0
25-Jan-19 4:00:01 AM AST,0
25-Jan-19 4:15:03 AM AST,0
25-Jan-19 4:30:01 AM AST,0
25-Jan-19 4:45:01 AM AST,0
25-Jan-19 5:00:02 AM AST,0
25-Jan-19 5:15:02 AM AST,0
25-Jan-19 5:30:01 AM AST,0
25-Jan-19 5:45:01 AM AST,0
25-Jan-19 6:00:01 AM AST,0
25-Jan-19 6:15:02 AM AST,0
25-Jan-19 6:30:02 AM AST,0
25-Jan-19 6:45:01 AM AST,0
25-Jan-19 7:00:01 AM AST,0
25-Jan-19 7:15:01 AM AST,0
25-Jan-19 7:30:02 AM AST,14
25-Jan-19 7:45:01 AM AST,40
25-Jan-19 8:00:01 AM AST,39
25-Jan-19 8:15:02 AM AST,81
25-Jan-19 8:30:01 AM AST,109
25-Jan-19 8:45:01 AM AST,137
25-Jan-19 9:00:01 AM AST,156
25-Jan-19 9:15:01 AM AST,190
25-Jan-19 9:30:02 AM AST,214
25-Jan-19 9:45:01 AM AST,246
25-Jan-19 10:00:01 AM AST,274
25-Jan-19 10:15:02 AM AST,302
25-Jan-19 10:30:01 AM AST,329
25-Jan-19 10:45:02 AM AST,354
25-Jan-19 11:00:01 AM AST,267
25-Jan-19 11:15:01 AM AST,276
25-Jan-19 11:30:01 AM AST,352
25-Jan-19 11:45:02 AM AST,413
25-Jan-19 12:00:01 PM AST,416
25-Jan-19 12:15:01 PM AST,420
25-Jan-19 12:30:01 PM AST,426
25-Jan-19 12:45:02 PM AST,421
25-Jan-19 1:00:02 PM AST,426
25-Jan-19 1:15:02 PM AST,421
25-Jan-19 1:30:01 PM AST,396
25-Jan-19 1:45:01 PM AST,414
25-Jan-19 2:00:00 PM AST,405
25-Jan-19 2:15:02 PM AST,403
25-Jan-19 2:30:01 PM AST,130
25-Jan-19 2:45:01 PM AST,328
25-Jan-19 3:00:00 PM AST,313
25-Jan-19 3:15:02 PM AST,277
25-Jan-19 3:30:01 PM AST,246
25-Jan-19 3:45:01 PM AST,220
25-Jan-19 4:00:00 PM AST,184
25-Jan-19 4:15:01 PM AST,158
25-Jan-19 4:30:01 PM AST,126
25-Jan-19 4:45:02 PM AST,92
25-Jan-19 5:00:00 PM AST,66
25-Jan-19 5:15:02 PM AST,41
25-Jan-19 5:30:02 PM AST,16
25-Jan-19 5:45:01 PM AST,1
25-Jan-19 6:00:00 PM AST,1
25-Jan-19 6:15:01 PM AST,2
25-Jan-19 6:30:02 PM AST,0
25-Jan-19 6:45:01 PM AST,0
25-Jan-19 7:00:01 PM AST,0
25-Jan-19 7:15:02 PM AST,0
25-Jan-19 7:30:01 PM AST,0
25-Jan-19 7:45:01 PM AST,0
25-Jan-19 8:00:01 PM AST,0
25-Jan-19 8:15:01 PM AST,0
25-Jan-19 8:30:01 PM AST,0
25-Jan-19 8:45:02 PM AST,0
25-Jan-19 9:00:00 PM AST,0
25-Jan-19 9:15:02 PM AST,0
25-Jan-19 9:30:01 PM AST,0
25-Jan-19 9:45:01 PM AST,0
25-Jan-19 10:00:01 PM AST,0
25-Jan-19 10:15:02 PM AST,0
25-Jan-19 10:30:02 PM AST,0
25-Jan-19 10:45:01 PM AST,0
25-Jan-19 11:00:00 PM AST,0
25-Jan-19 11:15:01 PM AST,0
25-Jan-19 11:30:01 PM AST,0
25-Jan-19 11:45:01 PM AST,0
26-Jan-19 12:00:01 AM AST,0
26-Jan-19 12:15:02 AM AST,0
26-Jan-19 12:30:02 AM AST,0
26-Jan-19 12:45:02 AM AST,0
26-Jan-19 1:00:01 AM AST,0
26-Jan-19 1:15:01 AM AST,0
26-Jan-19 1:30:01 AM AST,0
26-Jan-19 1:45:01 AM AST,0
26-Jan-19 2:00:01 AM AST,0
26-Jan-19 2:15:01 AM AST,0
26-Jan-19 2:30:02 AM AST,0
26-Jan-19 2:45:01 AM AST,0
26-Jan-19 3:00:01 AM AST,0
26-Jan-19 3:15:02 AM AST,0
26-Jan-19 3:30:01 AM AST,0
26-Jan-19 3:45:01 AM AST,0
26-Jan-19 4:00:01 AM AST,0
26-Jan-19 4:15:01 AM AST,0
26-Jan-19 4:30:01 AM AST,0
26-Jan-19 4:45:01 AM AST,0
26-Jan-19 5:00:01 AM AST,0
26-Jan-19 5:15:01 AM AST,0
26-Jan-19 5:30:01 AM AST,0
26-Jan-19 5:45:02 AM AST,0
26-Jan-19 6:00:01 AM AST,0
26-Jan-19 6:15:02 AM AST,0
26-Jan-19 6:30:02 AM AST,0
26-Jan-19 6:45:01 AM AST,0
26-Jan-19 7:00:01 AM AST,4
26-Jan-19 7:15:01 AM AST,0
26-Jan-19 7:30:02 AM AST,10
26-Jan-19 7:45:02 AM AST,29
26-Jan-19 8:00:01 AM AST,25
26-Jan-19 8:15:02 AM AST,86
26-Jan-19 8:30:01 AM AST,92
26-Jan-19 8:45:01 AM AST,138
26-Jan-19 9:00:00 AM AST,169
26-Jan-19 9:15:02 AM AST,197
26-Jan-19 9:30:02 AM AST,224
26-Jan-19 9:45:01 AM AST,232
26-Jan-19 10:00:00 AM AST,224
26-Jan-19 10:15:01 AM AST,301
26-Jan-19 10:30:01 AM AST,319
26-Jan-19 10:45:01 AM AST,316
26-Jan-19 11:00:01 AM AST,351
26-Jan-19 11:15:01 AM AST,364
26-Jan-19 11:30:01 AM AST,284
26-Jan-19 11:45:02 AM AST,398
26-Jan-19 12:00:00 PM AST,393
26-Jan-19 12:15:01 PM AST,397
26-Jan-19 12:30:01 PM AST,405
26-Jan-19 12:45:01 PM AST,407
26-Jan-19 1:00:00 PM AST,411
26-Jan-19 1:15:01 PM AST,394
26-Jan-19 1:30:01 PM AST,393
26-Jan-19 1:45:02 PM AST,382
26-Jan-19 2:00:01 PM AST,377
26-Jan-19 2:15:01 PM AST,358
26-Jan-19 2:30:01 PM AST,344
26-Jan-19 2:45:01 PM AST,320
26-Jan-19 3:00:01 PM AST,304
26-Jan-19 3:15:01 PM AST,271
26-Jan-19 3:30:01 PM AST,246
26-Jan-19 3:45:01 PM AST,212
26-Jan-19 4:00:01 PM AST,177
26-Jan-19 4:15:01 PM AST,157
26-Jan-19 4:30:01 PM AST,112
26-Jan-19 4:45:01 PM AST,82
26-Jan-19 5:00:01 PM AST,59
26-Jan-19 5:15:02 PM AST,52
26-Jan-19 5:30:01 PM AST,24
26-Jan-19 5:45:01 PM AST,2
26-Jan-19 6:00:02 PM AST,1
26-Jan-19 6:15:01 PM AST,0
26-Jan-19 6:30:02 PM AST,0
26-Jan-19 6:45:01 PM AST,0
26-Jan-19 7:00:01 PM AST,0
26-Jan-19 7:15:02 PM AST,0
26-Jan-19 7:30:01 PM AST,0
26-Jan-19 7:45:01 PM AST,0
26-Jan-19 8:00:01 PM AST,0
26-Jan-19 8:15:01 PM AST,0
26-Jan-19 8:30:01 PM AST,0
26-Jan-19 8:45:01 PM AST,0
26-Jan-19 9:00:01 PM AST,0
26-Jan-19 9:15:01 PM AST,0
26-Jan-19 9:30:01 PM AST,0
26-Jan-19 9:45:01 PM AST,0
26-Jan-19 10:00:01 PM AST,0
26-Jan-19 10:15:02 PM AST,0
26-Jan-19 10:30:01 PM AST,0
26-Jan-19 10:45:02 PM AST,0
26-Jan-19 11:00:02 PM AST,0
26-Jan-19 11:15:01 PM AST,0
26-Jan-19 11:30:01 PM AST,0
26-Jan-19 11:45:01 PM AST,0
27-Jan-19 12:00:01 AM AST,0
27-Jan-19 12:15:01 AM AST,0
27-Jan-19 12:30:01 AM AST,0
27-Jan-19 12:45:01 AM AST,0
27-Jan-19 1:00:01 AM AST,0
27-Jan-19 1:15:02 AM AST,0
27-Jan-19 1:30:01 AM AST,0
27-Jan-19 1:45:01 AM AST,0
27-Jan-19 2:00:00 AM AST,0
27-Jan-19 2:15:02 AM AST,0
27-Jan-19 2:30:02 AM AST,0
27-Jan-19 2:45:01 AM AST,0
27-Jan-19 3:00:00 AM AST,0
27-Jan-19 3:15:02 AM AST,0
27-Jan-19 3:30:01 AM AST,0
27-Jan-19 3:45:01 AM AST,0
27-Jan-19 4:00:01 AM AST,0
27-Jan-19 4:15:01 AM AST,0
27-Jan-19 4:30:01 AM AST,0
27-Jan-19 4:45:01 AM AST,0
27-Jan-19 5:00:00 AM AST,0
27-Jan-19 5:15:01 AM AST,0
27-Jan-19 5:30:01 AM AST,0
27-Jan-19 5:45:01 AM AST,0
27-Jan-19 6:00:01 AM AST,0
27-Jan-19 6:15:01 AM AST,0
27-Jan-19 6:30:01 AM AST,0
27-Jan-19 6:45:01 AM AST,0
27-Jan-19 7:00:01 AM AST,0
27-Jan-19 7:15:01 AM AST,1
27-Jan-19 7:30:02 AM AST,15
27-Jan-19 7:45:01 AM AST,42
27-Jan-19 8:00:01 AM AST,58
27-Jan-19 8:15:02 AM AST,85
27-Jan-19 8:30:02 AM AST,105
27-Jan-19 8:45:01 AM AST,136
27-Jan-19 9:00:01 AM AST,143
27-Jan-19 9:15:01 AM AST,203
27-Jan-19 9:30:01 AM AST,229
27-Jan-19 9:45:01 AM AST,260
27-Jan-19 10:00:01 AM AST,296
27-Jan-19 10:15:01 AM AST,320
27-Jan-19 10:30:01 AM AST,343
27-Jan-19 10:45:01 AM AST,366
27-Jan-19 11:00:01 AM AST,389
27-Jan-19 11:15:01 AM AST,406
27-Jan-19 11:30:01 AM AST,421
27-Jan-19 11:45:01 AM AST,438
27-Jan-19 12:00:01 PM AST,464
27-Jan-19 12:15:01 PM AST,453
27-Jan-19 12:30:01 PM AST,253
27-Jan-19 12:45:01 PM AST,444
27-Jan-19 1:00:02 PM AST,305
27-Jan-19 1:15:02 PM AST,467
27-Jan-19 1:30:01 PM AST,111
27-Jan-19 1:45:01 PM AST,218
27-Jan-19 2:00:01 PM AST,381
27-Jan-19 2:15:01 PM AST,219
27-Jan-19 2:30:01 PM AST,305
27-Jan-19 2:45:01 PM AST,228
27-Jan-19 3:00:02 PM AST,197
27-Jan-19 3:15:01 PM AST,226
27-Jan-19 3:30:01 PM AST,210
27-Jan-19 3:45:01 PM AST,139
27-Jan-19 4:00:01 PM AST,103
27-Jan-19 4:15:02 PM AST,143
27-Jan-19 4:30:01 PM AST,53
27-Jan-19 4:45:01 PM AST,70
27-Jan-19 5:00:01 PM AST,51
27-Jan-19 5:15:01 PM AST,28
27-Jan-19 5:30:01 PM AST,14
27-Jan-19 5:45:02 PM AST,11
27-Jan-19 6:00:00 PM AST,0
27-Jan-19 6:15:01 PM AST,0
27-Jan-19 6:30:01 PM AST,0
27-Jan-19 6:45:02 PM AST,0
27-Jan-19 7:00:01 PM AST,0
27-Jan-19 7:15:01 PM AST,0
27-Jan-19 7:30:01 PM AST,0
27-Jan-19 7:45:01 PM AST,0
27-Jan-19 8:00:00 PM AST,0
27-Jan-19 8:15:01 PM AST,0
27-Jan-19 8:30:01 PM AST,0
27-Jan-19 8:45:02 PM AST,0
27-Jan-19 9:00:00 PM AST,0
27-Jan-19 9:15:01 PM AST,0
27-Jan-19 9:30:01 PM AST,0
27-Jan-19 9:45:01 PM AST,0
27-Jan-19 10:00:00 PM AST,0
27-Jan-19 10:15:01 PM AST,0
27-Jan-19 10:30:02 PM AST,0
27-Jan-19 10:45:01 PM AST,0
27-Jan-19 11:00:01 PM AST,0
27-Jan-19 11:15:01 PM AST,0
27-Jan-19 11:30:01 PM AST,0
27-Jan-19 11:45:02 PM AST,0
28-Jan-19 12:00:01 AM AST,0
28-Jan-19 12:15:01 AM AST,0
28-Jan-19 12:30:01 AM AST,0
28-Jan-19 12:45:01 AM AST,0
28-Jan-19 1:00:01 AM AST,0
28-Jan-19 1:15:02 AM AST,0
28-Jan-19 1:30:01 AM AST,0
28-Jan-19 1:45:01 AM AST,0
28-Jan-19 2:00:01 AM AST,0
28-Jan-19 2:15:01 AM AST,0
28-Jan-19 2:30:01 AM AST,0
28-Jan-19 2:45:01 AM AST,0
28-Jan-19 3:00:01 AM AST,0
28-Jan-19 3:15:01 AM AST,0
28-Jan-19 3:30:01 AM AST,0
28-Jan-19 3:45:01 AM AST,0
28-Jan-19 4:00:01 AM AST,0
28-Jan-19 4:15:02 AM AST,0
28-Jan-19 4:30:01 AM AST,0
28-Jan-19 4:45:01 AM AST,0
28-Jan-19 5:00:02 AM AST,0
28-Jan-19 5:15:01 AM AST,0
28-Jan-19 5:30:01 AM AST,0
28-Jan-19 5:45:01 AM AST,0
28-Jan-19 6:00:01 AM AST,0
28-Jan-19 6:15:01 AM AST,0
28-Jan-19 6:30:02 AM AST,0
28-Jan-19 6:45:01 AM AST,0
28-Jan-19 7:00:01 AM AST,0
28-Jan-19 7:15:01 AM AST,2
28-Jan-19 7:30:01 AM AST,17
28-Jan-19 7:45:01 AM AST,9
28-Jan-19 8:00:01 AM AST,21
28-Jan-19 8:15:03 AM AST,69
28-Jan-19 8:30:01 AM AST,28
28-Jan-19 8:45:01 AM AST,44
28-Jan-19 9:00:02 AM AST,30
28-Jan-19 9:15:01 AM AST,73
28-Jan-19 9:30:02 AM AST,1
28-Jan-19 9:45:02 AM AST,49
28-Jan-19 10:00:01 AM AST,165
28-Jan-19 10:15:01 AM AST,97
28-Jan-19 10:30:01 AM AST,113
28-Jan-19 10:45:01 AM AST,87
28-Jan-19 11:00:00 AM AST,65
28-Jan-19 11:15:02 AM AST,68
28-Jan-19 11:30:01 AM AST,135
28-Jan-19 11:45:02 AM AST,46
28-Jan-19 12:00:00 PM AST,194
28-Jan-19 12:15:01 PM AST,128
28-Jan-19 12:30:01 PM AST,186
28-Jan-19 12:45:01 PM AST,162
28-Jan-19 1:00:00 PM AST,87
28-Jan-19 1:15:01 PM AST,45
28-Jan-19 1:30:02 PM AST,14
28-Jan-19 1:45:02 PM AST,45
28-Jan-19 2:00:00 PM AST,48
28-Jan-19 2:15:02 PM AST,5
28-Jan-19 2:30:03 PM AST,58
28-Jan-19 2:45:01 PM AST,43
28-Jan-19 3:00:01 PM AST,20
28-Jan-19 3:15:03 PM AST,37
28-Jan-19 3:30:01 PM AST,34
28-Jan-19 3:45:01 PM AST,36
28-Jan-19 4:00:01 PM AST,3
28-Jan-19 4:15:01 PM AST,0
28-Jan-19 4:30:01 PM AST,2
28-Jan-19 4:45:01 PM AST,14
28-Jan-19 5:00:01 PM AST,0
28-Jan-19 5:15:01 PM AST,0
28-Jan-19 5:30:01 PM AST,0
28-Jan-19 5:45:01 PM AST,0
28-Jan-19 6:00:01 PM AST,0
28-Jan-19 6:15:01 PM AST,0
28-Jan-19 6:30:01 PM AST,0
28-Jan-19 6:45:02 PM AST,0
28-Jan-19 7:00:02 PM AST,0
28-Jan-19 7:15:01 PM AST,0
28-Jan-19 7:30:02 PM AST,0
28-Jan-19 7:45:01 PM AST,0
28-Jan-19 8:00:02 PM AST,0
28-Jan-19 8:15:01 PM AST,0
28-Jan-19 8:30:01 PM AST,0
28-Jan-19 8:45:02 PM AST,0
28-Jan-19 9:00:01 PM AST,0
28-Jan-19 9:15:01 PM AST,0
28-Jan-19 9:30:01 PM AST,0
28-Jan-19 9:45:02 PM AST,0
28-Jan-19 10:00:02 PM AST,0
28-Jan-19 10:15:01 PM AST,0
28-Jan-19 10:30:01 PM AST,0
28-Jan-19 10:45:01 PM AST,0
28-Jan-19 11:00:01 PM AST,0
28-Jan-19 11:15:01 PM AST,0
28-Jan-19 11:30:01 PM AST,0
28-Jan-19 11:45:02 PM AST,0
29-Jan-19 12:00:01 AM AST,0
29-Jan-19 12:15:01 AM AST,0
29-Jan-19 12:30:01 AM AST,0
29-Jan-19 12:45:01 AM AST,0
29-Jan-19 1:00:01 AM AST,0
29-Jan-19 1:15:01 AM AST,0
29-Jan-19 1:30:01 AM AST,0
29-Jan-19 1:45:02 AM AST,0
29-Jan-19 2:00:01 AM AST,0
29-Jan-19 2:15:01 AM AST,0
29-Jan-19 2:30:01 AM AST,0
29-Jan-19 2:45:01 AM AST,0
29-Jan-19 3:00:01 AM AST,0
29-Jan-19 3:15:01 AM AST,0
29-Jan-19 3:30:01 AM AST,0
29-Jan-19 3:45:01 AM AST,0
29-Jan-19 4:00:01 AM AST,0
29-Jan-19 4:15:02 AM AST,0
29-Jan-19 4:30:01 AM AST,0
29-Jan-19 4:45:02 AM AST,0
29-Jan-19 5:00:02 AM AST,0
29-Jan-19 5:15:01 AM AST,0
29-Jan-19 5:30:01 AM AST,0
29-Jan-19 5:45:01 AM AST,0
29-Jan-19 6:00:01 AM AST,0
29-Jan-19 6:15:01 AM AST,0
29-Jan-19 6:30:01 AM AST,0
29-Jan-19 6:45:01 AM AST,0
29-Jan-19 7:00:01 AM AST,0
29-Jan-19 7:15:02 AM AST,2
29-Jan-19 7:30:02 AM AST,1
29-Jan-19 7:45:01 AM AST,13
29-Jan-19 8:00:01 AM AST,35
29-Jan-19 8:15:01 AM AST,45
29-Jan-19 8:30:01 AM AST,94
29-Jan-19 8:45:01 AM AST,122
29-Jan-19 9:00:01 AM AST,90
29-Jan-19 9:15:01 AM AST,142
29-Jan-19 9:30:01 AM AST,147
29-Jan-19 9:45:02 AM AST,100
29-Jan-19 10:00:01 AM AST,229
29-Jan-19 10:15:02 AM AST,175
29-Jan-19 10:30:01 AM AST,335
29-Jan-19 10:45:01 AM AST,326
29-Jan-19 11:00:02 AM AST,365
29-Jan-19 11:15:02 AM AST,385
29-Jan-19 11:30:01 AM AST,372
29-Jan-19 11:45:01 AM AST,404
29-Jan-19 12:00:01 PM AST,402
29-Jan-19 12:15:01 PM AST,410
29-Jan-19 12:30:02 PM AST,299
29-Jan-19 12:45:02 PM AST,353
29-Jan-19 1:00:02 PM AST,280
29-Jan-19 1:15:02 PM AST,337
29-Jan-19 1:30:02 PM AST,341
29-Jan-19 1:45:01 PM AST,294
29-Jan-19 2:00:02 PM AST,266
29-Jan-19 2:15:02 PM AST,189
29-Jan-19 2:30:02 PM AST,280
29-Jan-19 2:45:01 PM AST,222
29-Jan-19 3:00:01 PM AST,292
29-Jan-19 3:15:01 PM AST,251
29-Jan-19 3:30:01 PM AST,239
29-Jan-19 3:45:01 PM AST,208
29-Jan-19 4:00:02 PM AST,183
29-Jan-19 4:15:02 PM AST,164
29-Jan-19 4:30:01 PM AST,131
29-Jan-19 4:45:01 PM AST,99
29-Jan-19 5:00:01 PM AST,73
29-Jan-19 5:15:01 PM AST,31
29-Jan-19 5:30:01 PM AST,22
29-Jan-19 5:45:01 PM AST,0
29-Jan-19 6:00:01 PM AST,0
29-Jan-19 6:15:01 PM AST,0
29-Jan-19 6:30:01 PM AST,0
29-Jan-19 6:45:01 PM AST,0
29-Jan-19 7:00:01 PM AST,0
29-Jan-19 7:15:01 PM AST,0
29-Jan-19 7:30:01 PM AST,0
29-Jan-19 7:45:02 PM AST,0
29-Jan-19 8:00:01 PM AST,0
29-Jan-19 8:15:01 PM AST,0
29-Jan-19 8:30:01 PM AST,0
29-Jan-19 8:45:01 PM AST,0
29-Jan-19 9:00:01 PM AST,0
29-Jan-19 9:15:01 PM AST,0
29-Jan-19 9:30:02 PM AST,0
29-Jan-19 9:45:02 PM AST,0
29-Jan-19 10:00:00 PM AST,0
29-Jan-19 10:15:02 PM AST,0
29-Jan-19 10:30:02 PM AST,0
29-Jan-19 10:45:02 PM AST,0
29-Jan-19 11:00:00 PM AST,0
29-Jan-19 11:15:01 PM AST,0
29-Jan-19 11:30:01 PM AST,0
29-Jan-19 11:45:01 PM AST,0
30-Jan-19 12:00:03 AM AST,0
30-Jan-19 12:15:01 AM AST,0
30-Jan-19 12:30:01 AM AST,0
30-Jan-19 12:45:02 AM AST,0
30-Jan-19 1:00:00 AM AST,0
30-Jan-19 1:15:01 AM AST,0
30-Jan-19 1:30:01 AM AST,0
30-Jan-19 1:45:01 AM AST,0
30-Jan-19 2:00:01 AM AST,0
30-Jan-19 2:15:00 AM AST,0
30-Jan-19 2:30:01 AM AST,0
30-Jan-19 2:45:02 AM AST,0
30-Jan-19 3:00:01 AM AST,0
30-Jan-19 3:15:01 AM AST,0
30-Jan-19 3:30:01 AM AST,0
30-Jan-19 3:45:02 AM AST,0
30-Jan-19 4:00:01 AM AST,0
30-Jan-19 4:15:01 AM AST,0
30-Jan-19 4:30:01 AM AST,0
30-Jan-19 4:45:02 AM AST,0
30-Jan-19 5:00:01 AM AST,0
30-Jan-19 5:15:01 AM AST,0
30-Jan-19 5:30:01 AM AST,0
30-Jan-19 5:45:01 AM AST,0
30-Jan-19 6:00:01 AM AST,0
30-Jan-19 6:15:02 AM AST,0
30-Jan-19 6:30:01 AM AST,0
30-Jan-19 6:45:01 AM AST,0
30-Jan-19 7:00:02 AM AST,0
30-Jan-19 7:15:01 AM AST,0
30-Jan-19 7:30:02 AM AST,7
30-Jan-19 7:45:01 AM AST,21
30-Jan-19 8:00:01 AM AST,61
30-Jan-19 8:15:01 AM AST,77
30-Jan-19 8:30:01 AM AST,103
30-Jan-19 8:45:01 AM AST,89
30-Jan-19 9:00:01 AM AST,161
30-Jan-19 9:15:01 AM AST,229
30-Jan-19 9:30:01 AM AST,259
30-Jan-19 9:45:01 AM AST,221
30-Jan-19 10:00:01 AM AST,287
30-Jan-19 10:15:01 AM AST,226
30-Jan-19 10:30:01 AM AST,160
30-Jan-19 10:45:02 AM AST,433
30-Jan-19 11:00:01 AM AST,254
30-Jan-19 11:15:01 AM AST,407
30-Jan-19 11:30:01 AM AST,377
30-Jan-19 11:45:01 AM AST,291
30-Jan-19 12:00:01 PM AST,175
30-Jan-19 12:15:01 PM AST,136
30-Jan-19 12:30:01 PM AST,261
30-Jan-19 12:45:01 PM AST,156
30-Jan-19 1:00:01 PM AST,185
30-Jan-19 1:15:02 PM AST,165
30-Jan-19 1:30:02 PM AST,180
30-Jan-19 1:45:01 PM AST,357
30-Jan-19 2:00:02 PM AST,397
30-Jan-19 2:15:01 PM AST,374
30-Jan-19 2:30:01 PM AST,323
30-Jan-19 2:45:01 PM AST,151
30-Jan-19 3:00:01 PM AST,75
30-Jan-19 3:15:02 PM AST,99
30-Jan-19 3:30:01 PM AST,55
30-Jan-19 3:45:01 PM AST,102
30-Jan-19 4:00:00 PM AST,95
30-Jan-19 4:15:01 PM AST,84
30-Jan-19 4:30:01 PM AST,143
30-Jan-19 4:45:01 PM AST,60
30-Jan-19 5:00:01 PM AST,47
30-Jan-19 5:15:02 PM AST,46
30-Jan-19 5:30:02 PM AST,19
30-Jan-19 5:45:02 PM AST,0
30-Jan-19 6:00:01 PM AST,1
30-Jan-19 6:15:01 PM AST,0
30-Jan-19 6:30:01 PM AST,0
30-Jan-19 6:45:02 PM AST,0
30-Jan-19 7:00:01 PM AST,0
30-Jan-19 7:15:01 PM AST,0
30-Jan-19 7:30:01 PM AST,0
30-Jan-19 7:45:01 PM AST,0
30-Jan-19 8:00:01 PM AST,0
30-Jan-19 8:15:01 PM AST,0
30-Jan-19 8:30:01 PM AST,0
30-Jan-19 8:45:01 PM AST,0
30-Jan-19 9:00:02 PM AST,0
30-Jan-19 9:15:01 PM AST,0
30-Jan-19 9:30:01 PM AST,0
30-Jan-19 9:45:01 PM AST,0
30-Jan-19 10:00:01 PM AST,0
30-Jan-19 10:15:01 PM AST,0
30-Jan-19 10:30:01 PM AST,0
30-Jan-19 10:45:01 PM AST,0
30-Jan-19 11:00:01 PM AST,0
30-Jan-19 11:15:01 PM AST,0
30-Jan-19 11:30:02 PM AST,0
30-Jan-19 11:45:02 PM AST,0
31-Jan-19 12:00:01 AM AST,0
31-Jan-19 12:15:02 AM AST,0
31-Jan-19 12:30:01 AM AST,0
31-Jan-19 12:45:01 AM AST,0
31-Jan-19 1:00:01 AM AST,0
31-Jan-19 1:15:01 AM AST,0
31-Jan-19 1:30:01 AM AST,0
31-Jan-19 1:45:01 AM AST,0
31-Jan-19 2:00:01 AM AST,0
31-Jan-19 2:15:01 AM AST,0
31-Jan-19 2:30:02 AM AST,0
31-Jan-19 2:45:01 AM AST,0
31-Jan-19 3:00:01 AM AST,0
31-Jan-19 3:15:01 AM AST,0
31-Jan-19 3:30:01 AM AST,0
31-Jan-19 3:45:01 AM AST,0
31-Jan-19 4:00:02 AM AST,0
31-Jan-19 4:15:01 AM AST,0
31-Jan-19 4:30:01 AM AST,0
31-Jan-19 4:45:01 AM AST,0
31-Jan-19 5:00:01 AM AST,0
31-Jan-19 5:15:02 AM AST,0
31-Jan-19 5:30:01 AM AST,0
31-Jan-19 5:45:01 AM AST,0
31-Jan-19 6:00:01 AM AST,0
31-Jan-19 6:15:01 AM AST,0
31-Jan-19 6:30:01 AM AST,0
31-Jan-19 6:45:01 AM AST,0
31-Jan-19 7:00:01 AM AST,0
31-Jan-19 7:15:02 AM AST,0
31-Jan-19 7:30:01 AM AST,0
31-Jan-19 7:45:02 AM AST,0
31-Jan-19 8:00:03 AM AST,33
31-Jan-19 8:15:01 AM AST,28
31-Jan-19 8:30:01 AM AST,60
31-Jan-19 8:45:02 AM AST,74
31-Jan-19 9:00:01 AM AST,119
31-Jan-19 9:15:02 AM AST,178
31-Jan-19 9:30:01 AM AST,218
31-Jan-19 9:45:01 AM AST,260
31-Jan-19 10:00:01 AM AST,154
31-Jan-19 10:15:01 AM AST,247
31-Jan-19 10:30:01 AM AST,213
31-Jan-19 10:45:01 AM AST,313
31-Jan-19 11:00:00 AM AST,163
31-Jan-19 11:15:02 AM AST,350
31-Jan-19 11:30:02 AM AST,356
31-Jan-19 11:45:01 AM AST,242
31-Jan-19 12:00:01 PM AST,207
31-Jan-19 12:15:01 PM AST,400
31-Jan-19 12:30:01 PM AST,405
31-Jan-19 12:45:01 PM AST,383
31-Jan-19 1:00:01 PM AST,400
31-Jan-19 1:15:01 PM AST,399
31-Jan-19 1:30:02 PM AST,340
31-Jan-19 1:45:01 PM AST,370
31-Jan-19 2:00:01 PM AST,370
31-Jan-19 2:15:01 PM AST,360
31-Jan-19 2:30:02 PM AST,314
31-Jan-19 2:45:01 PM AST,194
31-Jan-19 3:00:01 PM AST,294
31-Jan-19 3:15:01 PM AST,262
31-Jan-19 3:30:02 PM AST,249
31-Jan-19 3:45:01 PM AST,203
31-Jan-19 4:00:01 PM AST,140
31-Jan-19 4:15:01 PM AST,176
31-Jan-19 4:30:01 PM AST,127
31-Jan-19 4:45:01 PM AST,97
31-Jan-19 5:00:01 PM AST,52
31-Jan-19 5:15:02 PM AST,46
31-Jan-19 5:30:02 PM AST,13
31-Jan-19 5:45:01 PM AST,6
31-Jan-19 6:00:01 PM AST,1
31-Jan-19 6:15:01 PM AST,0
31-Jan-19 6:30:01 PM AST,0
31-Jan-19 6:45:01 PM AST,0
31-Jan-19 7:00:02 PM AST,0
31-Jan-19 7:15:01 PM AST,0
31-Jan-19 7:30:01 PM AST,0
31-Jan-19 7:45:01 PM AST,0
31-Jan-19 8:00:01 PM AST,0
31-Jan-19 8:15:01 PM AST,0
31-Jan-19 8:30:02 PM AST,0
31-Jan-19 8:45:01 PM AST,0
31-Jan-19 9:00:01 PM AST,0
31-Jan-19 9:15:03 PM AST,0
31-Jan-19 9:30:01 PM AST,0
31-Jan-19 9:45:01 PM AST,0
31-Jan-19 10:00:02 PM AST,0
31-Jan-19 10:15:01 PM AST,0
31-Jan-19 10:30:01 PM AST,0
31-Jan-19 10:45:01 PM AST,0
31-Jan-19 11:00:01 PM AST,0
31-Jan-19 11:15:01 PM AST,0
31-Jan-19 11:30:01 PM AST,0
31-Jan-19 11:45:02 PM AST,0
01-Feb-19 12:00:01 AM AST,0
01-Feb-19 12:15:02 AM AST,0
01-Feb-19 12:30:01 AM AST,0
01-Feb-19 12:45:01 AM AST,0
01-Feb-19 1:00:01 AM AST,0
01-Feb-19 1:15:01 AM AST,0
01-Feb-19 1:30:01 AM AST,0
01-Feb-19 1:45:01 AM AST,0
01-Feb-19 2:00:02 AM AST,0
01-Feb-19 2:15:01 AM AST,0
01-Feb-19 2:30:01 AM AST,0
01-Feb-19 2:45:02 AM AST,0
01-Feb-19 3:00:01 AM AST,0
01-Feb-19 3:15:01 AM AST,0
01-Feb-19 3:30:03 AM AST,0
01-Feb-19 3:45:01 AM AST,0
01-Feb-19 4:00:02 AM AST,0
01-Feb-19 4:15:02 AM AST,0
01-Feb-19 4:30:01 AM AST,0
01-Feb-19 4:45:01 AM AST,0
01-Feb-19 5:00:00 AM AST,0
01-Feb-19 5:15:01 AM AST,0
01-Feb-19 5:30:01 AM AST,0
01-Feb-19 5:45:02 AM AST,0
01-Feb-19 6:00:01 AM AST,0
01-Feb-19 6:15:02 AM AST,0
01-Feb-19 6:30:02 AM AST,0
01-Feb-19 6:45:01 AM AST,0
01-Feb-19 7:00:01 AM AST,0
01-Feb-19 7:15:01 AM AST,1
01-Feb-19 7:30:02 AM AST,25
01-Feb-19 7:45:01 AM AST,59
01-Feb-19 8:00:01 AM AST,68
01-Feb-19 8:15:01 AM AST,87
01-Feb-19 8:30:01 AM AST,113
01-Feb-19 8:45:01 AM AST,139
01-Feb-19 9:00:01 AM AST,160
01-Feb-19 9:15:01 AM AST,185
01-Feb-19 9:30:01 AM AST,245
01-Feb-19 9:45:01 AM AST,267
01-Feb-19 10:00:01 AM AST,291
01-Feb-19 10:15:01 AM AST,341
01-Feb-19 10:30:01 AM AST,369
01-Feb-19 10:45:01 AM AST,389
01-Feb-19 11:00:01 AM AST,399
01-Feb-19 11:15:01 AM AST,414
01-Feb-19 11:30:01 AM AST,424
01-Feb-19 11:45:02 AM AST,435
01-Feb-19 12:00:01 PM AST,454
01-Feb-19 12:15:01 PM AST,461
01-Feb-19 12:30:01 PM AST,465
01-Feb-19 12:45:01 PM AST,459
01-Feb-19 1:00:01 PM AST,463
01-Feb-19 1:15:01 PM AST,461
01-Feb-19 1:30:01 PM AST,455
01-Feb-19 1:45:01 PM AST,442
01-Feb-19 2:00:01 PM AST,430
01-Feb-19 2:15:01 PM AST,414
01-Feb-19 2:30:01 PM AST,398
01-Feb-19 2:45:02 PM AST,369
01-Feb-19 3:00:01 PM AST,345
01-Feb-19 3:15:01 PM AST,321
01-Feb-19 3:30:01 PM AST,293
01-Feb-19 3:45:01 PM AST,268
01-Feb-19 4:00:02 PM AST,233
01-Feb-19 4:15:02 PM AST,197
01-Feb-19 4:30:01 PM AST,157
01-Feb-19 4:45:01 PM AST,120
01-Feb-19 5:00:01 PM AST,86
01-Feb-19 5:15:01 PM AST,57
01-Feb-19 5:30:01 PM AST,35
01-Feb-19 5:45:02 PM AST,10
01-Feb-19 6:00:01 PM AST,0
01-Feb-19 6:15:01 PM AST,0
01-Feb-19 6:30:01 PM AST,0
01-Feb-19 6:45:01 PM AST,0
01-Feb-19 7:00:01 PM AST,0
01-Feb-19 7:15:01 PM AST,0
01-Feb-19 7:30:01 PM AST,0
01-Feb-19 7:45:01 PM AST,0
01-Feb-19 8:00:01 PM AST,0
01-Feb-19 8:15:01 PM AST,0
01-Feb-19 8:30:01 PM AST,0
01-Feb-19 8:45:01 PM AST,0
01-Feb-19 9:00:01 PM AST,0
01-Feb-19 9:15:01 PM AST,0
01-Feb-19 9:30:01 PM AST,0
01-Feb-19 9:45:01 PM AST,0
01-Feb-19 10:00:01 PM AST,0
01-Feb-19 10:15:01 PM AST,0
01-Feb-19 10:30:02 PM AST,0
01-Feb-19 10:45:02 PM AST,0
01-Feb-19 11:00:01 PM AST,0
01-Feb-19 11:15:01 PM AST,0
01-Feb-19 11:30:01 PM AST,0
01-Feb-19 11:45:01 PM AST,0
02-Feb-19 12:00:02 AM AST,0
02-Feb-19 12:15:02 AM AST,0
02-Feb-19 12:30:01 AM AST,0
02-Feb-19 12:45:02 AM AST,0
02-Feb-19 1:00:01 AM AST,0
02-Feb-19 1:15:01 AM AST,0
02-Feb-19 1:30:02 AM AST,0
02-Feb-19 1:45:01 AM AST,0
02-Feb-19 2:00:01 AM AST,0
02-Feb-19 2:15:01 AM AST,0
02-Feb-19 2:30:02 AM AST,0
02-Feb-19 2:45:01 AM AST,0
02-Feb-19 3:00:01 AM AST,0
02-Feb-19 3:15:01 AM AST,0
02-Feb-19 3:30:01 AM AST,0
02-Feb-19 3:45:01 AM AST,0
02-Feb-19 4:00:01 AM AST,0
02-Feb-19 4:15:02 AM AST,0
02-Feb-19 4:30:01 AM AST,0
02-Feb-19 4:45:01 AM AST,0
02-Feb-19 5:00:02 AM AST,0
02-Feb-19 5:15:02 AM AST,0
02-Feb-19 5:30:02 AM AST,0
02-Feb-19 5:45:01 AM AST,0
02-Feb-19 6:00:02 AM AST,0
02-Feb-19 6:15:01 AM AST,0
02-Feb-19 6:30:01 AM AST,0
02-Feb-19 6:45:02 AM AST,0
02-Feb-19 7:00:01 AM AST,2
02-Feb-19 7:15:01 AM AST,3
02-Feb-19 7:30:01 AM AST,14
02-Feb-19 7:45:01 AM AST,36
02-Feb-19 8:00:01 AM AST,68
02-Feb-19 8:15:01 AM AST,59
02-Feb-19 8:30:01 AM AST,120
02-Feb-19 8:45:02 AM AST,152
02-Feb-19 9:00:02 AM AST,180
02-Feb-19 9:15:01 AM AST,150
02-Feb-19 9:30:01 AM AST,246
02-Feb-19 9:45:01 AM AST,270
02-Feb-19 10:00:01 AM AST,279
02-Feb-19 10:15:01 AM AST,299
02-Feb-19 10:30:01 AM AST,375
02-Feb-19 10:45:01 AM AST,378
02-Feb-19 11:00:02 AM AST,401
02-Feb-19 11:15:02 AM AST,432
02-Feb-19 11:30:02 AM AST,428
02-Feb-19 11:45:01 AM AST,440
02-Feb-19 12:00:01 PM AST,451
02-Feb-19 12:15:02 PM AST,453
02-Feb-19 12:30:01 PM AST,458
02-Feb-19 12:45:01 PM AST,458
02-Feb-19 1:00:03 PM AST,467
02-Feb-19 1:15:01 PM AST,458
02-Feb-19 1:30:01 PM AST,450
02-Feb-19 1:45:02 PM AST,441
02-Feb-19 2:00:01 PM AST,432
02-Feb-19 2:15:01 PM AST,408
02-Feb-19 2:30:01 PM AST,399
02-Feb-19 2:45:01 PM AST,373
02-Feb-19 3:00:01 PM AST,346
02-Feb-19 3:15:02 PM AST,320
02-Feb-19 3:30:01 PM AST,289
02-Feb-19 3:45:01 PM AST,256
02-Feb-19 4:00:01 PM AST,226
02-Feb-19 4:15:01 PM AST,201
02-Feb-19 4:30:01 PM AST,162
02-Feb-19 4:45:01 PM AST,127
02-Feb-19 5:00:01 PM AST,91
02-Feb-19 5:15:01 PM AST,65
02-Feb-19 5:30:01 PM AST,31
02-Feb-19 5:45:01 PM AST,8
02-Feb-19 6:00:02 PM AST,2
02-Feb-19 6:15:01 PM AST,4
02-Feb-19 6:30:01 PM AST,0
02-Feb-19 6:45:01 PM AST,0
02-Feb-19 7:00:01 PM AST,0
02-Feb-19 7:15:02 PM AST,0
02-Feb-19 7:30:01 PM AST,0
02-Feb-19 7:45:01 PM AST,0
02-Feb-19 8:00:02 PM AST,0
02-Feb-19 8:15:02 PM AST,0
02-Feb-19 8:30:02 PM AST,0
02-Feb-19 8:45:01 PM AST,0
02-Feb-19 9:00:02 PM AST,0
02-Feb-19 9:15:02 PM AST,0
02-Feb-19 9:30:01 PM AST,0
02-Feb-19 9:45:01 PM AST,0
02-Feb-19 10:00:01 PM AST,0
02-Feb-19 10:15:01 PM AST,0
02-Feb-19 10:30:02 PM AST,0
02-Feb-19 10:45:01 PM AST,0
02-Feb-19 11:00:01 PM AST,0
02-Feb-19 11:15:02 PM AST,0
02-Feb-19 11:30:01 PM AST,0
02-Feb-19 11:45:01 PM AST,0
03-Feb-19 12:00:01 AM AST,0
03-Feb-19 12:15:01 AM AST,0
03-Feb-19 12:30:01 AM AST,0
03-Feb-19 12:45:01 AM AST,0
03-Feb-19 1:00:01 AM AST,0
03-Feb-19 1:15:01 AM AST,0
03-Feb-19 1:30:02 AM AST,0
03-Feb-19 1:45:01 AM AST,0
03-Feb-19 2:00:01 AM AST,0
03-Feb-19 2:15:01 AM AST,0
03-Feb-19 2:30:01 AM AST,0
03-Feb-19 2:45:01 AM AST,0
03-Feb-19 3:00:01 AM AST,0
03-Feb-19 3:15:02 AM AST,0
03-Feb-19 3:30:01 AM AST,0
03-Feb-19 3:45:01 AM AST,0
03-Feb-19 4:00:02 AM AST,0
03-Feb-19 4:15:01 AM AST,0
03-Feb-19 4:30:01 AM AST,0
03-Feb-19 4:45:01 AM AST,0
03-Feb-19 5:00:01 AM AST,0
03-Feb-19 5:15:01 AM AST,0
03-Feb-19 5:30:01 AM AST,0
03-Feb-19 5:45:01 AM AST,0
03-Feb-19 6:00:01 AM AST,0
03-Feb-19 6:15:01 AM AST,0
03-Feb-19 6:30:01 AM AST,0
03-Feb-19 6:45:01 AM AST,0
03-Feb-19 7:00:02 AM AST,0
03-Feb-19 7:15:02 AM AST,0
03-Feb-19 7:30:02 AM AST,9
03-Feb-19 7:45:02 AM AST,35
03-Feb-19 8:00:02 AM AST,56
03-Feb-19 8:15:01 AM AST,83
03-Feb-19 8:30:02 AM AST,117
03-Feb-19 8:45:01 AM AST,147
03-Feb-19 9:00:02 AM AST,186
03-Feb-19 9:15:01 AM AST,224
03-Feb-19 9:30:02 AM AST,261
03-Feb-19 9:45:01 AM AST,284
03-Feb-19 10:00:01 AM AST,317
03-Feb-19 10:15:01 AM AST,338
03-Feb-19 10:30:02 AM AST,367
03-Feb-19 10:45:01 AM AST,397
03-Feb-19 11:00:01 AM AST,416
03-Feb-19 11:15:01 AM AST,433
03-Feb-19 11:30:02 AM AST,449
03-Feb-19 11:45:01 AM AST,466
03-Feb-19 12:00:02 PM AST,471
03-Feb-19 12:15:01 PM AST,476
03-Feb-19 12:30:02 PM AST,482
03-Feb-19 12:45:01 PM AST,482
03-Feb-19 1:00:01 PM AST,478
03-Feb-19 1:15:01 PM AST,481
03-Feb-19 1:30:01 PM AST,472
03-Feb-19 1:45:02 PM AST,466
03-Feb-19 2:00:01 PM AST,447
03-Feb-19 2:15:01 PM AST,433
03-Feb-19 2:30:01 PM AST,414
03-Feb-19 2:45:02 PM AST,395
03-Feb-19 3:00:01 PM AST,375
03-Feb-19 3:15:01 PM AST,345
03-Feb-19 3:30:01 PM AST,305
03-Feb-19 3:45:01 PM AST,278
03-Feb-19 4:00:01 PM AST,244
03-Feb-19 4:15:02 PM AST,211
03-Feb-19 4:30:01 PM AST,179
03-Feb-19 4:45:01 PM AST,138
03-Feb-19 5:00:02 PM AST,105
03-Feb-19 5:15:02 PM AST,74
03-Feb-19 5:30:01 PM AST,44
03-Feb-19 5:45:01 PM AST,15
03-Feb-19 6:00:02 PM AST,0
03-Feb-19 6:15:02 PM AST,0
03-Feb-19 6:30:01 PM AST,0
03-Feb-19 6:45:01 PM AST,0
03-Feb-19 7:00:01 PM AST,0
03-Feb-19 7:15:01 PM AST,0
03-Feb-19 7:30:01 PM AST,0
03-Feb-19 7:45:01 PM AST,0
03-Feb-19 8:00:02 PM AST,0
03-Feb-19 8:15:01 PM AST,0
03-Feb-19 8:30:01 PM AST,0
03-Feb-19 8:45:02 PM AST,0
03-Feb-19 9:00:02 PM AST,0
03-Feb-19 9:15:01 PM AST,0
03-Feb-19 9:30:01 PM AST,0
03-Feb-19 9:45:01 PM AST,0
03-Feb-19 10:00:01 PM AST,0
03-Feb-19 10:15:01 PM AST,0
03-Feb-19 10:30:02 PM AST,0
03-Feb-19 10:45:01 PM AST,0
03-Feb-19 11:00:02 PM AST,0
03-Feb-19 11:15:01 PM AST,0
03-Feb-19 11:30:02 PM AST,0
03-Feb-19 11:45:01 PM AST,0
04-Feb-19 12:00:01 AM AST,0
04-Feb-19 12:15:01 AM AST,0
04-Feb-19 12:30:02 AM AST,0
04-Feb-19 12:45:01 AM AST,0
04-Feb-19 1:00:02 AM AST,0
04-Feb-19 1:15:01 AM AST,0
04-Feb-19 1:30:01 AM AST,0
04-Feb-19 1:45:01 AM AST,0
04-Feb-19 2:00:02 AM AST,0
04-Feb-19 2:15:02 AM AST,0
04-Feb-19 2:30:01 AM AST,0
04-Feb-19 2:45:01 AM AST,0
04-Feb-19 3:00:02 AM AST,0
04-Feb-19 3:15:02 AM AST,0
04-Feb-19 3:30:01 AM AST,0
04-Feb-19 3:45:02 AM AST,0
04-Feb-19 4:00:02 AM AST,0
04-Feb-19 4:15:01 AM AST,0
04-Feb-19 4:30:01 AM AST,0
04-Feb-19 4:45:01 AM AST,0
04-Feb-19 5:00:01 AM AST,0
04-Feb-19 5:15:01 AM AST,0
04-Feb-19 5:30:02 AM AST,0
04-Feb-19 5:45:01 AM AST,0
04-Feb-19 6:00:01 AM AST,0
04-Feb-19 6:15:01 AM AST,0
04-Feb-19 6:30:01 AM AST,0
04-Feb-19 6:45:01 AM AST,0
04-Feb-19 7:00:01 AM AST,0
04-Feb-19 7:15:01 AM AST,3
04-Feb-19 7:30:02 AM AST,18
04-Feb-19 7:45:02 AM AST,43
04-Feb-19 8:00:02 AM AST,70
04-Feb-19 8:15:02 AM AST,89
04-Feb-19 8:30:01 AM AST,118
04-Feb-19 8:45:01 AM AST,140
04-Feb-19 9:00:01 AM AST,171
04-Feb-19 9:15:01 AM AST,206
04-Feb-19 9:30:01 AM AST,240
04-Feb-19 9:45:01 AM AST,273
04-Feb-19 10:00:01 AM AST,300
04-Feb-19 10:15:03 AM AST,329
04-Feb-19 10:30:01 AM AST,349
04-Feb-19 10:45:01 AM AST,367
04-Feb-19 11:00:02 AM AST,391
04-Feb-19 11:15:01 AM AST,416
04-Feb-19 11:30:01 AM AST,424
04-Feb-19 11:45:02 AM AST,433
04-Feb-19 12:00:01 PM AST,435
04-Feb-19 12:15:01 PM AST,438
04-Feb-19 12:30:01 PM AST,453
04-Feb-19 12:45:02 PM AST,458
04-Feb-19 1:00:01 PM AST,461
04-Feb-19 1:15:01 PM AST,462
04-Feb-19 1:30:01 PM AST,447
04-Feb-19 1:45:01 PM AST,439
04-Feb-19 2:00:02 PM AST,427
04-Feb-19 2:15:01 PM AST,398
04-Feb-19 2:30:02 PM AST,385
04-Feb-19 2:45:02 PM AST,373
04-Feb-19 3:00:02 PM AST,351
04-Feb-19 3:15:02 PM AST,332
04-Feb-19 3:30:01 PM AST,305
04-Feb-19 3:45:02 PM AST,273
04-Feb-19 4:00:02 PM AST,237
04-Feb-19 4:15:01 PM AST,200
04-Feb-19 4:30:03 PM AST,156
04-Feb-19 4:45:01 PM AST,127
04-Feb-19 5:00:01 PM AST,112
04-Feb-19 5:15:02 PM AST,48
04-Feb-19 5:30:02 PM AST,19
04-Feb-19 5:45:01 PM AST,10
04-Feb-19 6:00:01 PM AST,2
04-Feb-19 6:15:02 PM AST,3
04-Feb-19 6:30:01 PM AST,0
04-Feb-19 6:45:01 PM AST,0
04-Feb-19 7:00:02 PM AST,0
04-Feb-19 7:15:01 PM AST,0
04-Feb-19 7:30:02 PM AST,0
04-Feb-19 7:45:01 PM AST,0
04-Feb-19 8:00:01 PM AST,0
04-Feb-19 8:15:01 PM AST,0
04-Feb-19 8:30:01 PM AST,0
04-Feb-19 8:45:01 PM AST,0
04-Feb-19 9:00:01 PM AST,0
04-Feb-19 9:15:01 PM AST,0
04-Feb-19 9:30:02 PM AST,0
04-Feb-19 9:45:02 PM AST,0
04-Feb-19 10:00:01 PM AST,0
04-Feb-19 10:15:01 PM AST,0
04-Feb-19 10:30:01 PM AST,0
04-Feb-19 10:45:02 PM AST,0
04-Feb-19 11:00:01 PM AST,0
04-Feb-19 11:15:01 PM AST,0
04-Feb-19 11:30:01 PM AST,0
04-Feb-19 11:45:01 PM AST,0
05-Feb-19 12:00:02 AM AST,0
05-Feb-19 12:15:01 AM AST,0
05-Feb-19 12:30:01 AM AST,0
05-Feb-19 12:45:01 AM AST,0
05-Feb-19 1:00:02 AM AST,0
05-Feb-19 1:15:01 AM AST,0
05-Feb-19 1:30:01 AM AST,0
05-Feb-19 1:45:01 AM AST,0
05-Feb-19 2:00:02 AM AST,0
05-Feb-19 2:15:01 AM AST,0
05-Feb-19 2:30:01 AM AST,0
05-Feb-19 2:45:01 AM AST,0
05-Feb-19 3:00:01 AM AST,0
05-Feb-19 3:15:01 AM AST,0
05-Feb-19 3:30:01 AM AST,0
05-Feb-19 3:45:01 AM AST,0
05-Feb-19 4:00:02 AM AST,0
05-Feb-19 4:15:02 AM AST,0
05-Feb-19 4:30:02 AM AST,0
05-Feb-19 4:45:01 AM AST,0
05-Feb-19 5:00:02 AM AST,0
05-Feb-19 5:15:01 AM AST,0
05-Feb-19 5:30:01 AM AST,0
05-Feb-19 5:45:01 AM AST,0
05-Feb-19 6:00:01 AM AST,0
05-Feb-19 6:15:01 AM AST,0
05-Feb-19 6:30:02 AM AST,0
05-Feb-19 6:45:01 AM AST,0
05-Feb-19 7:00:02 AM AST,0
05-Feb-19 7:15:01 AM AST,0
05-Feb-19 7:30:01 AM AST,16
05-Feb-19 7:45:01 AM AST,41
05-Feb-19 8:00:02 AM AST,66
05-Feb-19 8:15:01 AM AST,91
05-Feb-19 8:30:01 AM AST,116
05-Feb-19 8:45:01 AM AST,142
05-Feb-19 9:00:01 AM AST,175
05-Feb-19 9:15:01 AM AST,199
05-Feb-19 9:30:01 AM AST,236
05-Feb-19 9:45:01 AM AST,265
05-Feb-19 10:00:01 AM AST,299
05-Feb-19 10:15:01 AM AST,323
05-Feb-19 10:30:01 AM AST,353
05-Feb-19 10:45:01 AM AST,380
05-Feb-19 11:00:02 AM AST,397
05-Feb-19 11:15:02 AM AST,413
05-Feb-19 11:30:01 AM AST,428
05-Feb-19 11:45:02 AM AST,443
05-Feb-19 12:00:01 PM AST,450
05-Feb-19 12:15:01 PM AST,458
05-Feb-19 12:30:01 PM AST,465
05-Feb-19 12:45:02 PM AST,466
05-Feb-19 1:00:01 PM AST,472
05-Feb-19 1:15:02 PM AST,464
05-Feb-19 1:30:01 PM AST,461
05-Feb-19 1:45:01 PM AST,446
05-Feb-19 2:00:01 PM AST,428
05-Feb-19 2:15:01 PM AST,417
05-Feb-19 2:30:02 PM AST,398
05-Feb-19 2:45:02 PM AST,370
05-Feb-19 3:00:01 PM AST,353
05-Feb-19 3:15:02 PM AST,322
05-Feb-19 3:30:02 PM AST,302
05-Feb-19 3:45:01 PM AST,265
05-Feb-19 4:00:01 PM AST,243
05-Feb-19 4:15:01 PM AST,202
05-Feb-19 4:30:01 PM AST,162
05-Feb-19 4:45:01 PM AST,126
05-Feb-19 5:00:02 PM AST,92
05-Feb-19 5:15:01 PM AST,62
05-Feb-19 5:30:01 PM AST,34
05-Feb-19 5:45:01 PM AST,17
05-Feb-19 6:00:02 PM AST,0
05-Feb-19 6:15:03 PM AST,0
05-Feb-19 6:30:02 PM AST,0
05-Feb-19 6:45:01 PM AST,0
05-Feb-19 7:00:01 PM AST,0
05-Feb-19 7:15:02 PM AST,0
05-Feb-19 7:30:01 PM AST,0
05-Feb-19 7:45:01 PM AST,0
05-Feb-19 8:00:02 PM AST,0
05-Feb-19 8:15:01 PM AST,0
05-Feb-19 8:30:01 PM AST,0
05-Feb-19 8:45:01 PM AST,0
05-Feb-19 9:00:02 PM AST,0
05-Feb-19 9:15:01 PM AST,0
05-Feb-19 9:30:01 PM AST,0
05-Feb-19 9:45:02 PM AST,0
05-Feb-19 10:00:01 PM AST,0
05-Feb-19 10:15:01 PM AST,0
05-Feb-19 10:30:01 PM AST,0
05-Feb-19 10:45:01 PM AST,0
05-Feb-19 11:00:01 PM AST,0
05-Feb-19 11:15:02 PM AST,0
05-Feb-19 11:30:01 PM AST,0
05-Feb-19 11:45:01 PM AST,0
06-Feb-19 12:00:01 AM AST,0
06-Feb-19 12:15:02 AM AST,0
06-Feb-19 12:30:02 AM AST,0
06-Feb-19 12:45:01 AM AST,0
06-Feb-19 1:00:01 AM AST,0
06-Feb-19 1:15:02 AM AST,0
06-Feb-19 1:30:01 AM AST,0
06-Feb-19 1:45:01 AM AST,0
06-Feb-19 2:00:03 AM AST,0
06-Feb-19 2:15:01 AM AST,0
06-Feb-19 2:30:01 AM AST,0
06-Feb-19 2:45:02 AM AST,0
06-Feb-19 3:00:01 AM AST,0
06-Feb-19 3:15:01 AM AST,0
06-Feb-19 3:30:02 AM AST,0
06-Feb-19 3:45:02 AM AST,0
06-Feb-19 4:00:01 AM AST,0
06-Feb-19 4:15:01 AM AST,0
06-Feb-19 4:30:01 AM AST,0
06-Feb-19 4:45:01 AM AST,0
06-Feb-19 5:00:01 AM AST,0
06-Feb-19 5:15:02 AM AST,0
06-Feb-19 5:30:01 AM AST,0
06-Feb-19 5:45:01 AM AST,0
06-Feb-19 6:00:01 AM AST,0
06-Feb-19 6:15:01 AM AST,0
06-Feb-19 6:30:01 AM AST,0
06-Feb-19 6:45:01 AM AST,0
06-Feb-19 7:00:01 AM AST,7
06-Feb-19 7:15:01 AM AST,3
06-Feb-19 7:30:01 AM AST,13
06-Feb-19 7:45:01 AM AST,35
06-Feb-19 8:00:01 AM AST,61
06-Feb-19 8:15:02 AM AST,87
06-Feb-19 8:30:02 AM AST,118
06-Feb-19 8:45:02 AM AST,149
06-Feb-19 9:00:02 AM AST,185
06-Feb-19 9:15:01 AM AST,223
06-Feb-19 9:30:01 AM AST,247
06-Feb-19 9:45:01 AM AST,274
06-Feb-19 10:00:01 AM AST,305
06-Feb-19 10:15:01 AM AST,332
06-Feb-19 10:30:01 AM AST,362
06-Feb-19 10:45:01 AM AST,382
06-Feb-19 11:00:01 AM AST,407
06-Feb-19 11:15:01 AM AST,433
06-Feb-19 11:30:01 AM AST,448
06-Feb-19 11:45:01 AM AST,453
06-Feb-19 12:00:02 PM AST,460
06-Feb-19 12:15:02 PM AST,471
06-Feb-19 12:30:01 PM AST,474
06-Feb-19 12:45:01 PM AST,479
06-Feb-19 1:00:01 PM AST,482
06-Feb-19 1:15:01 PM AST,470
06-Feb-19 1:30:01 PM AST,470
06-Feb-19 1:45:01 PM AST,451
06-Feb-19 2:00:01 PM AST,431
06-Feb-19 2:15:01 PM AST,415
06-Feb-19 2:30:01 PM AST,403
06-Feb-19 2:45:01 PM AST,374
06-Feb-19 3:00:01 PM AST,343
06-Feb-19 3:30:01 PM AST,292
06-Feb-19 3:45:01 PM AST,252
06-Feb-19 4:00:02 PM AST,228
06-Feb-19 4:15:01 PM AST,189
06-Feb-19 4:30:01 PM AST,162
06-Feb-19 4:45:01 PM AST,124
06-Feb-19 5:00:01 PM AST,92
06-Feb-19 5:15:01 PM AST,61
06-Feb-19 5:30:02 PM AST,36
06-Feb-19 5:45:01 PM AST,11
06-Feb-19 6:00:02 PM AST,0
06-Feb-19 6:15:02 PM AST,0
06-Feb-19 6:30:01 PM AST,0
06-Feb-19 6:45:01 PM AST,0
06-Feb-19 7:00:01 PM AST,0
06-Feb-19 7:15:01 PM AST,0
06-Feb-19 7:30:00 PM AST,0
06-Feb-19 7:45:00 PM AST,0
06-Feb-19 8:00:00 PM AST,0
06-Feb-19 8:15:00 PM AST,0
06-Feb-19 8:30:00 PM AST,0
06-Feb-19 8:45:01 PM AST,0
06-Feb-19 9:00:00 PM AST,0
06-Feb-19 9:15:00 PM AST,0
06-Feb-19 9:30:00 PM AST,0
06-Feb-19 9:45:00 PM AST,0
06-Feb-19 10:00:00 PM AST,0
06-Feb-19 10:15:00 PM AST,0
06-Feb-19 10:30:00 PM AST,0
06-Feb-19 10:45:00 PM AST,0
06-Feb-19 11:00:00 PM AST,0
06-Feb-19 11:15:00 PM AST,0
06-Feb-19 11:30:00 PM AST,0
06-Feb-19 11:45:00 PM AST,0
07-Feb-19 12:00:00 AM AST,0
07-Feb-19 12:15:00 AM AST,0
07-Feb-19 12:30:00 AM AST,0
07-Feb-19 12:45:01 AM AST,0
07-Feb-19 1:00:00 AM AST,0
07-Feb-19 1:15:00 AM AST,0
07-Feb-19 1:30:00 AM AST,0
07-Feb-19 1:45:00 AM AST,0
07-Feb-19 2:00:02 AM AST,0
07-Feb-19 2:15:00 AM AST,0
07-Feb-19 2:30:01 AM AST,0
07-Feb-19 2:45:01 AM AST,0
07-Feb-19 3:00:00 AM AST,0
07-Feb-19 3:15:00 AM AST,0
07-Feb-19 3:30:00 AM AST,0
07-Feb-19 3:45:00 AM AST,0
07-Feb-19 4:00:00 AM AST,0
07-Feb-19 4:15:01 AM AST,0
07-Feb-19 4:30:01 AM AST,0
07-Feb-19 4:45:00 AM AST,0
07-Feb-19 5:00:00 AM AST,0
07-Feb-19 5:15:00 AM AST,0
07-Feb-19 5:30:00 AM AST,0
07-Feb-19 5:45:01 AM AST,0
07-Feb-19 6:00:00 AM AST,0
07-Feb-19 6:15:01 AM AST,0
07-Feb-19 6:30:00 AM AST,0
07-Feb-19 6:45:00 AM AST,0
07-Feb-19 7:00:00 AM AST,1
07-Feb-19 7:15:00 AM AST,4
07-Feb-19 7:30:01 AM AST,18
07-Feb-19 7:45:01 AM AST,41
07-Feb-19 8:00:00 AM AST,66
07-Feb-19 8:15:00 AM AST,85
07-Feb-19 8:30:00 AM AST,114
07-Feb-19 8:45:00 AM AST,145
07-Feb-19 9:00:01 AM AST,170
07-Feb-19 9:15:00 AM AST,198
07-Feb-19 9:30:00 AM AST,233
07-Feb-19 9:45:00 AM AST,271
07-Feb-19 10:00:00 AM AST,293
07-Feb-19 10:15:00 AM AST,323
07-Feb-19 10:30:00 AM AST,350
07-Feb-19 10:45:00 AM AST,325
07-Feb-19 11:00:00 AM AST,353
07-Feb-19 11:15:01 AM AST,421
07-Feb-19 11:30:00 AM AST,340
07-Feb-19 11:45:01 AM AST,385
07-Feb-19 12:00:00 PM AST,460
07-Feb-19 12:15:00 PM AST,447
07-Feb-19 12:30:00 PM AST,455
07-Feb-19 12:45:00 PM AST,455
07-Feb-19 1:00:00 PM AST,414
07-Feb-19 1:15:00 PM AST,416
07-Feb-19 1:30:01 PM AST,448
07-Feb-19 1:45:00 PM AST,422
07-Feb-19 2:00:00 PM AST,414
07-Feb-19 2:15:00 PM AST,403
07-Feb-19 2:30:00 PM AST,395
07-Feb-19 2:45:00 PM AST,373
07-Feb-19 3:00:01 PM AST,324
07-Feb-19 3:15:00 PM AST,304
07-Feb-19 3:30:00 PM AST,258
07-Feb-19 3:45:00 PM AST,245
07-Feb-19 4:00:00 PM AST,230
07-Feb-19 4:15:01 PM AST,192
07-Feb-19 4:30:00 PM AST,151
07-Feb-19 4:45:01 PM AST,123
07-Feb-19 5:00:00 PM AST,79
07-Feb-19 5:15:00 PM AST,57
07-Feb-19 5:30:00 PM AST,30
07-Feb-19 5:45:00 PM AST,0
07-Feb-19 6:00:01 PM AST,0
07-Feb-19 6:15:00 PM AST,0
07-Feb-19 6:30:00 PM AST,0
07-Feb-19 6:45:00 PM AST,0
07-Feb-19 7:00:00 PM AST,0
07-Feb-19 7:15:00 PM AST,0
07-Feb-19 7:30:00 PM AST,0
07-Feb-19 7:45:01 PM AST,0
07-Feb-19 8:00:00 PM AST,0
07-Feb-19 8:15:01 PM AST,0
07-Feb-19 8:30:00 PM AST,0
07-Feb-19 8:45:01 PM AST,0
07-Feb-19 9:00:00 PM AST,0
07-Feb-19 9:15:00 PM AST,0
07-Feb-19 9:30:01 PM AST,0
07-Feb-19 9:45:00 PM AST,0
07-Feb-19 10:00:00 PM AST,0
07-Feb-19 10:15:01 PM AST,0
07-Feb-19 10:30:00 PM AST,0
07-Feb-19 10:45:01 PM AST,0
07-Feb-19 11:00:00 PM AST,0
07-Feb-19 11:15:00 PM AST,0
07-Feb-19 11:30:01 PM AST,0
07-Feb-19 11:45:01 PM AST,0
08-Feb-19 12:00:00 AM AST,0
08-Feb-19 12:15:00 AM AST,0
08-Feb-19 12:30:00 AM AST,0
08-Feb-19 12:45:00 AM AST,0
08-Feb-19 1:00:00 AM AST,0
08-Feb-19 1:15:00 AM AST,0
08-Feb-19 1:30:00 AM AST,0
08-Feb-19 1:45:01 AM AST,0
08-Feb-19 2:00:01 AM AST,0
08-Feb-19 2:15:01 AM AST,0
08-Feb-19 2:30:02 AM AST,0
08-Feb-19 2:45:01 AM AST,0
08-Feb-19 3:00:01 AM AST,0
08-Feb-19 3:15:02 AM AST,0
08-Feb-19 3:30:01 AM AST,0
08-Feb-19 3:45:01 AM AST,0
08-Feb-19 4:00:01 AM AST,0
08-Feb-19 4:15:01 AM AST,0
08-Feb-19 4:30:01 AM AST,0
08-Feb-19 4:45:01 AM AST,0
08-Feb-19 5:00:01 AM AST,0
08-Feb-19 5:15:01 AM AST,0
08-Feb-19 5:30:01 AM AST,0
08-Feb-19 5:45:02 AM AST,0
08-Feb-19 6:00:01 AM AST,0
08-Feb-19 6:15:01 AM AST,0
08-Feb-19 6:30:01 AM AST,0
08-Feb-19 6:45:01 AM AST,0
08-Feb-19 7:00:01 AM AST,0
08-Feb-19 7:15:01 AM AST,1
08-Feb-19 7:30:01 AM AST,14
08-Feb-19 7:45:01 AM AST,41
08-Feb-19 8:00:01 AM AST,67
08-Feb-19 8:15:01 AM AST,93
08-Feb-19 8:30:01 AM AST,113
08-Feb-19 8:45:01 AM AST,141
08-Feb-19 9:00:02 AM AST,159
08-Feb-19 9:15:01 AM AST,180
08-Feb-19 9:30:01 AM AST,209
08-Feb-19 9:45:01 AM AST,238
08-Feb-19 10:00:01 AM AST,262
08-Feb-19 10:15:01 AM AST,291
08-Feb-19 10:30:01 AM AST,309
08-Feb-19 10:45:01 AM AST,293
08-Feb-19 11:00:01 AM AST,352
08-Feb-19 11:15:01 AM AST,373
08-Feb-19 11:30:01 AM AST,380
08-Feb-19 11:45:01 AM AST,394
08-Feb-19 12:00:01 PM AST,398
08-Feb-19 12:15:01 PM AST,412
08-Feb-19 12:30:01 PM AST,255
08-Feb-19 12:45:01 PM AST,454
08-Feb-19 1:00:01 PM AST,354.5
08-Feb-19 1:15:01 PM AST,374
08-Feb-19 1:30:01 PM AST,350
08-Feb-19 1:45:01 PM AST,328
08-Feb-19 2:00:01 PM AST,261
08-Feb-19 2:15:01 PM AST,227
08-Feb-19 2:30:01 PM AST,117
08-Feb-19 2:45:01 PM AST,126
08-Feb-19 3:00:01 PM AST,200
08-Feb-19 3:15:01 PM AST,198
08-Feb-19 3:30:01 PM AST,138
08-Feb-19 3:45:01 PM AST,111
08-Feb-19 4:00:01 PM AST,56
08-Feb-19 4:15:01 PM AST,37
08-Feb-19 4:30:01 PM AST,91
08-Feb-19 4:45:02 PM AST,47
08-Feb-19 5:00:02 PM AST,30
08-Feb-19 5:15:01 PM AST,23
08-Feb-19 5:30:01 PM AST,16
08-Feb-19 5:45:01 PM AST,0
08-Feb-19 6:00:01 PM AST,0
08-Feb-19 6:15:01 PM AST,2
08-Feb-19 6:30:01 PM AST,0
08-Feb-19 6:45:01 PM AST,0
08-Feb-19 7:00:01 PM AST,0
08-Feb-19 7:15:01 PM AST,0
08-Feb-19 7:30:01 PM AST,0
08-Feb-19 7:45:01 PM AST,0
08-Feb-19 8:00:01 PM AST,0
08-Feb-19 8:15:01 PM AST,0
08-Feb-19 8:30:01 PM AST,0
08-Feb-19 8:45:01 PM AST,0
08-Feb-19 9:00:01 PM AST,0
08-Feb-19 9:15:01 PM AST,0
08-Feb-19 9:30:01 PM AST,0
08-Feb-19 9:45:01 PM AST,0
08-Feb-19 10:00:01 PM AST,0
08-Feb-19 10:15:02 PM AST,0
08-Feb-19 10:30:01 PM AST,0
08-Feb-19 10:45:02 PM AST,0
08-Feb-19 11:00:01 PM AST,0
08-Feb-19 11:15:01 PM AST,0
08-Feb-19 11:30:02 PM AST,0
08-Feb-19 11:45:01 PM AST,0
09-Feb-19 12:00:01 AM AST,0
09-Feb-19 12:15:02 AM AST,0
09-Feb-19 12:30:01 AM AST,0
09-Feb-19 12:45:01 AM AST,0
09-Feb-19 1:00:01 AM AST,0
09-Feb-19 1:15:01 AM AST,0
09-Feb-19 1:30:01 AM AST,0
09-Feb-19 1:45:01 AM AST,0
09-Feb-19 2:00:02 AM AST,0
09-Feb-19 2:15:01 AM AST,0
09-Feb-19 2:30:01 AM AST,0
09-Feb-19 2:45:02 AM AST,0
09-Feb-19 3:00:01 AM AST,0
09-Feb-19 3:15:01 AM AST,0
09-Feb-19 3:30:01 AM AST,0
09-Feb-19 3:45:01 AM AST,0
09-Feb-19 4:00:01 AM AST,0
09-Feb-19 4:15:01 AM AST,0
09-Feb-19 4:30:02 AM AST,0
09-Feb-19 4:45:01 AM AST,0
09-Feb-19 5:00:02 AM AST,0
09-Feb-19 5:15:01 AM AST,0
09-Feb-19 5:30:01 AM AST,0
09-Feb-19 5:45:01 AM AST,0
09-Feb-19 6:00:02 AM AST,0
09-Feb-19 6:15:01 AM AST,0
09-Feb-19 6:30:01 AM AST,0
09-Feb-19 6:45:01 AM AST,0
09-Feb-19 7:00:01 AM AST,0
09-Feb-19 7:15:02 AM AST,2
09-Feb-19 7:30:01 AM AST,0
09-Feb-19 7:45:01 AM AST,15
09-Feb-19 8:00:01 AM AST,42
09-Feb-19 8:15:01 AM AST,79
09-Feb-19 8:30:01 AM AST,62
09-Feb-19 8:45:01 AM AST,78
09-Feb-19 9:00:01 AM AST,78
09-Feb-19 9:15:01 AM AST,72
09-Feb-19 9:30:01 AM AST,64
09-Feb-19 9:45:01 AM AST,82
09-Feb-19 10:00:01 AM AST,81
09-Feb-19 10:15:01 AM AST,90
09-Feb-19 10:30:02 AM AST,81
09-Feb-19 10:45:01 AM AST,112
09-Feb-19 11:00:01 AM AST,174
09-Feb-19 11:15:01 AM AST,284
09-Feb-19 11:30:01 AM AST,372
09-Feb-19 11:45:01 AM AST,327
09-Feb-19 12:00:01 PM AST,282
09-Feb-19 12:15:01 PM AST,543
09-Feb-19 12:30:01 PM AST,305
09-Feb-19 12:45:01 PM AST,434
09-Feb-19 1:00:01 PM AST,270
09-Feb-19 1:15:01 PM AST,274
09-Feb-19 1:30:01 PM AST,327
09-Feb-19 1:45:02 PM AST,201
09-Feb-19 2:00:01 PM AST,166
09-Feb-19 2:15:01 PM AST,174
09-Feb-19 2:30:01 PM AST,182
09-Feb-19 2:45:01 PM AST,242
09-Feb-19 3:00:01 PM AST,260
09-Feb-19 3:15:02 PM AST,166
09-Feb-19 3:30:01 PM AST,134
09-Feb-19 3:45:01 PM AST,220
09-Feb-19 4:00:02 PM AST,225
09-Feb-19 4:15:01 PM AST,132
09-Feb-19 4:30:02 PM AST,158
09-Feb-19 4:45:01 PM AST,126
09-Feb-19 5:00:02 PM AST,90
09-Feb-19 5:15:01 PM AST,64
09-Feb-19 5:30:02 PM AST,35
09-Feb-19 5:45:01 PM AST,6
09-Feb-19 6:00:01 PM AST,0
09-Feb-19 6:15:01 PM AST,0
09-Feb-19 6:30:01 PM AST,0
09-Feb-19 6:45:01 PM AST,0
09-Feb-19 7:00:01 PM AST,0
09-Feb-19 7:15:01 PM AST,0
09-Feb-19 7:30:01 PM AST,0
09-Feb-19 7:45:01 PM AST,0
09-Feb-19 8:00:01 PM AST,0
09-Feb-19 8:15:02 PM AST,0
09-Feb-19 8:30:01 PM AST,0
09-Feb-19 8:45:02 PM AST,0
09-Feb-19 9:00:01 PM AST,0
09-Feb-19 9:15:01 PM AST,0
09-Feb-19 9:30:02 PM AST,0
09-Feb-19 9:45:01 PM AST,0
09-Feb-19 10:00:01 PM AST,0
09-Feb-19 10:15:01 PM AST,0
09-Feb-19 10:30:01 PM AST,0
09-Feb-19 10:45:01 PM AST,0
09-Feb-19 11:00:01 PM AST,0
09-Feb-19 11:15:01 PM AST,0
09-Feb-19 11:30:01 PM AST,0
09-Feb-19 11:45:01 PM AST,0
10-Feb-19 12:00:01 AM AST,0
10-Feb-19 12:15:01 AM AST,0
10-Feb-19 12:30:01 AM AST,0
10-Feb-19 12:45:01 AM AST,0
10-Feb-19 1:00:02 AM AST,0
10-Feb-19 1:15:01 AM AST,0
10-Feb-19 1:30:01 AM AST,0
10-Feb-19 1:45:01 AM AST,0
10-Feb-19 2:00:01 AM AST,0
10-Feb-19 2:15:01 AM AST,0
10-Feb-19 2:30:01 AM AST,0
10-Feb-19 2:45:01 AM AST,0
10-Feb-19 3:00:01 AM AST,0
10-Feb-19 3:15:01 AM AST,0
10-Feb-19 3:30:01 AM AST,0
10-Feb-19 3:45:02 AM AST,0
10-Feb-19 4:00:01 AM AST,0
10-Feb-19 4:15:01 AM AST,0
10-Feb-19 4:30:01 AM AST,0
10-Feb-19 4:45:01 AM AST,0
10-Feb-19 5:00:01 AM AST,0
10-Feb-19 5:15:01 AM AST,0
10-Feb-19 5:30:01 AM AST,0
10-Feb-19 5:45:01 AM AST,0
10-Feb-19 6:00:01 AM AST,0
10-Feb-19 6:15:01 AM AST,0
10-Feb-19 6:30:02 AM AST,0
10-Feb-19 6:45:02 AM AST,0
10-Feb-19 7:00:01 AM AST,0
10-Feb-19 7:15:01 AM AST,0
10-Feb-19 7:30:01 AM AST,0
10-Feb-19 7:45:01 AM AST,2
10-Feb-19 8:00:02 AM AST,4
10-Feb-19 8:15:02 AM AST,7
10-Feb-19 8:30:01 AM AST,8
10-Feb-19 8:45:01 AM AST,37
10-Feb-19 9:00:01 AM AST,70
10-Feb-19 9:15:01 AM AST,90
10-Feb-19 9:30:01 AM AST,93
10-Feb-19 9:45:01 AM AST,125
10-Feb-19 10:00:02 AM AST,117
10-Feb-19 10:15:01 AM AST,163
10-Feb-19 10:30:01 AM AST,187
10-Feb-19 10:45:01 AM AST,204
10-Feb-19 11:00:01 AM AST,271
10-Feb-19 11:15:01 AM AST,178
10-Feb-19 11:30:02 AM AST,219
10-Feb-19 11:45:01 AM AST,244
10-Feb-19 12:00:01 PM AST,160
10-Feb-19 12:15:01 PM AST,209
10-Feb-19 12:30:01 PM AST,260
10-Feb-19 12:45:01 PM AST,223
10-Feb-19 1:00:01 PM AST,216
10-Feb-19 1:15:01 PM AST,210
10-Feb-19 1:30:01 PM AST,175
10-Feb-19 1:45:01 PM AST,155
10-Feb-19 2:00:01 PM AST,250
10-Feb-19 2:15:01 PM AST,272
10-Feb-19 2:30:01 PM AST,251
10-Feb-19 2:45:01 PM AST,143
10-Feb-19 3:00:01 PM AST,145
10-Feb-19 3:15:01 PM AST,110
10-Feb-19 3:30:02 PM AST,141
10-Feb-19 3:45:01 PM AST,113
10-Feb-19 4:00:02 PM AST,97
10-Feb-19 4:15:02 PM AST,85
10-Feb-19 4:30:01 PM AST,56
10-Feb-19 4:45:01 PM AST,47
10-Feb-19 5:00:01 PM AST,57
10-Feb-19 5:15:01 PM AST,40
10-Feb-19 5:30:01 PM AST,37
10-Feb-19 5:45:01 PM AST,5
10-Feb-19 6:00:02 PM AST,0
10-Feb-19 6:15:01 PM AST,0
10-Feb-19 6:30:01 PM AST,0
10-Feb-19 6:45:01 PM AST,0
10-Feb-19 7:00:02 PM AST,0
10-Feb-19 7:15:01 PM AST,0
10-Feb-19 7:30:01 PM AST,0
10-Feb-19 7:45:01 PM AST,0
10-Feb-19 8:00:02 PM AST,0
10-Feb-19 8:15:01 PM AST,0
10-Feb-19 8:30:01 PM AST,0
10-Feb-19 8:45:01 PM AST,0
10-Feb-19 9:00:02 PM AST,0
10-Feb-19 9:15:02 PM AST,0
10-Feb-19 9:30:01 PM AST,0
10-Feb-19 9:45:01 PM AST,0
10-Feb-19 10:00:01 PM AST,0
10-Feb-19 10:15:01 PM AST,0
10-Feb-19 10:30:02 PM AST,0
10-Feb-19 10:45:02 PM AST,0
10-Feb-19 11:00:02 PM AST,0
10-Feb-19 11:15:02 PM AST,0
10-Feb-19 11:30:01 PM AST,0
10-Feb-19 11:45:01 PM AST,0
11-Feb-19 12:00:01 AM AST,0
11-Feb-19 12:15:01 AM AST,0
11-Feb-19 12:30:01 AM AST,0
11-Feb-19 12:45:01 AM AST,0
11-Feb-19 1:00:01 AM AST,0
11-Feb-19 1:15:01 AM AST,0
11-Feb-19 1:30:01 AM AST,0
11-Feb-19 1:45:01 AM AST,0
11-Feb-19 2:00:01 AM AST,0
11-Feb-19 2:15:02 AM AST,0
11-Feb-19 2:30:01 AM AST,0
11-Feb-19 2:45:01 AM AST,0
11-Feb-19 3:00:01 AM AST,0
11-Feb-19 3:15:01 AM AST,0
11-Feb-19 3:30:01 AM AST,0
11-Feb-19 3:45:01 AM AST,0
11-Feb-19 4:00:02 AM AST,0
11-Feb-19 4:15:01 AM AST,0
11-Feb-19 4:30:01 AM AST,0
11-Feb-19 4:45:01 AM AST,0
11-Feb-19 5:00:01 AM AST,0
11-Feb-19 5:15:01 AM AST,0
11-Feb-19 5:30:02 AM AST,0
11-Feb-19 5:45:01 AM AST,0
11-Feb-19 6:00:01 AM AST,0
11-Feb-19 6:15:01 AM AST,0
11-Feb-19 6:30:01 AM AST,0
11-Feb-19 6:45:02 AM AST,0
11-Feb-19 7:00:01 AM AST,5
11-Feb-19 7:15:01 AM AST,6
11-Feb-19 7:30:01 AM AST,15
11-Feb-19 7:45:01 AM AST,49
11-Feb-19 8:00:01 AM AST,85
11-Feb-19 8:15:01 AM AST,111
11-Feb-19 8:30:01 AM AST,140
11-Feb-19 8:45:01 AM AST,203
11-Feb-19 9:00:01 AM AST,124
11-Feb-19 9:15:01 AM AST,99
11-Feb-19 9:30:02 AM AST,310
11-Feb-19 9:45:01 AM AST,345
11-Feb-19 10:00:01 AM AST,383
11-Feb-19 10:15:01 AM AST,401
11-Feb-19 10:30:01 AM AST,437
11-Feb-19 10:45:02 AM AST,473
11-Feb-19 11:00:01 AM AST,489
11-Feb-19 11:15:01 AM AST,507
11-Feb-19 11:30:01 AM AST,522
11-Feb-19 11:45:01 AM AST,537
11-Feb-19 12:00:01 PM AST,540
11-Feb-19 12:15:01 PM AST,543
11-Feb-19 12:30:02 PM AST,562
11-Feb-19 12:45:01 PM AST,562
11-Feb-19 1:00:01 PM AST,560
11-Feb-19 1:15:01 PM AST,553
11-Feb-19 1:30:01 PM AST,546
11-Feb-19 1:45:01 PM AST,535
11-Feb-19 2:00:02 PM AST,521
11-Feb-19 2:15:01 PM AST,499
11-Feb-19 2:30:01 PM AST,478
11-Feb-19 2:45:01 PM AST,453
11-Feb-19 3:00:02 PM AST,421
11-Feb-19 3:15:01 PM AST,399
11-Feb-19 3:30:01 PM AST,377
11-Feb-19 3:45:01 PM AST,339
11-Feb-19 4:00:01 PM AST,305
11-Feb-19 4:15:01 PM AST,265
11-Feb-19 4:30:01 PM AST,221
11-Feb-19 4:45:02 PM AST,170
11-Feb-19 5:00:01 PM AST,126
11-Feb-19 5:15:01 PM AST,85
11-Feb-19 5:30:01 PM AST,57
11-Feb-19 5:45:01 PM AST,33
11-Feb-19 6:00:01 PM AST,6
11-Feb-19 6:15:01 PM AST,2
11-Feb-19 6:30:01 PM AST,0
11-Feb-19 6:45:03 PM AST,0
11-Feb-19 7:00:01 PM AST,0
11-Feb-19 7:15:01 PM AST,0
11-Feb-19 7:30:01 PM AST,0
11-Feb-19 7:45:01 PM AST,0
11-Feb-19 8:00:02 PM AST,0
11-Feb-19 8:15:01 PM AST,0
11-Feb-19 8:30:01 PM AST,0
11-Feb-19 8:45:02 PM AST,0
11-Feb-19 9:00:01 PM AST,0
11-Feb-19 9:15:01 PM AST,0
11-Feb-19 9:30:01 PM AST,0
11-Feb-19 9:45:01 PM AST,0
11-Feb-19 10:00:01 PM AST,0
11-Feb-19 10:15:01 PM AST,0
11-Feb-19 10:30:01 PM AST,0
11-Feb-19 10:45:01 PM AST,0
11-Feb-19 11:00:01 PM AST,0
11-Feb-19 11:15:01 PM AST,0
11-Feb-19 11:30:01 PM AST,0
11-Feb-19 11:45:01 PM AST,0
12-Feb-19 12:00:01 AM AST,0
12-Feb-19 12:15:01 AM AST,0
12-Feb-19 12:30:01 AM AST,0
12-Feb-19 12:45:01 AM AST,0
12-Feb-19 1:00:01 AM AST,0
12-Feb-19 1:15:01 AM AST,0
12-Feb-19 1:30:01 AM AST,0
12-Feb-19 1:45:01 AM AST,0
12-Feb-19 2:00:01 AM AST,0
12-Feb-19 2:15:01 AM AST,0
12-Feb-19 2:30:02 AM AST,0
12-Feb-19 2:45:02 AM AST,0
12-Feb-19 3:00:01 AM AST,0
12-Feb-19 3:15:02 AM AST,0
12-Feb-19 3:30:02 AM AST,0
12-Feb-19 3:45:01 AM AST,0
12-Feb-19 4:00:01 AM AST,0
12-Feb-19 4:15:01 AM AST,0
12-Feb-19 4:30:01 AM AST,0
12-Feb-19 4:45:01 AM AST,0
12-Feb-19 5:00:02 AM AST,0
12-Feb-19 5:15:01 AM AST,0
12-Feb-19 5:30:01 AM AST,0
12-Feb-19 5:45:01 AM AST,0
12-Feb-19 6:00:01 AM AST,0
12-Feb-19 6:15:01 AM AST,0
12-Feb-19 6:30:01 AM AST,0
12-Feb-19 6:45:01 AM AST,0
12-Feb-19 7:00:02 AM AST,1
12-Feb-19 7:15:01 AM AST,4
12-Feb-19 7:30:01 AM AST,18
12-Feb-19 7:45:01 AM AST,44
12-Feb-19 8:00:02 AM AST,74
12-Feb-19 8:15:01 AM AST,108
12-Feb-19 8:30:01 AM AST,146
12-Feb-19 8:45:01 AM AST,185
12-Feb-19 9:00:01 AM AST,222
12-Feb-19 9:15:01 AM AST,265
12-Feb-19 9:30:01 AM AST,292
12-Feb-19 9:45:01 AM AST,334
12-Feb-19 10:00:01 AM AST,367
12-Feb-19 10:15:02 AM AST,393
12-Feb-19 10:30:02 AM AST,423
12-Feb-19 10:45:02 AM AST,464
12-Feb-19 11:00:02 AM AST,484
12-Feb-19 11:15:02 AM AST,495
12-Feb-19 11:30:01 AM AST,505
12-Feb-19 11:45:02 AM AST,514
12-Feb-19 12:00:01 PM AST,337
12-Feb-19 12:15:01 PM AST,557
12-Feb-19 12:30:02 PM AST,341
12-Feb-19 12:45:01 PM AST,555
12-Feb-19 1:00:01 PM AST,536
12-Feb-19 1:15:01 PM AST,529
12-Feb-19 1:30:01 PM AST,521
12-Feb-19 1:45:01 PM AST,513
12-Feb-19 2:00:01 PM AST,494
12-Feb-19 2:15:01 PM AST,472
12-Feb-19 2:30:01 PM AST,451
12-Feb-19 2:45:01 PM AST,429
12-Feb-19 3:00:01 PM AST,405
12-Feb-19 3:15:01 PM AST,373
12-Feb-19 3:30:00 PM AST,345
12-Feb-19 3:45:01 PM AST,319
12-Feb-19 4:00:01 PM AST,284
12-Feb-19 4:15:01 PM AST,258
12-Feb-19 4:30:01 PM AST,213
12-Feb-19 4:45:01 PM AST,171
12-Feb-19 5:00:01 PM AST,125
12-Feb-19 5:15:01 PM AST,85
12-Feb-19 5:30:01 PM AST,36
12-Feb-19 5:45:02 PM AST,12
12-Feb-19 6:00:01 PM AST,4
12-Feb-19 6:15:01 PM AST,0
12-Feb-19 6:30:01 PM AST,0
12-Feb-19 6:45:01 PM AST,0
12-Feb-19 7:00:02 PM AST,0
12-Feb-19 7:15:01 PM AST,0
12-Feb-19 7:30:01 PM AST,0
12-Feb-19 7:45:01 PM AST,0
12-Feb-19 8:00:01 PM AST,0
12-Feb-19 8:15:01 PM AST,0
12-Feb-19 8:30:01 PM AST,0
12-Feb-19 8:45:01 PM AST,0
12-Feb-19 9:00:01 PM AST,0
12-Feb-19 9:15:01 PM AST,0
12-Feb-19 9:30:02 PM AST,0
12-Feb-19 9:45:01 PM AST,0
12-Feb-19 10:00:01 PM AST,0
12-Feb-19 10:15:02 PM AST,0
12-Feb-19 10:30:01 PM AST,0
12-Feb-19 10:45:01 PM AST,0
12-Feb-19 11:00:02 PM AST,0
12-Feb-19 11:15:02 PM AST,0
12-Feb-19 11:30:01 PM AST,0
12-Feb-19 11:45:01 PM AST,0
13-Feb-19 12:00:01 AM AST,0
13-Feb-19 12:15:01 AM AST,0
13-Feb-19 12:30:01 AM AST,0
13-Feb-19 12:45:01 AM AST,0
13-Feb-19 1:00:01 AM AST,0
13-Feb-19 1:15:01 AM AST,0
13-Feb-19 1:30:01 AM AST,0
13-Feb-19 1:45:01 AM AST,0
13-Feb-19 2:00:01 AM AST,0
13-Feb-19 2:15:01 AM AST,0
13-Feb-19 2:30:01 AM AST,0
13-Feb-19 2:45:01 AM AST,0
13-Feb-19 3:00:01 AM AST,0
13-Feb-19 3:15:01 AM AST,0
13-Feb-19 3:30:01 AM AST,0
13-Feb-19 3:45:01 AM AST,0
13-Feb-19 4:00:01 AM AST,0
13-Feb-19 4:15:02 AM AST,0
13-Feb-19 4:30:01 AM AST,0
13-Feb-19 4:45:02 AM AST,0
13-Feb-19 5:00:01 AM AST,0
13-Feb-19 5:15:01 AM AST,0
13-Feb-19 5:30:01 AM AST,0
13-Feb-19 5:45:01 AM AST,0
13-Feb-19 6:00:01 AM AST,0
13-Feb-19 6:15:01 AM AST,0
13-Feb-19 6:30:01 AM AST,0
13-Feb-19 6:45:01 AM AST,0
13-Feb-19 7:00:01 AM AST,4
13-Feb-19 7:15:01 AM AST,0
13-Feb-19 7:30:01 AM AST,10
13-Feb-19 7:45:01 AM AST,27
13-Feb-19 8:00:01 AM AST,58
13-Feb-19 8:15:01 AM AST,115
13-Feb-19 8:30:01 AM AST,110
13-Feb-19 8:45:01 AM AST,143
13-Feb-19 9:00:01 AM AST,159
13-Feb-19 9:15:01 AM AST,123
13-Feb-19 9:30:01 AM AST,149
13-Feb-19 9:45:01 AM AST,199
13-Feb-19 10:00:02 AM AST,277
13-Feb-19 10:15:01 AM AST,261
13-Feb-19 10:30:02 AM AST,260
13-Feb-19 10:45:01 AM AST,205
13-Feb-19 11:00:01 AM AST,211
13-Feb-19 11:15:02 AM AST,201
13-Feb-19 11:30:01 AM AST,171
13-Feb-19 11:45:01 AM AST,250
13-Feb-19 12:00:01 PM AST,189
13-Feb-19 12:15:01 PM AST,238
13-Feb-19 12:30:01 PM AST,182
13-Feb-19 12:45:02 PM AST,409
13-Feb-19 1:00:02 PM AST,361
13-Feb-19 1:15:01 PM AST,576
13-Feb-19 1:30:01 PM AST,354
13-Feb-19 1:45:01 PM AST,475
13-Feb-19 2:00:02 PM AST,446
13-Feb-19 2:15:01 PM AST,434
13-Feb-19 2:30:01 PM AST,419
13-Feb-19 2:45:01 PM AST,405
13-Feb-19 3:00:01 PM AST,370
13-Feb-19 3:15:01 PM AST,347
13-Feb-19 3:30:02 PM AST,319
13-Feb-19 3:45:01 PM AST,286
13-Feb-19 4:00:01 PM AST,246
13-Feb-19 4:15:01 PM AST,206
13-Feb-19 4:30:01 PM AST,178
13-Feb-19 4:45:01 PM AST,138
13-Feb-19 5:00:01 PM AST,112
13-Feb-19 5:15:02 PM AST,79
13-Feb-19 5:30:01 PM AST,49
13-Feb-19 5:45:00 PM AST,20
13-Feb-19 6:00:01 PM AST,2
13-Feb-19 6:15:01 PM AST,2
13-Feb-19 6:30:00 PM AST,0
13-Feb-19 6:45:01 PM AST,0
13-Feb-19 7:00:01 PM AST,0
13-Feb-19 7:15:01 PM AST,0
13-Feb-19 7:30:01 PM AST,0
13-Feb-19 7:45:01 PM AST,0
13-Feb-19 8:00:01 PM AST,0
13-Feb-19 8:15:01 PM AST,0
13-Feb-19 8:30:01 PM AST,0
13-Feb-19 8:45:01 PM AST,0
13-Feb-19 9:00:01 PM AST,0
13-Feb-19 9:15:01 PM AST,0
13-Feb-19 9:30:01 PM AST,0
13-Feb-19 9:45:02 PM AST,0
13-Feb-19 10:00:01 PM AST,0
13-Feb-19 10:15:01 PM AST,0
13-Feb-19 10:30:01 PM AST,0
13-Feb-19 10:45:01 PM AST,0
13-Feb-19 11:00:01 PM AST,0
13-Feb-19 11:15:01 PM AST,0
13-Feb-19 11:30:01 PM AST,0
13-Feb-19 11:45:01 PM AST,0
14-Feb-19 12:00:01 AM AST,0
14-Feb-19 12:15:01 AM AST,0
14-Feb-19 12:30:01 AM AST,0
14-Feb-19 12:45:01 AM AST,0
14-Feb-19 1:00:01 AM AST,0
14-Feb-19 1:15:01 AM AST,0
14-Feb-19 1:30:01 AM AST,0
14-Feb-19 1:45:01 AM AST,0
14-Feb-19 2:00:01 AM AST,0
14-Feb-19 2:15:02 AM AST,0
14-Feb-19 2:30:01 AM AST,0
14-Feb-19 2:45:01 AM AST,0
14-Feb-19 3:00:01 AM AST,0
14-Feb-19 3:15:01 AM AST,0
14-Feb-19 3:30:02 AM AST,0
14-Feb-19 3:45:01 AM AST,0
14-Feb-19 4:00:01 AM AST,0
14-Feb-19 4:15:01 AM AST,0
14-Feb-19 4:30:01 AM AST,0
14-Feb-19 4:45:01 AM AST,0
14-Feb-19 5:00:01 AM AST,0
14-Feb-19 5:15:01 AM AST,0
14-Feb-19 5:30:01 AM AST,0
14-Feb-19 5:45:01 AM AST,0
14-Feb-19 6:00:01 AM AST,0
14-Feb-19 6:15:01 AM AST,0
14-Feb-19 6:30:01 AM AST,0
14-Feb-19 6:45:01 AM AST,0
14-Feb-19 7:00:01 AM AST,0
14-Feb-19 7:15:01 AM AST,0
14-Feb-19 7:30:02 AM AST,0
14-Feb-19 7:45:01 AM AST,4
14-Feb-19 8:00:01 AM AST,17
14-Feb-19 8:15:02 AM AST,24
14-Feb-19 8:30:01 AM AST,14
14-Feb-19 8:45:01 AM AST,23
14-Feb-19 9:00:01 AM AST,50
14-Feb-19 9:15:01 AM AST,18
14-Feb-19 9:30:01 AM AST,51
14-Feb-19 9:45:01 AM AST,37
14-Feb-19 10:00:01 AM AST,263
14-Feb-19 10:15:01 AM AST,127
14-Feb-19 10:30:01 AM AST,48
14-Feb-19 10:45:01 AM AST,99
14-Feb-19 11:00:01 AM AST,263
14-Feb-19 11:15:01 AM AST,200
14-Feb-19 11:30:01 AM AST,143
14-Feb-19 11:45:01 AM AST,171
14-Feb-19 12:00:01 PM AST,185
14-Feb-19 12:15:01 PM AST,61
14-Feb-19 12:30:01 PM AST,165
14-Feb-19 12:45:01 PM AST,124
14-Feb-19 1:00:02 PM AST,148
14-Feb-19 1:15:01 PM AST,80
14-Feb-19 1:30:01 PM AST,123
14-Feb-19 1:45:02 PM AST,70
14-Feb-19 2:00:01 PM AST,49
14-Feb-19 2:15:02 PM AST,17
14-Feb-19 2:30:02 PM AST,44
14-Feb-19 2:45:01 PM AST,45
14-Feb-19 3:00:01 PM AST,26
14-Feb-19 3:15:01 PM AST,36
14-Feb-19 3:30:01 PM AST,51
14-Feb-19 3:45:02 PM AST,105
14-Feb-19 4:00:02 PM AST,86
14-Feb-19 4:15:02 PM AST,30
14-Feb-19 4:30:02 PM AST,13
14-Feb-19 4:45:02 PM AST,28
14-Feb-19 5:00:02 PM AST,25
14-Feb-19 5:15:02 PM AST,12
14-Feb-19 5:30:01 PM AST,5
14-Feb-19 5:45:01 PM AST,2
14-Feb-19 6:00:02 PM AST,2
14-Feb-19 6:15:01 PM AST,0
14-Feb-19 6:30:01 PM AST,0
14-Feb-19 6:45:01 PM AST,0
14-Feb-19 7:00:01 PM AST,0
14-Feb-19 7:15:01 PM AST,0
14-Feb-19 7:30:01 PM AST,0
14-Feb-19 7:45:02 PM AST,0
14-Feb-19 8:00:01 PM AST,0
14-Feb-19 8:15:01 PM AST,0
14-Feb-19 8:30:01 PM AST,0
14-Feb-19 8:45:01 PM AST,0
14-Feb-19 9:00:01 PM AST,0
14-Feb-19 9:15:01 PM AST,0
14-Feb-19 9:30:01 PM AST,0
14-Feb-19 9:45:01 PM AST,0
14-Feb-19 10:00:01 PM AST,0
14-Feb-19 10:15:01 PM AST,0
14-Feb-19 10:30:01 PM AST,0
14-Feb-19 10:45:01 PM AST,0
14-Feb-19 11:00:02 PM AST,0
14-Feb-19 11:15:02 PM AST,0
14-Feb-19 11:30:01 PM AST,0
14-Feb-19 11:45:02 PM AST,0
15-Feb-19 12:00:01 AM AST,0
15-Feb-19 12:15:01 AM AST,0
15-Feb-19 12:30:01 AM AST,0
15-Feb-19 12:45:01 AM AST,0
15-Feb-19 1:00:01 AM AST,0
15-Feb-19 1:15:01 AM AST,0
15-Feb-19 1:30:03 AM AST,0
15-Feb-19 1:45:01 AM AST,0
15-Feb-19 2:00:01 AM AST,0
15-Feb-19 2:15:01 AM AST,0
15-Feb-19 2:30:01 AM AST,0
15-Feb-19 2:45:01 AM AST,0
15-Feb-19 3:00:02 AM AST,0
15-Feb-19 3:15:01 AM AST,0
15-Feb-19 3:30:01 AM AST,0
15-Feb-19 3:45:01 AM AST,0
15-Feb-19 4:00:01 AM AST,0
15-Feb-19 4:15:01 AM AST,0
15-Feb-19 4:30:01 AM AST,0
15-Feb-19 4:45:01 AM AST,0
15-Feb-19 5:00:01 AM AST,0
15-Feb-19 5:15:02 AM AST,0
15-Feb-19 5:30:01 AM AST,0
15-Feb-19 5:45:01 AM AST,0
15-Feb-19 6:00:01 AM AST,0
15-Feb-19 6:15:01 AM AST,0
15-Feb-19 6:30:01 AM AST,0
15-Feb-19 6:45:01 AM AST,0
15-Feb-19 7:00:01 AM AST,0
15-Feb-19 7:15:01 AM AST,1
15-Feb-19 7:30:01 AM AST,7
15-Feb-19 7:45:02 AM AST,18
15-Feb-19 8:00:02 AM AST,46
15-Feb-19 8:15:01 AM AST,77
15-Feb-19 8:30:01 AM AST,125
15-Feb-19 8:45:01 AM AST,160
15-Feb-19 9:00:01 AM AST,143
15-Feb-19 9:15:01 AM AST,272
15-Feb-19 9:30:01 AM AST,283
15-Feb-19 9:45:01 AM AST,327
15-Feb-19 10:00:01 AM AST,358
15-Feb-19 10:15:01 AM AST,379
15-Feb-19 10:30:01 AM AST,386
15-Feb-19 10:45:01 AM AST,277
15-Feb-19 11:00:01 AM AST,492
15-Feb-19 11:15:01 AM AST,387
15-Feb-19 11:30:01 AM AST,555
15-Feb-19 11:45:02 AM AST,527
15-Feb-19 12:00:01 PM AST,415.5
15-Feb-19 12:15:01 PM AST,289
15-Feb-19 12:30:01 PM AST,364
15-Feb-19 12:45:02 PM AST,216
15-Feb-19 1:00:01 PM AST,236
15-Feb-19 1:15:01 PM AST,262
15-Feb-19 1:30:01 PM AST,504
15-Feb-19 1:45:01 PM AST,344
15-Feb-19 2:00:01 PM AST,332
15-Feb-19 2:15:01 PM AST,376
15-Feb-19 2:30:02 PM AST,222
15-Feb-19 2:45:01 PM AST,218
15-Feb-19 3:00:01 PM AST,206
15-Feb-19 3:15:02 PM AST,209
15-Feb-19 3:30:01 PM AST,125
15-Feb-19 3:45:02 PM AST,164
15-Feb-19 4:00:02 PM AST,214
15-Feb-19 4:15:01 PM AST,156
15-Feb-19 4:30:01 PM AST,216
15-Feb-19 4:45:01 PM AST,131
15-Feb-19 5:00:01 PM AST,115
15-Feb-19 5:15:01 PM AST,104
15-Feb-19 5:30:01 PM AST,67
15-Feb-19 5:45:01 PM AST,34
15-Feb-19 6:00:01 PM AST,12
15-Feb-19 6:15:02 PM AST,0
15-Feb-19 6:30:01 PM AST,0
15-Feb-19 6:45:01 PM AST,0
15-Feb-19 7:00:01 PM AST,0
15-Feb-19 7:15:01 PM AST,0
15-Feb-19 7:30:01 PM AST,0
15-Feb-19 7:45:01 PM AST,0
15-Feb-19 8:00:02 PM AST,0
15-Feb-19 8:15:01 PM AST,0
15-Feb-19 8:30:01 PM AST,0
15-Feb-19 8:45:01 PM AST,0
15-Feb-19 9:00:01 PM AST,0
15-Feb-19 9:15:02 PM AST,0
15-Feb-19 9:30:01 PM AST,0
15-Feb-19 9:45:01 PM AST,0
15-Feb-19 10:00:01 PM AST,0
15-Feb-19 10:15:01 PM AST,0
15-Feb-19 10:30:01 PM AST,0
15-Feb-19 10:45:01 PM AST,0
15-Feb-19 11:00:01 PM AST,0
15-Feb-19 11:15:01 PM AST,0
15-Feb-19 11:30:02 PM AST,0
15-Feb-19 11:45:01 PM AST,0
16-Feb-19 12:00:01 AM AST,0
16-Feb-19 12:15:01 AM AST,0
16-Feb-19 12:30:01 AM AST,0
16-Feb-19 12:45:01 AM AST,0
16-Feb-19 1:00:01 AM AST,0
16-Feb-19 1:15:01 AM AST,0
16-Feb-19 1:30:01 AM AST,0
16-Feb-19 1:45:01 AM AST,0
16-Feb-19 2:00:01 AM AST,0
16-Feb-19 2:15:02 AM AST,0
16-Feb-19 2:30:01 AM AST,0
16-Feb-19 2:45:01 AM AST,0
16-Feb-19 3:00:01 AM AST,0
16-Feb-19 3:15:01 AM AST,0
16-Feb-19 3:30:01 AM AST,0
16-Feb-19 3:45:01 AM AST,0
16-Feb-19 4:00:01 AM AST,0
16-Feb-19 4:15:01 AM AST,0
16-Feb-19 4:30:02 AM AST,0
16-Feb-19 4:45:01 AM AST,0
16-Feb-19 5:00:02 AM AST,0
16-Feb-19 5:15:01 AM AST,0
16-Feb-19 5:30:01 AM AST,0
16-Feb-19 5:45:02 AM AST,0
16-Feb-19 6:00:01 AM AST,0
16-Feb-19 6:15:01 AM AST,0
16-Feb-19 6:30:01 AM AST,0
16-Feb-19 6:45:01 AM AST,0
16-Feb-19 7:00:01 AM AST,0
16-Feb-19 7:15:01 AM AST,6
16-Feb-19 7:30:01 AM AST,29
16-Feb-19 7:45:01 AM AST,58
16-Feb-19 8:00:02 AM AST,78
16-Feb-19 8:15:01 AM AST,112
16-Feb-19 8:30:01 AM AST,152
16-Feb-19 8:45:01 AM AST,194
16-Feb-19 9:00:01 AM AST,233
16-Feb-19 9:15:01 AM AST,289
16-Feb-19 9:30:01 AM AST,324
16-Feb-19 9:45:02 AM AST,357
16-Feb-19 10:00:01 AM AST,320
16-Feb-19 10:15:01 AM AST,395
16-Feb-19 10:30:01 AM AST,426
16-Feb-19 10:45:01 AM AST,482
16-Feb-19 11:00:01 AM AST,511
16-Feb-19 11:15:01 AM AST,527
16-Feb-19 11:30:01 AM AST,542
16-Feb-19 11:45:01 AM AST,556
16-Feb-19 12:00:01 PM AST,563
16-Feb-19 12:15:01 PM AST,568
16-Feb-19 12:30:01 PM AST,605
16-Feb-19 12:45:01 PM AST,555
16-Feb-19 1:00:01 PM AST,510
16-Feb-19 1:15:01 PM AST,479
16-Feb-19 1:30:01 PM AST,501
16-Feb-19 1:45:01 PM AST,381
16-Feb-19 2:00:01 PM AST,546
16-Feb-19 2:15:02 PM AST,458
16-Feb-19 2:30:01 PM AST,512
16-Feb-19 2:45:01 PM AST,486
16-Feb-19 3:00:01 PM AST,450
16-Feb-19 3:15:01 PM AST,422
16-Feb-19 3:30:01 PM AST,389
16-Feb-19 3:45:01 PM AST,352
16-Feb-19 4:00:02 PM AST,307
16-Feb-19 4:15:01 PM AST,267
16-Feb-19 4:30:01 PM AST,234
16-Feb-19 4:45:01 PM AST,196
16-Feb-19 5:00:01 PM AST,146
16-Feb-19 5:15:02 PM AST,111
16-Feb-19 5:30:01 PM AST,65
16-Feb-19 5:45:01 PM AST,25
16-Feb-19 6:00:01 PM AST,8
16-Feb-19 6:15:01 PM AST,0
16-Feb-19 6:30:01 PM AST,0
16-Feb-19 6:45:01 PM AST,0
16-Feb-19 7:00:01 PM AST,0
16-Feb-19 7:15:02 PM AST,0
16-Feb-19 7:30:01 PM AST,0
16-Feb-19 7:45:01 PM AST,0
16-Feb-19 8:00:01 PM AST,0
16-Feb-19 8:15:01 PM AST,0
16-Feb-19 8:30:01 PM AST,0
16-Feb-19 8:45:02 PM AST,0
16-Feb-19 9:00:02 PM AST,0
16-Feb-19 9:15:01 PM AST,0
16-Feb-19 9:30:01 PM AST,0
16-Feb-19 9:45:02 PM AST,0
16-Feb-19 10:00:01 PM AST,0
16-Feb-19 10:15:01 PM AST,0
16-Feb-19 10:30:01 PM AST,0
16-Feb-19 10:45:01 PM AST,0
16-Feb-19 11:00:02 PM AST,0
16-Feb-19 11:15:01 PM AST,0
16-Feb-19 11:30:02 PM AST,0
16-Feb-19 11:45:01 PM AST,0
17-Feb-19 12:00:01 AM AST,0
17-Feb-19 12:15:01 AM AST,0
17-Feb-19 12:30:01 AM AST,0
17-Feb-19 12:45:02 AM AST,0
17-Feb-19 1:00:01 AM AST,0
17-Feb-19 1:15:02 AM AST,0
17-Feb-19 1:30:01 AM AST,0
17-Feb-19 1:45:01 AM AST,0
17-Feb-19 2:00:01 AM AST,0
17-Feb-19 2:15:01 AM AST,0
17-Feb-19 2:30:01 AM AST,0
17-Feb-19 2:45:01 AM AST,0
17-Feb-19 3:00:01 AM AST,0
17-Feb-19 3:15:02 AM AST,0
17-Feb-19 3:30:01 AM AST,0
17-Feb-19 3:45:01 AM AST,0
17-Feb-19 4:00:01 AM AST,0
17-Feb-19 4:15:02 AM AST,0
17-Feb-19 4:30:01 AM AST,0
17-Feb-19 4:45:01 AM AST,0
17-Feb-19 5:00:01 AM AST,0
17-Feb-19 5:15:01 AM AST,0
17-Feb-19 5:30:01 AM AST,0
17-Feb-19 5:45:01 AM AST,0
17-Feb-19 6:00:01 AM AST,0
17-Feb-19 6:15:01 AM AST,0
17-Feb-19 6:30:01 AM AST,0
17-Feb-19 6:45:01 AM AST,0
17-Feb-19 7:00:01 AM AST,0
17-Feb-19 7:15:01 AM AST,10
17-Feb-19 7:30:01 AM AST,31
17-Feb-19 7:45:01 AM AST,59
17-Feb-19 8:00:01 AM AST,85
17-Feb-19 8:15:01 AM AST,128
17-Feb-19 8:30:02 AM AST,166
17-Feb-19 8:45:01 AM AST,202
17-Feb-19 9:00:01 AM AST,233
17-Feb-19 9:15:01 AM AST,277
17-Feb-19 9:30:01 AM AST,327
17-Feb-19 9:45:01 AM AST,361
17-Feb-19 10:00:01 AM AST,399
17-Feb-19 10:15:01 AM AST,419
17-Feb-19 10:30:02 AM AST,440
17-Feb-19 10:45:02 AM AST,476
17-Feb-19 11:00:01 AM AST,512
17-Feb-19 11:15:01 AM AST,525
17-Feb-19 11:30:01 AM AST,536
17-Feb-19 11:45:01 AM AST,557
17-Feb-19 12:00:01 PM AST,560
17-Feb-19 12:15:01 PM AST,569
17-Feb-19 12:30:01 PM AST,577
17-Feb-19 12:45:02 PM AST,580
17-Feb-19 1:00:01 PM AST,572
17-Feb-19 1:15:01 PM AST,571
17-Feb-19 1:30:02 PM AST,565
17-Feb-19 1:45:01 PM AST,552
17-Feb-19 2:00:01 PM AST,539
17-Feb-19 2:15:01 PM AST,519
17-Feb-19 2:30:01 PM AST,492
17-Feb-19 2:45:01 PM AST,474
17-Feb-19 3:00:01 PM AST,449
17-Feb-19 3:15:01 PM AST,425
17-Feb-19 3:30:01 PM AST,397
17-Feb-19 3:45:01 PM AST,358
17-Feb-19 4:00:01 PM AST,322
17-Feb-19 4:15:01 PM AST,285
17-Feb-19 4:30:01 PM AST,237
17-Feb-19 4:45:01 PM AST,188
17-Feb-19 5:00:01 PM AST,68
17-Feb-19 5:15:01 PM AST,59
17-Feb-19 5:30:01 PM AST,73
17-Feb-19 5:45:01 PM AST,26
17-Feb-19 6:00:01 PM AST,0
17-Feb-19 6:15:01 PM AST,0
17-Feb-19 6:30:01 PM AST,0
17-Feb-19 6:45:02 PM AST,0
17-Feb-19 7:00:01 PM AST,0
17-Feb-19 7:15:01 PM AST,0
17-Feb-19 7:30:01 PM AST,0
17-Feb-19 7:45:01 PM AST,0
17-Feb-19 8:00:02 PM AST,0
17-Feb-19 8:15:02 PM AST,0
17-Feb-19 8:30:01 PM AST,0
17-Feb-19 8:45:01 PM AST,0
17-Feb-19 9:00:01 PM AST,0
17-Feb-19 9:15:01 PM AST,0
17-Feb-19 9:30:02 PM AST,0
17-Feb-19 9:45:01 PM AST,0
17-Feb-19 10:00:01 PM AST,0
17-Feb-19 10:15:02 PM AST,0
17-Feb-19 10:30:02 PM AST,0
17-Feb-19 10:45:01 PM AST,0
17-Feb-19 11:00:01 PM AST,0
17-Feb-19 11:15:01 PM AST,0
17-Feb-19 11:30:02 PM AST,0
17-Feb-19 11:45:01 PM AST,0
18-Feb-19 12:00:01 AM AST,0
18-Feb-19 12:15:01 AM AST,0
18-Feb-19 12:30:01 AM AST,0
18-Feb-19 12:45:01 AM AST,0
18-Feb-19 1:00:02 AM AST,0
18-Feb-19 1:15:02 AM AST,0
18-Feb-19 1:30:01 AM AST,0
18-Feb-19 1:45:01 AM AST,0
18-Feb-19 2:00:01 AM AST,0
18-Feb-19 2:15:01 AM AST,0
18-Feb-19 2:30:02 AM AST,0
18-Feb-19 2:45:01 AM AST,0
18-Feb-19 3:00:01 AM AST,0
18-Feb-19 3:15:01 AM AST,0
18-Feb-19 3:30:01 AM AST,0
18-Feb-19 3:45:01 AM AST,0
18-Feb-19 4:00:01 AM AST,0
18-Feb-19 4:15:01 AM AST,0
18-Feb-19 4:30:01 AM AST,0
18-Feb-19 4:45:02 AM AST,0
18-Feb-19 5:00:01 AM AST,0
18-Feb-19 5:15:01 AM AST,0
18-Feb-19 5:30:02 AM AST,0
18-Feb-19 5:45:01 AM AST,0
18-Feb-19 6:00:01 AM AST,0
18-Feb-19 6:15:02 AM AST,0
18-Feb-19 6:30:01 AM AST,0
18-Feb-19 6:45:01 AM AST,0
18-Feb-19 7:00:01 AM AST,0
18-Feb-19 7:15:01 AM AST,0
18-Feb-19 7:30:01 AM AST,23
18-Feb-19 7:45:01 AM AST,59
18-Feb-19 8:00:01 AM AST,82
18-Feb-19 8:15:02 AM AST,73
18-Feb-19 8:30:02 AM AST,228
18-Feb-19 8:45:01 AM AST,162
18-Feb-19 9:00:02 AM AST,145
18-Feb-19 9:15:01 AM AST,143
18-Feb-19 9:30:01 AM AST,302
18-Feb-19 9:45:01 AM AST,240
18-Feb-19 10:00:01 AM AST,454
18-Feb-19 10:15:01 AM AST,487
18-Feb-19 10:30:01 AM AST,349
18-Feb-19 10:45:01 AM AST,288
18-Feb-19 11:00:01 AM AST,395
18-Feb-19 11:15:01 AM AST,552
18-Feb-19 11:30:01 AM AST,562
18-Feb-19 11:45:01 AM AST,352
18-Feb-19 12:00:01 PM AST,565
18-Feb-19 12:15:01 PM AST,573
18-Feb-19 12:30:01 PM AST,583
18-Feb-19 12:45:02 PM AST,579
18-Feb-19 1:00:02 PM AST,581
18-Feb-19 1:15:01 PM AST,582
18-Feb-19 1:30:02 PM AST,634
18-Feb-19 1:45:02 PM AST,440
18-Feb-19 2:00:01 PM AST,622
18-Feb-19 2:15:02 PM AST,519
18-Feb-19 2:30:02 PM AST,501
18-Feb-19 2:45:01 PM AST,254
18-Feb-19 3:00:01 PM AST,348
18-Feb-19 3:15:02 PM AST,258
18-Feb-19 3:30:01 PM AST,439
18-Feb-19 3:45:01 PM AST,190
18-Feb-19 4:00:01 PM AST,241
18-Feb-19 4:15:01 PM AST,169
18-Feb-19 4:30:01 PM AST,284
18-Feb-19 4:45:01 PM AST,211
18-Feb-19 5:00:01 PM AST,153
18-Feb-19 5:15:01 PM AST,151
18-Feb-19 5:30:01 PM AST,42
18-Feb-19 5:45:01 PM AST,67
18-Feb-19 6:00:01 PM AST,12
18-Feb-19 6:15:01 PM AST,2
18-Feb-19 6:30:01 PM AST,0
18-Feb-19 6:45:01 PM AST,0
18-Feb-19 7:00:01 PM AST,0
18-Feb-19 7:15:01 PM AST,0
18-Feb-19 7:30:01 PM AST,0
18-Feb-19 7:45:01 PM AST,0
18-Feb-19 8:00:01 PM AST,0
18-Feb-19 8:15:01 PM AST,0
18-Feb-19 8:30:01 PM AST,0
18-Feb-19 8:45:03 PM AST,0
18-Feb-19 9:00:01 PM AST,0
18-Feb-19 9:15:01 PM AST,0
18-Feb-19 9:30:01 PM AST,0
18-Feb-19 9:45:01 PM AST,0
18-Feb-19 10:00:01 PM AST,0
18-Feb-19 10:15:01 PM AST,0
18-Feb-19 10:30:01 PM AST,0
18-Feb-19 10:45:01 PM AST,0
18-Feb-19 11:00:01 PM AST,0
18-Feb-19 11:15:02 PM AST,0
18-Feb-19 11:30:01 PM AST,0
18-Feb-19 11:45:01 PM AST,0
19-Feb-19 12:00:02 AM AST,0
19-Feb-19 12:15:01 AM AST,0
19-Feb-19 12:30:01 AM AST,0
19-Feb-19 12:45:01 AM AST,0
19-Feb-19 1:00:01 AM AST,0
19-Feb-19 1:15:01 AM AST,0
19-Feb-19 1:30:01 AM AST,0
19-Feb-19 1:45:01 AM AST,0
19-Feb-19 2:00:01 AM AST,0
19-Feb-19 2:15:02 AM AST,0
19-Feb-19 2:30:01 AM AST,0
19-Feb-19 2:45:01 AM AST,0
19-Feb-19 3:00:01 AM AST,0
19-Feb-19 3:15:01 AM AST,0
19-Feb-19 3:30:01 AM AST,0
19-Feb-19 3:45:01 AM AST,0
19-Feb-19 4:00:01 AM AST,0
19-Feb-19 4:15:02 AM AST,0
19-Feb-19 4:30:01 AM AST,0
19-Feb-19 4:45:02 AM AST,0
19-Feb-19 5:00:01 AM AST,0
19-Feb-19 5:15:01 AM AST,0
19-Feb-19 5:30:02 AM AST,0
19-Feb-19 5:45:02 AM AST,0
19-Feb-19 6:00:01 AM AST,0
19-Feb-19 6:15:01 AM AST,0
19-Feb-19 6:30:02 AM AST,0
19-Feb-19 6:45:01 AM AST,0
19-Feb-19 7:00:01 AM AST,0
19-Feb-19 7:15:01 AM AST,11
19-Feb-19 7:30:01 AM AST,30
19-Feb-19 7:45:02 AM AST,51
19-Feb-19 8:00:01 AM AST,95
19-Feb-19 8:15:01 AM AST,121
19-Feb-19 8:30:01 AM AST,158
19-Feb-19 8:45:01 AM AST,207
19-Feb-19 9:00:01 AM AST,254
19-Feb-19 9:15:01 AM AST,301
19-Feb-19 9:30:02 AM AST,344
19-Feb-19 9:45:01 AM AST,373
19-Feb-19 10:00:01 AM AST,397
19-Feb-19 10:15:01 AM AST,426
19-Feb-19 10:30:01 AM AST,456
19-Feb-19 10:45:01 AM AST,497
19-Feb-19 11:00:01 AM AST,528
19-Feb-19 11:15:01 AM AST,544
19-Feb-19 11:30:01 AM AST,556
19-Feb-19 11:45:01 AM AST,566
19-Feb-19 12:00:02 PM AST,578
19-Feb-19 12:15:02 PM AST,584
19-Feb-19 12:30:01 PM AST,585
19-Feb-19 12:45:01 PM AST,592
19-Feb-19 1:00:02 PM AST,592
19-Feb-19 1:15:01 PM AST,584
19-Feb-19 1:30:01 PM AST,577
19-Feb-19 1:45:01 PM AST,567
19-Feb-19 2:00:01 PM AST,548
19-Feb-19 2:15:01 PM AST,535
19-Feb-19 2:30:02 PM AST,520
19-Feb-19 2:45:01 PM AST,490
19-Feb-19 3:00:01 PM AST,464
19-Feb-19 3:15:01 PM AST,438
19-Feb-19 3:30:01 PM AST,398
19-Feb-19 3:45:01 PM AST,367
19-Feb-19 4:00:02 PM AST,326
19-Feb-19 4:15:01 PM AST,296
19-Feb-19 4:30:01 PM AST,248
19-Feb-19 4:45:02 PM AST,210
19-Feb-19 5:00:02 PM AST,160
19-Feb-19 5:15:02 PM AST,112
19-Feb-19 5:30:01 PM AST,73
19-Feb-19 5:45:01 PM AST,36
19-Feb-19 6:00:01 PM AST,7
19-Feb-19 6:15:02 PM AST,2
19-Feb-19 6:30:01 PM AST,0
19-Feb-19 6:45:01 PM AST,0
19-Feb-19 7:00:01 PM AST,0
19-Feb-19 7:15:01 PM AST,0
19-Feb-19 7:30:01 PM AST,0
19-Feb-19 7:45:02 PM AST,0
19-Feb-19 8:00:01 PM AST,0
19-Feb-19 8:15:01 PM AST,0
19-Feb-19 8:30:01 PM AST,0
19-Feb-19 8:45:01 PM AST,0
19-Feb-19 9:00:01 PM AST,0
19-Feb-19 9:15:01 PM AST,0
19-Feb-19 9:30:01 PM AST,0
19-Feb-19 9:45:01 PM AST,0
19-Feb-19 10:00:01 PM AST,0
19-Feb-19 10:15:02 PM AST,0
19-Feb-19 10:30:01 PM AST,0
19-Feb-19 10:45:02 PM AST,0
19-Feb-19 11:00:01 PM AST,0
19-Feb-19 11:15:02 PM AST,0
19-Feb-19 11:30:01 PM AST,0
19-Feb-19 11:45:02 PM AST,0
20-Feb-19 12:00:01 AM AST,0
20-Feb-19 12:15:01 AM AST,0
20-Feb-19 12:30:01 AM AST,0
20-Feb-19 12:45:01 AM AST,0
20-Feb-19 1:00:01 AM AST,0
20-Feb-19 1:15:01 AM AST,0
20-Feb-19 1:30:01 AM AST,0
20-Feb-19 1:45:01 AM AST,0
20-Feb-19 2:00:02 AM AST,0
20-Feb-19 2:15:01 AM AST,0
20-Feb-19 2:30:01 AM AST,0
20-Feb-19 2:45:01 AM AST,0
20-Feb-19 3:00:01 AM AST,0
20-Feb-19 3:15:01 AM AST,0
20-Feb-19 3:30:01 AM AST,0
20-Feb-19 3:45:01 AM AST,0
20-Feb-19 4:00:01 AM AST,0
20-Feb-19 4:15:01 AM AST,0
20-Feb-19 4:30:01 AM AST,0
20-Feb-19 4:45:01 AM AST,0
20-Feb-19 5:00:02 AM AST,0
20-Feb-19 5:15:01 AM AST,0
20-Feb-19 5:30:01 AM AST,0
20-Feb-19 5:45:01 AM AST,0
20-Feb-19 6:00:01 AM AST,0
20-Feb-19 6:15:02 AM AST,0
20-Feb-19 6:30:02 AM AST,0
20-Feb-19 6:45:01 AM AST,0
20-Feb-19 7:00:02 AM AST,0
20-Feb-19 7:15:01 AM AST,8
20-Feb-19 7:30:01 AM AST,36
20-Feb-19 7:45:01 AM AST,66
20-Feb-19 8:00:01 AM AST,91
20-Feb-19 8:15:01 AM AST,126
20-Feb-19 8:30:01 AM AST,157
20-Feb-19 8:45:01 AM AST,198
20-Feb-19 9:00:01 AM AST,251
20-Feb-19 9:15:01 AM AST,293
20-Feb-19 9:30:01 AM AST,339
20-Feb-19 9:45:01 AM AST,373
20-Feb-19 10:00:01 AM AST,400
20-Feb-19 10:15:02 AM AST,429
20-Feb-19 10:30:02 AM AST,452
20-Feb-19 10:45:01 AM AST,485
20-Feb-19 11:00:01 AM AST,517
20-Feb-19 11:15:01 AM AST,532
20-Feb-19 11:30:01 AM AST,548
20-Feb-19 11:45:01 AM AST,561
20-Feb-19 12:00:01 PM AST,566
20-Feb-19 12:15:01 PM AST,577
20-Feb-19 12:30:02 PM AST,571
20-Feb-19 12:45:01 PM AST,574
20-Feb-19 1:00:01 PM AST,569
20-Feb-19 1:15:01 PM AST,563
20-Feb-19 1:30:01 PM AST,551
20-Feb-19 1:45:02 PM AST,541
20-Feb-19 2:00:01 PM AST,527
20-Feb-19 2:15:02 PM AST,501
20-Feb-19 2:30:01 PM AST,483
20-Feb-19 2:45:01 PM AST,462
20-Feb-19 3:00:01 PM AST,432
20-Feb-19 3:15:01 PM AST,418
20-Feb-19 3:30:01 PM AST,392
20-Feb-19 3:45:02 PM AST,355
20-Feb-19 4:00:01 PM AST,322
20-Feb-19 4:15:01 PM AST,281
20-Feb-19 4:30:01 PM AST,232
20-Feb-19 4:45:01 PM AST,187
20-Feb-19 5:00:01 PM AST,152
20-Feb-19 5:15:01 PM AST,108
20-Feb-19 5:30:01 PM AST,77
20-Feb-19 5:45:01 PM AST,44
20-Feb-19 6:00:01 PM AST,12
20-Feb-19 6:15:01 PM AST,0
20-Feb-19 6:30:01 PM AST,0
20-Feb-19 6:45:01 PM AST,0
20-Feb-19 7:00:01 PM AST,0
20-Feb-19 7:15:01 PM AST,0
20-Feb-19 7:30:01 PM AST,0
20-Feb-19 7:45:01 PM AST,0
20-Feb-19 8:00:01 PM AST,0
20-Feb-19 8:15:01 PM AST,0
20-Feb-19 8:30:01 PM AST,0
20-Feb-19 8:45:01 PM AST,0
20-Feb-19 9:00:02 PM AST,0
20-Feb-19 9:15:01 PM AST,0
20-Feb-19 9:30:01 PM AST,0
20-Feb-19 9:45:02 PM AST,0
20-Feb-19 10:00:02 PM AST,0
20-Feb-19 10:15:01 PM AST,0
20-Feb-19 10:30:02 PM AST,0
20-Feb-19 10:45:01 PM AST,0
20-Feb-19 11:00:01 PM AST,0
20-Feb-19 11:15:01 PM AST,0
20-Feb-19 11:30:01 PM AST,0
20-Feb-19 11:45:01 PM AST,0
21-Feb-19 12:00:02 AM AST,0
21-Feb-19 12:15:01 AM AST,0
21-Feb-19 12:30:01 AM AST,0
21-Feb-19 12:45:01 AM AST,0
21-Feb-19 1:00:01 AM AST,0
21-Feb-19 1:15:01 AM AST,0
21-Feb-19 1:30:01 AM AST,0
21-Feb-19 1:45:01 AM AST,0
21-Feb-19 2:00:01 AM AST,0
21-Feb-19 2:15:01 AM AST,0
21-Feb-19 2:30:01 AM AST,0
21-Feb-19 2:45:01 AM AST,0
21-Feb-19 3:00:02 AM AST,0
21-Feb-19 3:15:01 AM AST,0
21-Feb-19 3:30:01 AM AST,0
21-Feb-19 3:45:01 AM AST,0
21-Feb-19 4:00:01 AM AST,0
21-Feb-19 4:15:02 AM AST,0
21-Feb-19 4:30:01 AM AST,0
21-Feb-19 4:45:01 AM AST,0
21-Feb-19 5:00:01 AM AST,0
21-Feb-19 5:15:01 AM AST,0
21-Feb-19 5:30:01 AM AST,0
21-Feb-19 5:45:01 AM AST,0
21-Feb-19 6:00:01 AM AST,0
21-Feb-19 6:15:01 AM AST,0
21-Feb-19 6:30:01 AM AST,0
21-Feb-19 6:45:01 AM AST,0
21-Feb-19 7:00:01 AM AST,0
21-Feb-19 7:15:02 AM AST,23
21-Feb-19 7:30:01 AM AST,48
21-Feb-19 7:45:01 AM AST,102
21-Feb-19 8:00:01 AM AST,107
21-Feb-19 8:15:02 AM AST,96
21-Feb-19 8:30:01 AM AST,146
21-Feb-19 8:45:01 AM AST,245
21-Feb-19 9:00:02 AM AST,210
21-Feb-19 9:15:02 AM AST,105
21-Feb-19 9:30:01 AM AST,314
21-Feb-19 9:45:01 AM AST,350
21-Feb-19 10:00:01 AM AST,359
21-Feb-19 10:15:01 AM AST,397
21-Feb-19 10:30:01 AM AST,325
21-Feb-19 10:45:01 AM AST,464
21-Feb-19 11:00:02 AM AST,479
21-Feb-19 11:15:01 AM AST,479
21-Feb-19 11:30:01 AM AST,516
21-Feb-19 11:45:01 AM AST,375
21-Feb-19 12:00:01 PM AST,417
21-Feb-19 12:15:01 PM AST,436
21-Feb-19 12:30:01 PM AST,439
21-Feb-19 12:45:01 PM AST,292
21-Feb-19 1:00:02 PM AST,347
21-Feb-19 1:15:01 PM AST,448
21-Feb-19 1:30:01 PM AST,444
21-Feb-19 1:45:02 PM AST,389
21-Feb-19 2:00:01 PM AST,568
21-Feb-19 2:15:01 PM AST,394
21-Feb-19 2:30:01 PM AST,307
21-Feb-19 2:45:01 PM AST,321
21-Feb-19 3:00:01 PM AST,305
21-Feb-19 3:15:02 PM AST,266
21-Feb-19 3:30:01 PM AST,243
21-Feb-19 3:45:01 PM AST,181
21-Feb-19 4:00:01 PM AST,240
21-Feb-19 4:15:01 PM AST,118
21-Feb-19 4:30:01 PM AST,117
21-Feb-19 4:45:01 PM AST,94
21-Feb-19 5:00:01 PM AST,90
21-Feb-19 5:15:01 PM AST,64
21-Feb-19 5:30:01 PM AST,29
21-Feb-19 5:45:01 PM AST,14
21-Feb-19 6:00:02 PM AST,8
21-Feb-19 6:15:01 PM AST,0
21-Feb-19 6:30:02 PM AST,0
21-Feb-19 6:45:02 PM AST,0
21-Feb-19 7:00:01 PM AST,0
21-Feb-19 7:15:01 PM AST,0
21-Feb-19 7:30:01 PM AST,0
21-Feb-19 7:45:01 PM AST,0
21-Feb-19 8:00:01 PM AST,0
21-Feb-19 8:15:01 PM AST,0
21-Feb-19 8:30:01 PM AST,0
21-Feb-19 8:45:02 PM AST,0
21-Feb-19 9:00:01 PM AST,0
21-Feb-19 9:15:01 PM AST,0
21-Feb-19 9:30:01 PM AST,0
21-Feb-19 9:45:01 PM AST,0
21-Feb-19 10:00:02 PM AST,0
21-Feb-19 10:15:01 PM AST,0
21-Feb-19 10:30:01 PM AST,0
21-Feb-19 10:45:01 PM AST,0
21-Feb-19 11:00:01 PM AST,0
21-Feb-19 11:15:01 PM AST,0
21-Feb-19 11:30:01 PM AST,0
21-Feb-19 11:45:01 PM AST,0
22-Feb-19 12:00:01 AM AST,0
22-Feb-19 12:15:01 AM AST,0
22-Feb-19 12:30:01 AM AST,0
22-Feb-19 12:45:01 AM AST,0
22-Feb-19 1:00:01 AM AST,0
22-Feb-19 1:15:01 AM AST,0
22-Feb-19 1:30:01 AM AST,0
22-Feb-19 1:45:01 AM AST,0
22-Feb-19 2:00:01 AM AST,0
22-Feb-19 2:15:01 AM AST,0
22-Feb-19 2:30:02 AM AST,0
22-Feb-19 2:45:01 AM AST,0
22-Feb-19 3:00:01 AM AST,0
22-Feb-19 3:15:01 AM AST,0
22-Feb-19 3:30:02 AM AST,0
22-Feb-19 3:45:01 AM AST,0
22-Feb-19 4:00:01 AM AST,0
22-Feb-19 4:15:01 AM AST,0
22-Feb-19 4:30:02 AM AST,0
22-Feb-19 4:45:01 AM AST,0
22-Feb-19 5:00:02 AM AST,0
22-Feb-19 5:15:01 AM AST,0
22-Feb-19 5:30:01 AM AST,0
22-Feb-19 5:45:02 AM AST,0
22-Feb-19 6:00:01 AM AST,0
22-Feb-19 6:15:01 AM AST,0
22-Feb-19 6:30:01 AM AST,0
22-Feb-19 6:45:01 AM AST,0
22-Feb-19 7:00:01 AM AST,0
22-Feb-19 7:15:01 AM AST,11
22-Feb-19 7:30:01 AM AST,39
22-Feb-19 7:45:01 AM AST,59
22-Feb-19 8:00:01 AM AST,96
22-Feb-19 8:15:01 AM AST,104
22-Feb-19 8:30:01 AM AST,144
22-Feb-19 8:45:01 AM AST,165
22-Feb-19 9:00:01 AM AST,175
22-Feb-19 9:15:02 AM AST,156
22-Feb-19 9:30:01 AM AST,296
22-Feb-19 9:45:02 AM AST,284
22-Feb-19 10:00:01 AM AST,380
22-Feb-19 10:15:01 AM AST,446
22-Feb-19 10:30:01 AM AST,474
22-Feb-19 10:45:01 AM AST,435
22-Feb-19 11:00:01 AM AST,514
22-Feb-19 11:15:01 AM AST,284
22-Feb-19 11:30:01 AM AST,209
22-Feb-19 11:45:01 AM AST,196
22-Feb-19 12:00:01 PM AST,251
22-Feb-19 12:15:02 PM AST,325
22-Feb-19 12:30:01 PM AST,285
22-Feb-19 12:45:01 PM AST,297
22-Feb-19 1:00:01 PM AST,299
22-Feb-19 1:15:01 PM AST,281
22-Feb-19 1:30:01 PM AST,328
22-Feb-19 1:45:01 PM AST,294
22-Feb-19 2:00:01 PM AST,283
22-Feb-19 2:15:01 PM AST,264
22-Feb-19 2:30:01 PM AST,277
22-Feb-19 2:45:01 PM AST,269
22-Feb-19 3:00:01 PM AST,228
22-Feb-19 3:15:01 PM AST,185
22-Feb-19 3:30:02 PM AST,261
22-Feb-19 3:45:01 PM AST,174
22-Feb-19 4:00:01 PM AST,147
22-Feb-19 4:15:01 PM AST,131
22-Feb-19 4:30:01 PM AST,109
22-Feb-19 4:45:01 PM AST,102
22-Feb-19 5:00:01 PM AST,77
22-Feb-19 5:15:01 PM AST,59
22-Feb-19 5:30:01 PM AST,30
22-Feb-19 5:45:02 PM AST,13
22-Feb-19 6:00:01 PM AST,0
22-Feb-19 6:15:01 PM AST,0
22-Feb-19 6:30:01 PM AST,0
22-Feb-19 6:45:01 PM AST,0
22-Feb-19 7:00:02 PM AST,0
22-Feb-19 7:15:01 PM AST,0
22-Feb-19 7:30:01 PM AST,0
22-Feb-19 7:45:01 PM AST,0
22-Feb-19 8:00:01 PM AST,0
22-Feb-19 8:15:01 PM AST,0
22-Feb-19 8:30:02 PM AST,0
22-Feb-19 8:45:01 PM AST,0
22-Feb-19 9:00:02 PM AST,0
22-Feb-19 9:15:01 PM AST,0
22-Feb-19 9:30:01 PM AST,0
22-Feb-19 9:45:01 PM AST,0
22-Feb-19 10:00:02 PM AST,0
22-Feb-19 10:15:01 PM AST,0
22-Feb-19 10:30:01 PM AST,0
22-Feb-19 10:45:02 PM AST,0
22-Feb-19 11:00:01 PM AST,0
22-Feb-19 11:15:01 PM AST,0
22-Feb-19 11:30:01 PM AST,0
22-Feb-19 11:45:01 PM AST,0
23-Feb-19 12:00:01 AM AST,0
23-Feb-19 12:15:01 AM AST,0
23-Feb-19 12:30:01 AM AST,0
23-Feb-19 12:45:02 AM AST,0
23-Feb-19 1:00:01 AM AST,0
23-Feb-19 1:15:01 AM AST,0
23-Feb-19 1:30:01 AM AST,0
23-Feb-19 1:45:02 AM AST,0
23-Feb-19 2:00:01 AM AST,0
23-Feb-19 2:15:01 AM AST,0
23-Feb-19 2:30:01 AM AST,0
23-Feb-19 2:45:01 AM AST,0
23-Feb-19 3:00:01 AM AST,0
23-Feb-19 3:15:01 AM AST,0
23-Feb-19 3:30:01 AM AST,0
23-Feb-19 3:45:02 AM AST,0
23-Feb-19 4:00:01 AM AST,0
23-Feb-19 4:15:01 AM AST,0
23-Feb-19 4:30:01 AM AST,0
23-Feb-19 4:45:01 AM AST,0
23-Feb-19 5:00:01 AM AST,0
23-Feb-19 5:15:01 AM AST,0
23-Feb-19 5:30:01 AM AST,0
23-Feb-19 5:45:01 AM AST,0
23-Feb-19 6:00:01 AM AST,0
23-Feb-19 6:15:01 AM AST,0
23-Feb-19 6:30:01 AM AST,0
23-Feb-19 6:45:01 AM AST,0
23-Feb-19 7:00:01 AM AST,4
23-Feb-19 7:15:01 AM AST,11
23-Feb-19 7:30:01 AM AST,31
23-Feb-19 7:45:01 AM AST,65
23-Feb-19 8:00:01 AM AST,86
23-Feb-19 8:15:01 AM AST,103
23-Feb-19 8:30:01 AM AST,130
23-Feb-19 8:45:01 AM AST,150
23-Feb-19 9:00:02 AM AST,215
23-Feb-19 9:15:01 AM AST,287
23-Feb-19 9:30:01 AM AST,216
23-Feb-19 9:45:01 AM AST,218
23-Feb-19 10:00:01 AM AST,337
23-Feb-19 10:15:01 AM AST,453
23-Feb-19 10:30:02 AM AST,459
23-Feb-19 10:45:02 AM AST,493
23-Feb-19 11:00:02 AM AST,430
23-Feb-19 11:15:01 AM AST,509
23-Feb-19 11:30:01 AM AST,592
23-Feb-19 11:45:01 AM AST,530
23-Feb-19 12:00:01 PM AST,561
23-Feb-19 12:15:01 PM AST,550
23-Feb-19 12:30:01 PM AST,617
23-Feb-19 12:45:01 PM AST,545
23-Feb-19 1:00:02 PM AST,462
23-Feb-19 1:15:01 PM AST,548
23-Feb-19 1:30:02 PM AST,462
23-Feb-19 1:45:01 PM AST,354
23-Feb-19 2:00:01 PM AST,474
23-Feb-19 2:15:01 PM AST,413
23-Feb-19 2:30:01 PM AST,422
23-Feb-19 2:45:01 PM AST,378
23-Feb-19 3:00:01 PM AST,351
23-Feb-19 3:15:01 PM AST,332
23-Feb-19 3:30:01 PM AST,297
23-Feb-19 3:45:01 PM AST,257
23-Feb-19 4:00:01 PM AST,190
23-Feb-19 4:15:02 PM AST,183
23-Feb-19 4:30:01 PM AST,152
23-Feb-19 4:45:02 PM AST,133
23-Feb-19 5:00:01 PM AST,110
23-Feb-19 5:15:01 PM AST,87
23-Feb-19 5:30:01 PM AST,57
23-Feb-19 5:45:01 PM AST,34
23-Feb-19 6:00:01 PM AST,17
23-Feb-19 6:15:01 PM AST,0
23-Feb-19 6:30:01 PM AST,0
23-Feb-19 6:45:01 PM AST,0
23-Feb-19 7:00:01 PM AST,0
23-Feb-19 7:15:02 PM AST,0
23-Feb-19 7:30:01 PM AST,0
23-Feb-19 7:45:02 PM AST,0
23-Feb-19 8:00:01 PM AST,0
23-Feb-19 8:15:01 PM AST,0
23-Feb-19 8:30:02 PM AST,0
23-Feb-19 8:45:01 PM AST,0
23-Feb-19 9:00:01 PM AST,0
23-Feb-19 9:15:02 PM AST,0
23-Feb-19 9:30:01 PM AST,0
23-Feb-19 9:45:01 PM AST,0
23-Feb-19 10:00:02 PM AST,0
23-Feb-19 10:15:01 PM AST,0
23-Feb-19 10:30:01 PM AST,0
23-Feb-19 10:45:01 PM AST,0
23-Feb-19 11:00:02 PM AST,0
23-Feb-19 11:15:01 PM AST,0
23-Feb-19 11:30:01 PM AST,0
23-Feb-19 11:45:01 PM AST,0
24-Feb-19 12:00:01 AM AST,0
24-Feb-19 12:15:02 AM AST,0
24-Feb-19 12:30:01 AM AST,0
24-Feb-19 12:45:01 AM AST,0
24-Feb-19 1:00:01 AM AST,0
24-Feb-19 1:15:01 AM AST,0
24-Feb-19 1:30:02 AM AST,0
24-Feb-19 1:45:02 AM AST,0
24-Feb-19 2:00:01 AM AST,0
24-Feb-19 2:15:01 AM AST,0
24-Feb-19 2:30:01 AM AST,0
24-Feb-19 2:45:01 AM AST,0
24-Feb-19 3:00:01 AM AST,0
24-Feb-19 3:15:01 AM AST,0
24-Feb-19 3:30:01 AM AST,0
24-Feb-19 3:45:01 AM AST,0
24-Feb-19 4:00:01 AM AST,0
24-Feb-19 4:15:02 AM AST,0
24-Feb-19 4:30:01 AM AST,0
24-Feb-19 4:45:01 AM AST,0
24-Feb-19 5:00:01 AM AST,0
24-Feb-19 5:15:01 AM AST,0
24-Feb-19 5:30:01 AM AST,0
24-Feb-19 5:45:02 AM AST,0
24-Feb-19 6:00:01 AM AST,0
24-Feb-19 6:15:01 AM AST,0
24-Feb-19 6:30:01 AM AST,0
24-Feb-19 6:45:01 AM AST,0
24-Feb-19 7:00:01 AM AST,1
24-Feb-19 7:15:01 AM AST,0
24-Feb-19 7:30:01 AM AST,14
24-Feb-19 7:45:02 AM AST,22
24-Feb-19 8:00:01 AM AST,19
24-Feb-19 8:15:01 AM AST,32
24-Feb-19 8:30:01 AM AST,52
24-Feb-19 8:45:02 AM AST,47
24-Feb-19 9:00:01 AM AST,48
24-Feb-19 9:15:01 AM AST,50
24-Feb-19 9:30:01 AM AST,81
24-Feb-19 9:45:01 AM AST,75
24-Feb-19 10:00:01 AM AST,159
24-Feb-19 10:15:01 AM AST,91
24-Feb-19 10:30:01 AM AST,135
24-Feb-19 10:45:01 AM AST,141
24-Feb-19 11:00:02 AM AST,162
24-Feb-19 11:15:01 AM AST,134
24-Feb-19 11:30:01 AM AST,192
24-Feb-19 11:45:01 AM AST,280
24-Feb-19 12:00:01 PM AST,314
24-Feb-19 12:15:01 PM AST,300
24-Feb-19 12:30:01 PM AST,171
24-Feb-19 12:45:01 PM AST,148
24-Feb-19 1:00:01 PM AST,139
24-Feb-19 1:15:01 PM AST,144
24-Feb-19 1:30:01 PM AST,139
24-Feb-19 1:45:01 PM AST,136
24-Feb-19 2:00:01 PM AST,158
24-Feb-19 2:15:02 PM AST,155
24-Feb-19 2:30:01 PM AST,238
24-Feb-19 2:45:01 PM AST,147
24-Feb-19 3:00:01 PM AST,125
24-Feb-19 3:15:01 PM AST,128
24-Feb-19 3:30:01 PM AST,132
24-Feb-19 3:45:01 PM AST,89
24-Feb-19 4:00:01 PM AST,107
24-Feb-19 4:15:01 PM AST,95
24-Feb-19 4:30:01 PM AST,119
24-Feb-19 4:45:01 PM AST,41
24-Feb-19 5:00:01 PM AST,55
24-Feb-19 5:15:01 PM AST,40
24-Feb-19 5:30:01 PM AST,12
24-Feb-19 5:45:01 PM AST,5
24-Feb-19 6:00:01 PM AST,0
24-Feb-19 6:15:01 PM AST,0
24-Feb-19 6:30:01 PM AST,0
24-Feb-19 6:45:01 PM AST,0
24-Feb-19 7:00:01 PM AST,0
24-Feb-19 7:15:02 PM AST,0
24-Feb-19 7:30:02 PM AST,0
24-Feb-19 7:45:01 PM AST,0
24-Feb-19 8:00:01 PM AST,0
24-Feb-19 8:15:01 PM AST,0
24-Feb-19 8:30:01 PM AST,0
24-Feb-19 8:45:01 PM AST,0
24-Feb-19 9:00:01 PM AST,0
24-Feb-19 9:15:01 PM AST,0
24-Feb-19 9:30:01 PM AST,0
24-Feb-19 9:45:01 PM AST,0
24-Feb-19 10:00:01 PM AST,0
24-Feb-19 10:15:01 PM AST,0
24-Feb-19 10:30:01 PM AST,0
24-Feb-19 10:45:01 PM AST,0
24-Feb-19 11:00:01 PM AST,0
24-Feb-19 11:15:01 PM AST,0
24-Feb-19 11:30:01 PM AST,0
24-Feb-19 11:45:01 PM AST,0
25-Feb-19 12:00:01 AM AST,0
25-Feb-19 12:15:01 AM AST,0
25-Feb-19 12:30:01 AM AST,0
25-Feb-19 12:45:01 AM AST,0
25-Feb-19 1:00:01 AM AST,0
25-Feb-19 1:15:01 AM AST,0
25-Feb-19 1:30:01 AM AST,0
25-Feb-19 1:45:01 AM AST,0
25-Feb-19 2:00:01 AM AST,0
25-Feb-19 2:15:01 AM AST,0
25-Feb-19 2:30:01 AM AST,0
25-Feb-19 2:45:01 AM AST,0
25-Feb-19 3:00:01 AM AST,0
25-Feb-19 3:15:01 AM AST,0
25-Feb-19 3:30:01 AM AST,0
25-Feb-19 3:45:02 AM AST,0
25-Feb-19 4:00:01 AM AST,0
25-Feb-19 4:15:01 AM AST,0
25-Feb-19 4:30:01 AM AST,0
25-Feb-19 4:45:02 AM AST,0
25-Feb-19 5:00:01 AM AST,0
25-Feb-19 5:15:01 AM AST,0
25-Feb-19 5:30:01 AM AST,0
25-Feb-19 5:45:01 AM AST,0
25-Feb-19 6:00:01 AM AST,0
25-Feb-19 6:15:01 AM AST,0
25-Feb-19 6:30:01 AM AST,0
25-Feb-19 6:45:01 AM AST,2
25-Feb-19 7:00:01 AM AST,1
25-Feb-19 7:15:02 AM AST,21
25-Feb-19 7:30:02 AM AST,34
25-Feb-19 7:45:02 AM AST,54
25-Feb-19 8:00:01 AM AST,91
25-Feb-19 8:15:01 AM AST,107
25-Feb-19 8:30:01 AM AST,156
25-Feb-19 8:45:01 AM AST,200
25-Feb-19 9:00:01 AM AST,187
25-Feb-19 9:15:02 AM AST,265
25-Feb-19 9:30:01 AM AST,299
25-Feb-19 9:45:01 AM AST,323
25-Feb-19 10:00:01 AM AST,356
25-Feb-19 10:15:01 AM AST,384
25-Feb-19 10:30:01 AM AST,412
25-Feb-19 10:45:01 AM AST,435
25-Feb-19 11:00:01 AM AST,470
25-Feb-19 11:15:01 AM AST,486
25-Feb-19 11:30:01 AM AST,491
25-Feb-19 11:45:02 AM AST,509
25-Feb-19 12:00:01 PM AST,463
25-Feb-19 12:15:01 PM AST,502
25-Feb-19 12:30:02 PM AST,527
25-Feb-19 12:45:01 PM AST,519
25-Feb-19 1:00:01 PM AST,489
25-Feb-19 1:15:01 PM AST,504
25-Feb-19 1:30:01 PM AST,515
25-Feb-19 1:45:01 PM AST,499
25-Feb-19 2:00:01 PM AST,494
25-Feb-19 2:15:01 PM AST,475
25-Feb-19 2:30:01 PM AST,453
25-Feb-19 2:45:02 PM AST,428
25-Feb-19 3:00:01 PM AST,398
25-Feb-19 3:15:01 PM AST,371
25-Feb-19 3:30:02 PM AST,335
25-Feb-19 3:45:01 PM AST,285
25-Feb-19 4:00:01 PM AST,187
25-Feb-19 4:15:01 PM AST,220
25-Feb-19 4:30:02 PM AST,189
25-Feb-19 4:45:01 PM AST,137
25-Feb-19 5:00:01 PM AST,120
25-Feb-19 5:15:01 PM AST,67
25-Feb-19 5:30:01 PM AST,65
25-Feb-19 5:45:01 PM AST,28
25-Feb-19 6:00:01 PM AST,6
25-Feb-19 6:15:01 PM AST,0
25-Feb-19 6:30:01 PM AST,0
25-Feb-19 6:45:01 PM AST,0
25-Feb-19 7:00:02 PM AST,0
25-Feb-19 7:15:01 PM AST,0
25-Feb-19 7:30:01 PM AST,0
25-Feb-19 7:45:01 PM AST,0
25-Feb-19 8:00:01 PM AST,0
25-Feb-19 8:15:01 PM AST,0
25-Feb-19 8:30:02 PM AST,0
25-Feb-19 8:45:01 PM AST,0
25-Feb-19 9:00:01 PM AST,0
25-Feb-19 9:15:01 PM AST,0
25-Feb-19 9:30:01 PM AST,0
25-Feb-19 9:45:01 PM AST,0
25-Feb-19 10:00:01 PM AST,0
25-Feb-19 10:15:01 PM AST,0
25-Feb-19 10:30:01 PM AST,0
25-Feb-19 10:45:02 PM AST,0
25-Feb-19 11:00:02 PM AST,0
25-Feb-19 11:15:01 PM AST,0
25-Feb-19 11:30:01 PM AST,0
25-Feb-19 11:45:01 PM AST,0
26-Feb-19 12:00:01 AM AST,0
26-Feb-19 12:15:01 AM AST,0
26-Feb-19 12:30:01 AM AST,0
26-Feb-19 12:45:01 AM AST,0
26-Feb-19 1:00:01 AM AST,0
26-Feb-19 1:15:01 AM AST,0
26-Feb-19 1:30:01 AM AST,0
26-Feb-19 1:45:01 AM AST,0
26-Feb-19 2:00:01 AM AST,0
26-Feb-19 2:15:01 AM AST,0
26-Feb-19 2:30:01 AM AST,0
26-Feb-19 2:45:01 AM AST,0
26-Feb-19 3:00:01 AM AST,0
26-Feb-19 3:15:01 AM AST,0
26-Feb-19 3:30:01 AM AST,0
26-Feb-19 3:45:01 AM AST,0
26-Feb-19 4:00:02 AM AST,0
26-Feb-19 4:15:01 AM AST,0
26-Feb-19 4:30:01 AM AST,0
26-Feb-19 4:45:01 AM AST,0
26-Feb-19 5:00:01 AM AST,0
26-Feb-19 5:15:01 AM AST,0
26-Feb-19 5:30:01 AM AST,0
26-Feb-19 5:45:01 AM AST,0
26-Feb-19 6:00:01 AM AST,0
26-Feb-19 6:15:01 AM AST,0
26-Feb-19 6:30:01 AM AST,0
26-Feb-19 6:45:01 AM AST,0
26-Feb-19 7:00:01 AM AST,2
26-Feb-19 7:15:01 AM AST,22
26-Feb-19 7:30:01 AM AST,68
26-Feb-19 7:45:01 AM AST,103
26-Feb-19 8:00:01 AM AST,73
26-Feb-19 8:15:01 AM AST,80
26-Feb-19 8:30:01 AM AST,152
26-Feb-19 8:45:01 AM AST,147
26-Feb-19 9:00:01 AM AST,272
26-Feb-19 9:15:01 AM AST,134
26-Feb-19 9:30:01 AM AST,264
26-Feb-19 9:45:01 AM AST,315
26-Feb-19 10:00:01 AM AST,329
26-Feb-19 10:15:01 AM AST,356
26-Feb-19 10:30:01 AM AST,375
26-Feb-19 10:45:01 AM AST,406
26-Feb-19 11:00:01 AM AST,432
26-Feb-19 11:15:01 AM AST,452
26-Feb-19 11:30:01 AM AST,472
26-Feb-19 11:45:01 AM AST,484
26-Feb-19 12:00:01 PM AST,493
26-Feb-19 12:15:01 PM AST,509
26-Feb-19 12:30:01 PM AST,519
26-Feb-19 12:45:02 PM AST,445
26-Feb-19 1:00:01 PM AST,437
26-Feb-19 1:15:01 PM AST,497
26-Feb-19 1:30:01 PM AST,492
26-Feb-19 1:45:02 PM AST,480
26-Feb-19 2:00:01 PM AST,433
26-Feb-19 2:15:01 PM AST,445
26-Feb-19 2:30:01 PM AST,428
26-Feb-19 2:45:02 PM AST,410
26-Feb-19 3:00:01 PM AST,397
26-Feb-19 3:15:01 PM AST,357
26-Feb-19 3:30:01 PM AST,321
26-Feb-19 3:45:01 PM AST,286
26-Feb-19 4:00:01 PM AST,256
26-Feb-19 4:15:01 PM AST,188
26-Feb-19 4:30:01 PM AST,134
26-Feb-19 4:45:01 PM AST,122
26-Feb-19 5:00:01 PM AST,80
26-Feb-19 5:15:01 PM AST,43
26-Feb-19 5:30:02 PM AST,53
26-Feb-19 5:45:01 PM AST,30
26-Feb-19 6:00:02 PM AST,3
26-Feb-19 6:15:01 PM AST,2
26-Feb-19 6:30:01 PM AST,0
26-Feb-19 6:45:01 PM AST,0
26-Feb-19 7:00:01 PM AST,0
26-Feb-19 7:15:01 PM AST,0
26-Feb-19 7:30:01 PM AST,0
26-Feb-19 7:45:01 PM AST,0
26-Feb-19 8:00:01 PM AST,0
26-Feb-19 8:15:01 PM AST,0
26-Feb-19 8:30:01 PM AST,0
26-Feb-19 8:45:01 PM AST,0
26-Feb-19 9:00:01 PM AST,0
26-Feb-19 9:15:01 PM AST,0
26-Feb-19 9:30:01 PM AST,0
26-Feb-19 9:45:01 PM AST,0
26-Feb-19 10:00:02 PM AST,0
26-Feb-19 10:15:01 PM AST,0
26-Feb-19 10:30:01 PM AST,0
26-Feb-19 10:45:02 PM AST,0
26-Feb-19 11:00:01 PM AST,0
26-Feb-19 11:15:01 PM AST,0
26-Feb-19 11:30:01 PM AST,0
26-Feb-19 11:45:02 PM AST,0
27-Feb-19 12:00:01 AM AST,0
27-Feb-19 12:15:01 AM AST,0
27-Feb-19 12:30:01 AM AST,0
27-Feb-19 12:45:01 AM AST,0
27-Feb-19 1:00:01 AM AST,0
27-Feb-19 1:15:01 AM AST,0
27-Feb-19 1:30:01 AM AST,0
27-Feb-19 1:45:01 AM AST,0
27-Feb-19 2:00:01 AM AST,0
27-Feb-19 2:15:01 AM AST,0
27-Feb-19 2:30:01 AM AST,0
27-Feb-19 2:45:01 AM AST,0
27-Feb-19 3:00:01 AM AST,0
27-Feb-19 3:15:01 AM AST,0
27-Feb-19 3:30:01 AM AST,0
27-Feb-19 3:45:01 AM AST,0
27-Feb-19 4:00:01 AM AST,0
27-Feb-19 4:15:02 AM AST,0
27-Feb-19 4:30:01 AM AST,0
27-Feb-19 4:45:02 AM AST,0
27-Feb-19 5:00:01 AM AST,0
27-Feb-19 5:15:01 AM AST,0
27-Feb-19 5:30:01 AM AST,0
27-Feb-19 5:45:01 AM AST,0
27-Feb-19 6:00:01 AM AST,0
27-Feb-19 6:15:01 AM AST,0
27-Feb-19 6:30:01 AM AST,0
27-Feb-19 6:45:01 AM AST,0
27-Feb-19 7:00:01 AM AST,0
27-Feb-19 7:15:02 AM AST,6
27-Feb-19 7:30:01 AM AST,15
27-Feb-19 7:45:01 AM AST,35
27-Feb-19 8:00:01 AM AST,59
27-Feb-19 8:15:02 AM AST,77
27-Feb-19 8:30:01 AM AST,85
27-Feb-19 8:45:02 AM AST,100
27-Feb-19 9:00:01 AM AST,113
27-Feb-19 9:15:01 AM AST,187
27-Feb-19 9:30:02 AM AST,304
27-Feb-19 9:45:02 AM AST,245
27-Feb-19 10:00:01 AM AST,293
27-Feb-19 10:15:01 AM AST,398
27-Feb-19 10:30:01 AM AST,338
27-Feb-19 10:45:01 AM AST,446
27-Feb-19 11:00:01 AM AST,327
27-Feb-19 11:15:01 AM AST,425
27-Feb-19 11:30:01 AM AST,370
27-Feb-19 11:45:01 AM AST,344
27-Feb-19 12:00:01 PM AST,572
27-Feb-19 12:15:01 PM AST,571
27-Feb-19 12:30:01 PM AST,538
27-Feb-19 12:45:01 PM AST,567
27-Feb-19 1:00:01 PM AST,534
27-Feb-19 1:15:02 PM AST,487
27-Feb-19 1:30:01 PM AST,466
27-Feb-19 1:45:01 PM AST,362
27-Feb-19 2:00:01 PM AST,438
27-Feb-19 2:15:01 PM AST,536
27-Feb-19 2:30:02 PM AST,249
27-Feb-19 2:45:01 PM AST,284
27-Feb-19 3:00:01 PM AST,239
27-Feb-19 3:15:02 PM AST,282
27-Feb-19 3:30:01 PM AST,138
27-Feb-19 3:45:02 PM AST,128
27-Feb-19 4:00:01 PM AST,137
27-Feb-19 4:15:01 PM AST,123
27-Feb-19 4:30:01 PM AST,45
27-Feb-19 4:45:01 PM AST,35
27-Feb-19 5:00:02 PM AST,27
27-Feb-19 5:15:02 PM AST,18
27-Feb-19 5:30:02 PM AST,11
27-Feb-19 5:45:01 PM AST,6
27-Feb-19 6:00:01 PM AST,2
27-Feb-19 6:15:01 PM AST,0
27-Feb-19 6:30:01 PM AST,0
27-Feb-19 6:45:01 PM AST,0
27-Feb-19 7:00:01 PM AST,0
27-Feb-19 7:15:01 PM AST,0
27-Feb-19 7:30:01 PM AST,0
27-Feb-19 7:45:01 PM AST,0
27-Feb-19 8:00:01 PM AST,0
27-Feb-19 8:15:01 PM AST,0
27-Feb-19 8:30:01 PM AST,0
27-Feb-19 8:45:01 PM AST,0
27-Feb-19 9:00:01 PM AST,0
27-Feb-19 9:15:01 PM AST,0
27-Feb-19 9:30:01 PM AST,0
27-Feb-19 9:45:01 PM AST,0
27-Feb-19 10:00:01 PM AST,0
27-Feb-19 10:15:01 PM AST,0
27-Feb-19 10:30:01 PM AST,0
27-Feb-19 10:45:01 PM AST,0
27-Feb-19 11:00:01 PM AST,0
27-Feb-19 11:15:01 PM AST,0
27-Feb-19 11:30:01 PM AST,0
27-Feb-19 11:45:02 PM AST,0
28-Feb-19 12:00:01 AM AST,0
28-Feb-19 12:15:02 AM AST,0
28-Feb-19 12:30:01 AM AST,0
28-Feb-19 12:45:01 AM AST,0
28-Feb-19 1:00:01 AM AST,0
28-Feb-19 1:15:01 AM AST,0
28-Feb-19 1:30:01 AM AST,0
28-Feb-19 1:45:01 AM AST,0
28-Feb-19 2:00:01 AM AST,0
28-Feb-19 2:15:01 AM AST,0
28-Feb-19 2:30:02 AM AST,0
28-Feb-19 2:45:01 AM AST,0
28-Feb-19 3:00:02 AM AST,0
28-Feb-19 3:15:02 AM AST,0
28-Feb-19 3:30:02 AM AST,0
28-Feb-19 3:45:01 AM AST,0
28-Feb-19 4:00:01 AM AST,0
28-Feb-19 4:15:01 AM AST,0
28-Feb-19 4:30:01 AM AST,0
28-Feb-19 4:45:01 AM AST,0
28-Feb-19 5:00:01 AM AST,0
28-Feb-19 5:15:01 AM AST,0
28-Feb-19 5:30:02 AM AST,0
28-Feb-19 5:45:01 AM AST,0
28-Feb-19 6:00:01 AM AST,0
28-Feb-19 6:15:01 AM AST,0
28-Feb-19 6:30:02 AM AST,0
28-Feb-19 6:45:01 AM AST,5
28-Feb-19 7:00:02 AM AST,2
28-Feb-19 7:15:01 AM AST,16
28-Feb-19 7:30:01 AM AST,39
28-Feb-19 7:45:02 AM AST,30
28-Feb-19 8:00:01 AM AST,90
28-Feb-19 8:15:01 AM AST,129
28-Feb-19 8:30:02 AM AST,173
28-Feb-19 8:45:01 AM AST,214
28-Feb-19 9:00:01 AM AST,257
28-Feb-19 9:15:02 AM AST,296
28-Feb-19 9:30:01 AM AST,328
28-Feb-19 9:45:01 AM AST,351
28-Feb-19 10:00:01 AM AST,387
28-Feb-19 10:15:01 AM AST,444
28-Feb-19 10:30:01 AM AST,363
28-Feb-19 10:45:01 AM AST,472
28-Feb-19 11:00:01 AM AST,507
28-Feb-19 11:15:01 AM AST,532
28-Feb-19 11:30:02 AM AST,566
28-Feb-19 11:45:01 AM AST,466
28-Feb-19 12:00:01 PM AST,565
28-Feb-19 12:15:01 PM AST,560
28-Feb-19 12:30:01 PM AST,566
28-Feb-19 12:45:01 PM AST,572
28-Feb-19 1:00:01 PM AST,562
28-Feb-19 1:15:01 PM AST,568
28-Feb-19 1:30:01 PM AST,557
28-Feb-19 1:45:01 PM AST,550
28-Feb-19 2:00:01 PM AST,538
28-Feb-19 2:15:01 PM AST,518
28-Feb-19 2:30:01 PM AST,506
28-Feb-19 2:45:01 PM AST,501
28-Feb-19 3:00:01 PM AST,420
28-Feb-19 3:15:02 PM AST,468
28-Feb-19 3:30:02 PM AST,333
28-Feb-19 3:45:01 PM AST,361
28-Feb-19 4:00:01 PM AST,354
28-Feb-19 4:15:01 PM AST,279
28-Feb-19 4:30:01 PM AST,246
28-Feb-19 4:45:01 PM AST,209
28-Feb-19 5:00:01 PM AST,168
28-Feb-19 5:15:01 PM AST,38
28-Feb-19 5:30:01 PM AST,53
28-Feb-19 5:45:01 PM AST,48
28-Feb-19 6:00:01 PM AST,8
28-Feb-19 6:15:01 PM AST,4
28-Feb-19 6:30:01 PM AST,2
28-Feb-19 6:45:01 PM AST,0
28-Feb-19 7:00:01 PM AST,0
28-Feb-19 7:15:01 PM AST,0
28-Feb-19 7:30:01 PM AST,0
28-Feb-19 7:45:01 PM AST,0
28-Feb-19 8:00:01 PM AST,0
28-Feb-19 8:15:01 PM AST,0
28-Feb-19 8:30:01 PM AST,0
28-Feb-19 8:45:01 PM AST,0
28-Feb-19 9:00:01 PM AST,0
28-Feb-19 9:15:01 PM AST,0
28-Feb-19 9:30:02 PM AST,0
28-Feb-19 9:45:02 PM AST,0
28-Feb-19 10:00:02 PM AST,0
28-Feb-19 10:15:01 PM AST,0
28-Feb-19 10:30:01 PM AST,0
28-Feb-19 10:45:01 PM AST,0
28-Feb-19 11:00:01 PM AST,0
28-Feb-19 11:15:01 PM AST,0
28-Feb-19 11:30:01 PM AST,0
28-Feb-19 11:45:01 PM AST,0
01-Mar-19 12:00:01 AM AST,0
01-Mar-19 12:15:01 AM AST,0
01-Mar-19 12:30:02 AM AST,0
01-Mar-19 12:45:01 AM AST,0
01-Mar-19 1:00:01 AM AST,0
01-Mar-19 1:15:01 AM AST,0
01-Mar-19 1:30:01 AM AST,0
01-Mar-19 1:45:01 AM AST,0
01-Mar-19 2:00:01 AM AST,0
01-Mar-19 2:15:01 AM AST,0
01-Mar-19 2:30:01 AM AST,0
01-Mar-19 2:45:01 AM AST,0
01-Mar-19 3:00:01 AM AST,0
01-Mar-19 3:15:01 AM AST,0
01-Mar-19 3:30:01 AM AST,0
01-Mar-19 3:45:01 AM AST,0
01-Mar-19 4:00:01 AM AST,0
01-Mar-19 4:15:01 AM AST,0
01-Mar-19 4:30:02 AM AST,0
01-Mar-19 4:45:01 AM AST,0
01-Mar-19 5:00:01 AM AST,0
01-Mar-19 5:15:01 AM AST,0
01-Mar-19 5:30:02 AM AST,0
01-Mar-19 5:45:01 AM AST,0
01-Mar-19 6:00:01 AM AST,0
01-Mar-19 6:15:01 AM AST,0
01-Mar-19 6:30:01 AM AST,0
01-Mar-19 6:45:01 AM AST,0
01-Mar-19 7:00:02 AM AST,8
01-Mar-19 7:15:01 AM AST,25
01-Mar-19 7:30:01 AM AST,50
01-Mar-19 7:45:01 AM AST,72
01-Mar-19 8:00:01 AM AST,97
01-Mar-19 8:15:01 AM AST,133
01-Mar-19 8:30:02 AM AST,183
01-Mar-19 8:45:01 AM AST,222
01-Mar-19 9:00:02 AM AST,273
01-Mar-19 9:15:01 AM AST,320
01-Mar-19 9:30:01 AM AST,360
01-Mar-19 9:45:01 AM AST,387
01-Mar-19 10:00:02 AM AST,415
01-Mar-19 10:15:02 AM AST,444
01-Mar-19 10:30:01 AM AST,464
01-Mar-19 10:45:02 AM AST,491
01-Mar-19 11:00:01 AM AST,529
01-Mar-19 11:15:01 AM AST,547
01-Mar-19 11:30:01 AM AST,550
01-Mar-19 11:45:03 AM AST,569
01-Mar-19 12:00:01 PM AST,584
01-Mar-19 12:15:01 PM AST,590
01-Mar-19 12:30:01 PM AST,589
01-Mar-19 12:45:01 PM AST,591
01-Mar-19 1:00:01 PM AST,590
01-Mar-19 1:15:01 PM AST,580
01-Mar-19 1:30:01 PM AST,571
01-Mar-19 1:45:01 PM AST,564
01-Mar-19 2:00:01 PM AST,542
01-Mar-19 2:15:01 PM AST,528
01-Mar-19 2:30:01 PM AST,516
01-Mar-19 2:45:01 PM AST,478
01-Mar-19 3:00:01 PM AST,452
01-Mar-19 3:15:01 PM AST,424
01-Mar-19 3:30:01 PM AST,396
01-Mar-19 3:45:02 PM AST,356
01-Mar-19 4:00:01 PM AST,322
01-Mar-19 4:15:01 PM AST,275
01-Mar-19 4:30:01 PM AST,222
01-Mar-19 4:45:01 PM AST,192
01-Mar-19 5:00:02 PM AST,138
01-Mar-19 5:15:01 PM AST,112
01-Mar-19 5:30:01 PM AST,83
01-Mar-19 5:45:01 PM AST,44
01-Mar-19 6:00:01 PM AST,8
01-Mar-19 6:15:01 PM AST,2
01-Mar-19 6:30:01 PM AST,1
01-Mar-19 6:45:01 PM AST,0
01-Mar-19 7:00:01 PM AST,0
01-Mar-19 7:15:01 PM AST,0
01-Mar-19 7:30:01 PM AST,0
01-Mar-19 7:45:01 PM AST,0
01-Mar-19 8:00:01 PM AST,0
01-Mar-19 8:15:02 PM AST,0
01-Mar-19 8:30:01 PM AST,0
01-Mar-19 8:45:01 PM AST,0
01-Mar-19 9:00:02 PM AST,0
01-Mar-19 9:15:01 PM AST,0
01-Mar-19 9:30:02 PM AST,0
01-Mar-19 9:45:02 PM AST,0
01-Mar-19 10:00:01 PM AST,0
01-Mar-19 10:15:01 PM AST,0
01-Mar-19 10:30:01 PM AST,0
01-Mar-19 10:45:01 PM AST,0
01-Mar-19 11:00:01 PM AST,0
01-Mar-19 11:15:01 PM AST,0
01-Mar-19 11:30:02 PM AST,0
01-Mar-19 11:45:01 PM AST,0
02-Mar-19 12:00:01 AM AST,0
02-Mar-19 12:15:01 AM AST,0
02-Mar-19 12:30:01 AM AST,0
02-Mar-19 12:45:02 AM AST,0
02-Mar-19 1:00:01 AM AST,0
02-Mar-19 1:15:01 AM AST,0
02-Mar-19 1:30:01 AM AST,0
02-Mar-19 1:45:01 AM AST,0
02-Mar-19 2:00:01 AM AST,0
02-Mar-19 2:15:01 AM AST,0
02-Mar-19 2:30:01 AM AST,0
02-Mar-19 2:45:01 AM AST,0
02-Mar-19 3:00:01 AM AST,0
02-Mar-19 3:15:01 AM AST,0
02-Mar-19 3:30:02 AM AST,0
02-Mar-19 3:45:01 AM AST,0
02-Mar-19 4:00:01 AM AST,0
02-Mar-19 4:15:01 AM AST,0
02-Mar-19 4:30:01 AM AST,0
02-Mar-19 4:45:02 AM AST,0
02-Mar-19 5:00:01 AM AST,0
02-Mar-19 5:15:01 AM AST,0
02-Mar-19 5:30:01 AM AST,0
02-Mar-19 5:45:01 AM AST,0
02-Mar-19 6:00:01 AM AST,0
02-Mar-19 6:15:01 AM AST,0
02-Mar-19 6:30:02 AM AST,0
02-Mar-19 6:45:01 AM AST,3
02-Mar-19 7:00:01 AM AST,8
02-Mar-19 7:15:02 AM AST,38
02-Mar-19 7:30:01 AM AST,78
02-Mar-19 7:45:01 AM AST,118
02-Mar-19 8:00:02 AM AST,144
02-Mar-19 8:15:01 AM AST,171
02-Mar-19 8:30:01 AM AST,217
02-Mar-19 8:45:01 AM AST,204
02-Mar-19 9:00:01 AM AST,269
02-Mar-19 9:15:02 AM AST,279
02-Mar-19 9:30:01 AM AST,373
02-Mar-19 9:45:01 AM AST,316
02-Mar-19 10:00:01 AM AST,417
02-Mar-19 10:15:01 AM AST,418
02-Mar-19 10:30:01 AM AST,495
02-Mar-19 10:45:01 AM AST,518
02-Mar-19 11:00:01 AM AST,398
02-Mar-19 11:15:01 AM AST,411
02-Mar-19 11:30:01 AM AST,698
02-Mar-19 11:45:02 AM AST,462
02-Mar-19 12:00:01 PM AST,438
02-Mar-19 12:15:01 PM AST,426
02-Mar-19 12:30:02 PM AST,548
02-Mar-19 12:45:01 PM AST,384
02-Mar-19 1:00:01 PM AST,623
02-Mar-19 1:15:02 PM AST,479
02-Mar-19 1:30:02 PM AST,640
02-Mar-19 1:45:01 PM AST,582
02-Mar-19 2:00:01 PM AST,600
02-Mar-19 2:15:01 PM AST,576
02-Mar-19 2:30:01 PM AST,540
02-Mar-19 2:45:02 PM AST,518
02-Mar-19 3:00:01 PM AST,343
02-Mar-19 3:15:02 PM AST,466
02-Mar-19 3:30:01 PM AST,425
02-Mar-19 3:45:01 PM AST,385
02-Mar-19 4:00:01 PM AST,340
02-Mar-19 4:15:01 PM AST,331
02-Mar-19 4:30:01 PM AST,332
02-Mar-19 4:45:01 PM AST,259
02-Mar-19 5:00:01 PM AST,114
02-Mar-19 5:15:01 PM AST,65
02-Mar-19 5:30:01 PM AST,43
02-Mar-19 5:45:01 PM AST,17
02-Mar-19 6:00:02 PM AST,4
02-Mar-19 6:15:01 PM AST,1
02-Mar-19 6:30:01 PM AST,3
02-Mar-19 6:45:01 PM AST,0
02-Mar-19 7:00:01 PM AST,0
02-Mar-19 7:15:01 PM AST,0
02-Mar-19 7:30:01 PM AST,0
02-Mar-19 7:45:02 PM AST,0
02-Mar-19 8:00:01 PM AST,0
02-Mar-19 8:15:01 PM AST,0
02-Mar-19 8:30:01 PM AST,0
02-Mar-19 8:45:01 PM AST,0
02-Mar-19 9:00:01 PM AST,0
02-Mar-19 9:15:02 PM AST,0
02-Mar-19 9:30:01 PM AST,0
02-Mar-19 9:45:01 PM AST,0
02-Mar-19 10:00:01 PM AST,0
02-Mar-19 10:15:01 PM AST,0
02-Mar-19 10:30:01 PM AST,0
02-Mar-19 10:45:01 PM AST,0
02-Mar-19 11:00:02 PM AST,0
02-Mar-19 11:15:02 PM AST,0
02-Mar-19 11:30:02 PM AST,0
02-Mar-19 11:45:01 PM AST,0
03-Mar-19 12:00:01 AM AST,0
03-Mar-19 12:15:02 AM AST,0
03-Mar-19 12:30:01 AM AST,0
03-Mar-19 12:45:01 AM AST,0
03-Mar-19 1:00:01 AM AST,0
03-Mar-19 1:15:01 AM AST,0
03-Mar-19 1:30:01 AM AST,0
03-Mar-19 1:45:01 AM AST,0
03-Mar-19 2:00:01 AM AST,0
03-Mar-19 2:15:01 AM AST,0
03-Mar-19 2:30:01 AM AST,0
03-Mar-19 2:45:02 AM AST,0
03-Mar-19 3:00:01 AM AST,0
03-Mar-19 3:15:01 AM AST,0
03-Mar-19 3:30:02 AM AST,0
03-Mar-19 3:45:01 AM AST,0
03-Mar-19 4:00:01 AM AST,0
03-Mar-19 4:15:01 AM AST,0
03-Mar-19 4:30:01 AM AST,0
03-Mar-19 4:45:01 AM AST,0
03-Mar-19 5:00:01 AM AST,0
03-Mar-19 5:15:01 AM AST,0
03-Mar-19 5:30:02 AM AST,0
03-Mar-19 5:45:01 AM AST,0
03-Mar-19 6:00:01 AM AST,0
03-Mar-19 6:15:01 AM AST,0
03-Mar-19 6:30:01 AM AST,0
03-Mar-19 6:45:01 AM AST,0
03-Mar-19 7:00:01 AM AST,4
03-Mar-19 7:15:02 AM AST,8
03-Mar-19 7:30:01 AM AST,47
03-Mar-19 7:45:01 AM AST,75
03-Mar-19 8:00:02 AM AST,105
03-Mar-19 8:15:01 AM AST,146
03-Mar-19 8:30:01 AM AST,190
03-Mar-19 8:45:01 AM AST,234
03-Mar-19 9:00:01 AM AST,284
03-Mar-19 9:15:01 AM AST,319
03-Mar-19 9:30:01 AM AST,349
03-Mar-19 9:45:01 AM AST,378
03-Mar-19 10:00:01 AM AST,412
03-Mar-19 10:15:01 AM AST,444
03-Mar-19 10:30:02 AM AST,464
03-Mar-19 10:45:01 AM AST,496
03-Mar-19 11:00:01 AM AST,535
03-Mar-19 11:15:01 AM AST,543
03-Mar-19 11:30:02 AM AST,555
03-Mar-19 11:45:01 AM AST,565
03-Mar-19 12:00:01 PM AST,581
03-Mar-19 12:15:01 PM AST,589
03-Mar-19 12:30:02 PM AST,592
03-Mar-19 12:45:01 PM AST,610
03-Mar-19 1:00:01 PM AST,602
03-Mar-19 1:15:01 PM AST,594
03-Mar-19 1:30:01 PM AST,589
03-Mar-19 1:45:01 PM AST,582
03-Mar-19 2:00:01 PM AST,559
03-Mar-19 2:15:01 PM AST,539
03-Mar-19 2:30:01 PM AST,539
03-Mar-19 2:45:01 PM AST,493
03-Mar-19 3:00:01 PM AST,464
03-Mar-19 3:15:01 PM AST,438
03-Mar-19 3:30:01 PM AST,401
03-Mar-19 3:45:01 PM AST,366
03-Mar-19 4:00:01 PM AST,334
03-Mar-19 4:15:01 PM AST,303
03-Mar-19 4:30:01 PM AST,258
03-Mar-19 4:45:01 PM AST,205
03-Mar-19 5:00:02 PM AST,163
03-Mar-19 5:15:02 PM AST,120
03-Mar-19 5:30:01 PM AST,79
03-Mar-19 5:45:02 PM AST,46
03-Mar-19 6:00:02 PM AST,22
03-Mar-19 6:15:01 PM AST,1
03-Mar-19 6:30:02 PM AST,4
03-Mar-19 6:45:01 PM AST,0
03-Mar-19 7:00:01 PM AST,0
03-Mar-19 7:15:02 PM AST,0
03-Mar-19 7:30:01 PM AST,0
03-Mar-19 7:45:01 PM AST,0
03-Mar-19 8:00:02 PM AST,0
03-Mar-19 8:15:01 PM AST,0
03-Mar-19 8:30:02 PM AST,0
03-Mar-19 8:45:01 PM AST,0
03-Mar-19 9:00:01 PM AST,0
03-Mar-19 9:15:01 PM AST,0
03-Mar-19 9:30:01 PM AST,0
03-Mar-19 9:45:02 PM AST,0
03-Mar-19 10:00:01 PM AST,0
03-Mar-19 10:15:01 PM AST,0
03-Mar-19 10:30:01 PM AST,0
03-Mar-19 10:45:01 PM AST,0
03-Mar-19 11:00:01 PM AST,0
03-Mar-19 11:15:01 PM AST,0
03-Mar-19 11:30:01 PM AST,0
03-Mar-19 11:45:01 PM AST,0
04-Mar-19 12:00:01 AM AST,0
04-Mar-19 12:15:01 AM AST,0
04-Mar-19 12:30:02 AM AST,0
04-Mar-19 12:45:01 AM AST,0
04-Mar-19 1:00:01 AM AST,0
04-Mar-19 1:15:01 AM AST,0
04-Mar-19 1:30:01 AM AST,0
04-Mar-19 1:45:01 AM AST,0
04-Mar-19 2:00:01 AM AST,0
04-Mar-19 2:15:01 AM AST,0
04-Mar-19 2:30:02 AM AST,0
04-Mar-19 2:45:01 AM AST,0
04-Mar-19 3:00:01 AM AST,0
04-Mar-19 3:15:01 AM AST,0
04-Mar-19 3:30:01 AM AST,0
04-Mar-19 3:45:01 AM AST,0
04-Mar-19 4:00:02 AM AST,0
04-Mar-19 4:15:02 AM AST,0
04-Mar-19 4:30:01 AM AST,0
04-Mar-19 4:45:01 AM AST,0
04-Mar-19 5:00:01 AM AST,0
04-Mar-19 5:15:01 AM AST,0
04-Mar-19 5:30:01 AM AST,0
04-Mar-19 5:45:01 AM AST,0
04-Mar-19 6:00:02 AM AST,0
04-Mar-19 6:15:01 AM AST,0
04-Mar-19 6:30:01 AM AST,0
04-Mar-19 6:45:01 AM AST,1
04-Mar-19 7:00:01 AM AST,9
04-Mar-19 7:15:01 AM AST,27
04-Mar-19 7:30:01 AM AST,56
04-Mar-19 7:45:01 AM AST,75
04-Mar-19 8:00:01 AM AST,94
04-Mar-19 8:15:02 AM AST,136
04-Mar-19 8:30:01 AM AST,189
04-Mar-19 8:45:01 AM AST,227
04-Mar-19 9:00:01 AM AST,282
04-Mar-19 9:15:01 AM AST,328
04-Mar-19 9:30:01 AM AST,365
04-Mar-19 9:45:01 AM AST,393
04-Mar-19 10:00:01 AM AST,426
04-Mar-19 10:15:01 AM AST,449
04-Mar-19 10:30:01 AM AST,478
04-Mar-19 10:45:01 AM AST,499
04-Mar-19 11:00:01 AM AST,549
04-Mar-19 11:15:01 AM AST,573
04-Mar-19 11:30:01 AM AST,584
04-Mar-19 11:45:01 AM AST,594
04-Mar-19 12:00:02 PM AST,607
04-Mar-19 12:15:01 PM AST,613
04-Mar-19 12:30:01 PM AST,612
04-Mar-19 12:45:01 PM AST,622
04-Mar-19 1:00:01 PM AST,621
04-Mar-19 1:15:01 PM AST,609
04-Mar-19 1:30:01 PM AST,606
04-Mar-19 1:45:01 PM AST,596
04-Mar-19 2:00:02 PM AST,575
04-Mar-19 2:15:01 PM AST,566
04-Mar-19 2:30:01 PM AST,542
04-Mar-19 2:45:01 PM AST,530
04-Mar-19 3:00:01 PM AST,501
04-Mar-19 3:15:01 PM AST,469
04-Mar-19 3:30:02 PM AST,429
04-Mar-19 3:45:01 PM AST,394
04-Mar-19 4:00:01 PM AST,357
04-Mar-19 4:15:02 PM AST,316
04-Mar-19 4:30:01 PM AST,279
04-Mar-19 4:45:01 PM AST,228
04-Mar-19 5:00:01 PM AST,193
04-Mar-19 5:15:01 PM AST,142
04-Mar-19 5:30:01 PM AST,94
04-Mar-19 5:45:01 PM AST,54
04-Mar-19 6:00:01 PM AST,19
04-Mar-19 6:15:01 PM AST,0
04-Mar-19 6:30:02 PM AST,1
04-Mar-19 6:45:02 PM AST,0
04-Mar-19 7:00:02 PM AST,0
04-Mar-19 7:15:01 PM AST,0
04-Mar-19 7:30:01 PM AST,0
04-Mar-19 7:45:01 PM AST,0
04-Mar-19 8:00:01 PM AST,0
04-Mar-19 8:15:01 PM AST,0
04-Mar-19 8:30:01 PM AST,0
04-Mar-19 8:45:01 PM AST,0
04-Mar-19 9:00:02 PM AST,0
04-Mar-19 9:15:01 PM AST,0
04-Mar-19 9:30:01 PM AST,0
04-Mar-19 9:45:01 PM AST,0
04-Mar-19 10:00:02 PM AST,0
04-Mar-19 10:15:01 PM AST,0
04-Mar-19 10:30:01 PM AST,0
04-Mar-19 10:45:01 PM AST,0
04-Mar-19 11:00:02 PM AST,0
04-Mar-19 11:15:01 PM AST,0
04-Mar-19 11:30:02 PM AST,0
04-Mar-19 11:45:02 PM AST,0
05-Mar-19 12:00:01 AM AST,0
05-Mar-19 12:15:02 AM AST,0
05-Mar-19 12:30:01 AM AST,0
05-Mar-19 12:45:02 AM AST,0
05-Mar-19 1:00:01 AM AST,0
05-Mar-19 1:15:01 AM AST,0
05-Mar-19 1:30:01 AM AST,0
05-Mar-19 1:45:01 AM AST,0
05-Mar-19 2:00:01 AM AST,0
05-Mar-19 2:15:01 AM AST,0
05-Mar-19 2:30:01 AM AST,0
05-Mar-19 2:45:02 AM AST,0
05-Mar-19 3:00:01 AM AST,0
05-Mar-19 3:15:02 AM AST,0
05-Mar-19 3:30:01 AM AST,0
05-Mar-19 3:45:01 AM AST,0
05-Mar-19 4:00:01 AM AST,0
05-Mar-19 4:15:01 AM AST,0
05-Mar-19 4:30:01 AM AST,0
05-Mar-19 4:45:01 AM AST,0
05-Mar-19 5:00:01 AM AST,0
05-Mar-19 5:15:02 AM AST,0
05-Mar-19 5:30:01 AM AST,0
05-Mar-19 5:45:02 AM AST,0
05-Mar-19 6:00:01 AM AST,0
05-Mar-19 6:15:01 AM AST,0
05-Mar-19 6:30:01 AM AST,0
05-Mar-19 6:45:01 AM AST,3
05-Mar-19 7:00:02 AM AST,8
05-Mar-19 7:15:01 AM AST,25
05-Mar-19 7:30:01 AM AST,56
05-Mar-19 7:45:01 AM AST,84
05-Mar-19 8:00:01 AM AST,121
05-Mar-19 8:15:02 AM AST,155
05-Mar-19 8:30:01 AM AST,205
05-Mar-19 8:45:01 AM AST,237
05-Mar-19 9:00:01 AM AST,289
05-Mar-19 9:15:01 AM AST,334
05-Mar-19 9:30:01 AM AST,373
05-Mar-19 9:45:01 AM AST,403
05-Mar-19 10:00:02 AM AST,435
05-Mar-19 10:15:01 AM AST,470
05-Mar-19 10:30:01 AM AST,486
05-Mar-19 10:45:02 AM AST,508
05-Mar-19 11:00:01 AM AST,530
05-Mar-19 11:15:01 AM AST,552
05-Mar-19 11:30:01 AM AST,579
05-Mar-19 11:45:01 AM AST,594
05-Mar-19 12:00:01 PM AST,604
05-Mar-19 12:15:01 PM AST,611
05-Mar-19 12:30:01 PM AST,613
05-Mar-19 12:45:01 PM AST,608
05-Mar-19 1:00:02 PM AST,604
05-Mar-19 1:15:01 PM AST,600
05-Mar-19 1:30:01 PM AST,594
05-Mar-19 1:45:01 PM AST,580
05-Mar-19 2:00:01 PM AST,569
05-Mar-19 2:15:01 PM AST,553
05-Mar-19 2:30:01 PM AST,528
05-Mar-19 2:45:01 PM AST,505
05-Mar-19 3:00:01 PM AST,481
05-Mar-19 3:15:02 PM AST,458
05-Mar-19 3:30:01 PM AST,421
05-Mar-19 3:45:01 PM AST,390
05-Mar-19 4:00:01 PM AST,352
05-Mar-19 4:15:01 PM AST,307
05-Mar-19 4:30:01 PM AST,261
05-Mar-19 4:45:01 PM AST,216
05-Mar-19 5:00:02 PM AST,163
05-Mar-19 5:15:01 PM AST,127
05-Mar-19 5:30:01 PM AST,85
05-Mar-19 5:45:01 PM AST,62
05-Mar-19 6:00:02 PM AST,24
05-Mar-19 6:15:01 PM AST,0
05-Mar-19 6:30:01 PM AST,1
05-Mar-19 6:45:02 PM AST,0
05-Mar-19 7:00:01 PM AST,0
05-Mar-19 7:15:01 PM AST,0
05-Mar-19 7:30:01 PM AST,0
05-Mar-19 7:45:01 PM AST,0
05-Mar-19 8:00:01 PM AST,0
05-Mar-19 8:15:02 PM AST,0
05-Mar-19 8:30:02 PM AST,0
05-Mar-19 8:45:01 PM AST,0
05-Mar-19 9:00:01 PM AST,0
05-Mar-19 9:15:01 PM AST,0
05-Mar-19 9:30:01 PM AST,0
05-Mar-19 9:45:02 PM AST,0
05-Mar-19 10:00:01 PM AST,0
05-Mar-19 10:15:02 PM AST,0
05-Mar-19 10:30:01 PM AST,0
05-Mar-19 10:45:01 PM AST,0
05-Mar-19 11:00:01 PM AST,0
05-Mar-19 11:15:01 PM AST,0
05-Mar-19 11:30:01 PM AST,0
05-Mar-19 11:45:01 PM AST,0
06-Mar-19 12:00:01 AM AST,0
06-Mar-19 12:15:01 AM AST,0
06-Mar-19 12:30:02 AM AST,0
06-Mar-19 12:45:01 AM AST,0
06-Mar-19 1:00:01 AM AST,0
06-Mar-19 1:15:01 AM AST,0
06-Mar-19 1:30:01 AM AST,0
06-Mar-19 1:45:01 AM AST,0
06-Mar-19 2:00:01 AM AST,0
06-Mar-19 2:15:01 AM AST,0
06-Mar-19 2:30:01 AM AST,0
06-Mar-19 2:45:01 AM AST,0
06-Mar-19 3:00:01 AM AST,0
06-Mar-19 3:15:01 AM AST,0
06-Mar-19 3:30:01 AM AST,0
06-Mar-19 3:45:01 AM AST,0
06-Mar-19 4:00:01 AM AST,0
06-Mar-19 4:15:01 AM AST,0
06-Mar-19 4:30:01 AM AST,0
06-Mar-19 4:45:01 AM AST,0
06-Mar-19 5:00:01 AM AST,0
06-Mar-19 5:15:02 AM AST,0
06-Mar-19 5:30:01 AM AST,0
06-Mar-19 5:45:01 AM AST,0
06-Mar-19 6:00:01 AM AST,0
06-Mar-19 6:15:02 AM AST,0
06-Mar-19 6:30:01 AM AST,0
06-Mar-19 6:45:02 AM AST,3
06-Mar-19 7:00:01 AM AST,8
06-Mar-19 7:15:01 AM AST,18
06-Mar-19 7:30:01 AM AST,48
06-Mar-19 7:45:02 AM AST,78
06-Mar-19 8:00:01 AM AST,113
06-Mar-19 8:15:02 AM AST,159
06-Mar-19 8:30:01 AM AST,210
06-Mar-19 8:45:01 AM AST,256
06-Mar-19 9:00:01 AM AST,293
06-Mar-19 9:15:01 AM AST,338
06-Mar-19 9:30:02 AM AST,361
06-Mar-19 9:45:01 AM AST,395
06-Mar-19 10:00:01 AM AST,433
06-Mar-19 10:15:02 AM AST,465
06-Mar-19 10:30:01 AM AST,485
06-Mar-19 10:45:01 AM AST,517
06-Mar-19 11:00:01 AM AST,546
06-Mar-19 11:15:01 AM AST,555
06-Mar-19 11:30:01 AM AST,574
06-Mar-19 11:45:01 AM AST,596
06-Mar-19 12:00:01 PM AST,595
06-Mar-19 12:15:02 PM AST,619
06-Mar-19 12:30:01 PM AST,623
06-Mar-19 12:45:02 PM AST,592
06-Mar-19 1:00:02 PM AST,605
06-Mar-19 1:15:01 PM AST,599
06-Mar-19 1:30:01 PM AST,604
06-Mar-19 1:45:01 PM AST,595
06-Mar-19 2:00:01 PM AST,586
06-Mar-19 2:15:01 PM AST,566
06-Mar-19 2:30:01 PM AST,543
06-Mar-19 2:45:01 PM AST,516
06-Mar-19 3:00:01 PM AST,488
06-Mar-19 3:15:01 PM AST,455
06-Mar-19 3:30:02 PM AST,424
06-Mar-19 3:45:01 PM AST,397
06-Mar-19 4:00:01 PM AST,355
06-Mar-19 4:15:01 PM AST,323
06-Mar-19 4:30:02 PM AST,274
06-Mar-19 4:45:01 PM AST,226
06-Mar-19 5:00:01 PM AST,176
06-Mar-19 5:15:01 PM AST,128
06-Mar-19 5:30:01 PM AST,83
06-Mar-19 5:45:01 PM AST,48
06-Mar-19 6:00:01 PM AST,23
06-Mar-19 6:15:02 PM AST,1
06-Mar-19 6:30:02 PM AST,4
06-Mar-19 6:45:01 PM AST,0
06-Mar-19 7:00:01 PM AST,0
06-Mar-19 7:15:01 PM AST,0
06-Mar-19 7:30:01 PM AST,0
06-Mar-19 7:45:01 PM AST,0
06-Mar-19 8:00:01 PM AST,0
06-Mar-19 8:15:01 PM AST,0
06-Mar-19 8:30:01 PM AST,0
06-Mar-19 8:45:01 PM AST,0
06-Mar-19 9:00:02 PM AST,0
06-Mar-19 9:15:01 PM AST,0
06-Mar-19 9:30:02 PM AST,0
06-Mar-19 9:45:01 PM AST,0
06-Mar-19 10:00:01 PM AST,0
06-Mar-19 10:15:01 PM AST,0
06-Mar-19 10:30:02 PM AST,0
06-Mar-19 10:45:01 PM AST,0
06-Mar-19 11:00:01 PM AST,0
06-Mar-19 11:15:01 PM AST,0
06-Mar-19 11:30:01 PM AST,0
06-Mar-19 11:45:01 PM AST,0
07-Mar-19 12:00:01 AM AST,0
07-Mar-19 12:15:01 AM AST,0
07-Mar-19 12:30:01 AM AST,0
07-Mar-19 12:45:01 AM AST,0
07-Mar-19 1:00:01 AM AST,0
07-Mar-19 1:15:01 AM AST,0
07-Mar-19 1:30:01 AM AST,0
07-Mar-19 1:45:01 AM AST,0
07-Mar-19 2:00:02 AM AST,0
07-Mar-19 2:15:01 AM AST,0
07-Mar-19 2:30:01 AM AST,0
07-Mar-19 2:45:01 AM AST,0
07-Mar-19 3:00:01 AM AST,0
07-Mar-19 3:15:01 AM AST,0
07-Mar-19 3:30:01 AM AST,0
07-Mar-19 3:45:02 AM AST,0
07-Mar-19 4:00:01 AM AST,0
07-Mar-19 4:15:01 AM AST,0
07-Mar-19 4:30:02 AM AST,0
07-Mar-19 4:45:01 AM AST,0
07-Mar-19 5:00:01 AM AST,0
07-Mar-19 5:15:01 AM AST,0
07-Mar-19 5:30:02 AM AST,0
07-Mar-19 5:45:01 AM AST,0
07-Mar-19 6:00:01 AM AST,0
07-Mar-19 6:15:01 AM AST,0
07-Mar-19 6:30:01 AM AST,0
07-Mar-19 6:45:01 AM AST,0
07-Mar-19 7:00:01 AM AST,11
07-Mar-19 7:15:01 AM AST,34
07-Mar-19 7:30:01 AM AST,55
07-Mar-19 7:45:02 AM AST,86
07-Mar-19 8:00:01 AM AST,109
07-Mar-19 8:15:01 AM AST,154
07-Mar-19 8:30:01 AM AST,207
07-Mar-19 8:45:01 AM AST,253
07-Mar-19 9:00:01 AM AST,305
07-Mar-19 9:15:02 AM AST,345
07-Mar-19 9:30:01 AM AST,382
07-Mar-19 9:45:01 AM AST,409
07-Mar-19 10:00:01 AM AST,439
07-Mar-19 10:15:01 AM AST,459
07-Mar-19 10:30:01 AM AST,485
07-Mar-19 10:45:01 AM AST,508
07-Mar-19 11:00:01 AM AST,546
07-Mar-19 11:15:01 AM AST,563
07-Mar-19 11:30:01 AM AST,575
07-Mar-19 11:45:01 AM AST,586
07-Mar-19 12:00:01 PM AST,599
07-Mar-19 12:15:02 PM AST,602
07-Mar-19 12:30:01 PM AST,607
07-Mar-19 12:45:01 PM AST,611
07-Mar-19 1:00:01 PM AST,610
07-Mar-19 1:15:01 PM AST,602
07-Mar-19 1:30:01 PM AST,595
07-Mar-19 1:45:01 PM AST,582
07-Mar-19 2:00:01 PM AST,563
07-Mar-19 2:15:01 PM AST,553
07-Mar-19 2:30:01 PM AST,534
07-Mar-19 2:45:01 PM AST,508
07-Mar-19 3:00:01 PM AST,481
07-Mar-19 3:15:01 PM AST,448
07-Mar-19 3:30:01 PM AST,413
07-Mar-19 3:45:01 PM AST,381
07-Mar-19 4:00:01 PM AST,337
07-Mar-19 4:15:02 PM AST,294
07-Mar-19 4:30:01 PM AST,259
07-Mar-19 4:45:01 PM AST,211
07-Mar-19 5:00:01 PM AST,175
07-Mar-19 5:15:01 PM AST,128
07-Mar-19 5:30:01 PM AST,88
07-Mar-19 5:45:01 PM AST,51
07-Mar-19 6:00:01 PM AST,19
07-Mar-19 6:15:01 PM AST,0
07-Mar-19 6:30:01 PM AST,0
07-Mar-19 6:45:00 PM AST,0
07-Mar-19 7:00:01 PM AST,0
07-Mar-19 7:15:01 PM AST,0
07-Mar-19 7:30:01 PM AST,0
07-Mar-19 7:45:02 PM AST,0
07-Mar-19 8:00:01 PM AST,0
07-Mar-19 8:15:01 PM AST,0
07-Mar-19 8:30:01 PM AST,0
07-Mar-19 8:45:00 PM AST,0
07-Mar-19 9:00:01 PM AST,0
07-Mar-19 9:15:01 PM AST,0
07-Mar-19 9:30:01 PM AST,0
07-Mar-19 9:45:00 PM AST,0
07-Mar-19 10:00:01 PM AST,0
07-Mar-19 10:15:01 PM AST,0
07-Mar-19 10:30:01 PM AST,0
07-Mar-19 10:45:01 PM AST,0
07-Mar-19 11:00:02 PM AST,0
07-Mar-19 11:15:00 PM AST,0
07-Mar-19 11:30:01 PM AST,0
07-Mar-19 11:45:01 PM AST,0
08-Mar-19 12:00:01 AM AST,0
08-Mar-19 12:15:01 AM AST,0
08-Mar-19 12:30:01 AM AST,0
08-Mar-19 12:45:01 AM AST,0
08-Mar-19 1:00:01 AM AST,0
08-Mar-19 1:15:01 AM AST,0
08-Mar-19 1:30:00 AM AST,0
08-Mar-19 1:45:01 AM AST,0
08-Mar-19 2:00:01 AM AST,0
08-Mar-19 2:15:01 AM AST,0
08-Mar-19 2:30:01 AM AST,0
08-Mar-19 2:45:01 AM AST,0
08-Mar-19 3:00:01 AM AST,0
08-Mar-19 3:15:02 AM AST,0
08-Mar-19 3:30:00 AM AST,0
08-Mar-19 3:45:01 AM AST,0
08-Mar-19 4:00:01 AM AST,0
08-Mar-19 4:15:00 AM AST,0
08-Mar-19 4:30:01 AM AST,0
08-Mar-19 4:45:01 AM AST,0
08-Mar-19 5:00:01 AM AST,0
08-Mar-19 5:15:01 AM AST,0
08-Mar-19 5:30:01 AM AST,0
08-Mar-19 5:45:01 AM AST,0
08-Mar-19 6:00:01 AM AST,0
08-Mar-19 6:15:01 AM AST,0
08-Mar-19 6:30:01 AM AST,0
08-Mar-19 6:45:02 AM AST,0
08-Mar-19 7:00:02 AM AST,10
08-Mar-19 7:15:01 AM AST,32
08-Mar-19 7:30:02 AM AST,62
08-Mar-19 7:45:02 AM AST,90
08-Mar-19 8:00:02 AM AST,124
08-Mar-19 8:15:01 AM AST,160
08-Mar-19 8:30:02 AM AST,207
08-Mar-19 8:45:01 AM AST,240
08-Mar-19 9:00:01 AM AST,284
08-Mar-19 9:15:01 AM AST,326
08-Mar-19 9:30:01 AM AST,356
08-Mar-19 9:45:01 AM AST,392
08-Mar-19 10:00:01 AM AST,421
08-Mar-19 10:15:01 AM AST,444
08-Mar-19 10:30:02 AM AST,468
08-Mar-19 10:45:01 AM AST,490
08-Mar-19 11:00:01 AM AST,519
08-Mar-19 11:15:02 AM AST,537
08-Mar-19 11:30:01 AM AST,559
08-Mar-19 11:45:01 AM AST,572
08-Mar-19 12:00:01 PM AST,584
08-Mar-19 12:15:01 PM AST,587
08-Mar-19 12:30:01 PM AST,590
08-Mar-19 12:45:01 PM AST,591
08-Mar-19 1:00:01 PM AST,592
08-Mar-19 1:15:02 PM AST,590
08-Mar-19 1:30:02 PM AST,582
08-Mar-19 1:45:03 PM AST,570
08-Mar-19 2:00:01 PM AST,560
08-Mar-19 2:15:02 PM AST,543
08-Mar-19 2:30:02 PM AST,513
08-Mar-19 2:45:01 PM AST,494
08-Mar-19 3:00:01 PM AST,472
08-Mar-19 3:15:01 PM AST,441
08-Mar-19 3:30:01 PM AST,417
08-Mar-19 3:45:02 PM AST,385
08-Mar-19 4:00:01 PM AST,349
08-Mar-19 4:15:02 PM AST,306
08-Mar-19 4:30:01 PM AST,256
08-Mar-19 4:45:01 PM AST,212
08-Mar-19 5:00:01 PM AST,162
08-Mar-19 5:15:01 PM AST,126
08-Mar-19 5:30:01 PM AST,84
08-Mar-19 5:45:01 PM AST,60
08-Mar-19 6:00:01 PM AST,26
08-Mar-19 6:15:01 PM AST,4
08-Mar-19 6:30:01 PM AST,1
08-Mar-19 6:45:01 PM AST,0
08-Mar-19 7:00:01 PM AST,0
08-Mar-19 7:15:01 PM AST,0
08-Mar-19 7:30:01 PM AST,0
08-Mar-19 7:45:01 PM AST,0
08-Mar-19 8:00:01 PM AST,0
08-Mar-19 8:15:01 PM AST,0
08-Mar-19 8:30:01 PM AST,0
08-Mar-19 8:45:02 PM AST,0
08-Mar-19 9:00:01 PM AST,0
08-Mar-19 9:15:01 PM AST,0
08-Mar-19 9:30:01 PM AST,0
08-Mar-19 9:45:01 PM AST,0
08-Mar-19 10:00:01 PM AST,0
08-Mar-19 10:15:01 PM AST,0
08-Mar-19 10:30:01 PM AST,0
08-Mar-19 10:45:01 PM AST,0
08-Mar-19 11:00:01 PM AST,0
08-Mar-19 11:15:01 PM AST,0
08-Mar-19 11:30:01 PM AST,0
08-Mar-19 11:45:01 PM AST,0
09-Mar-19 12:00:01 AM AST,0
09-Mar-19 12:15:01 AM AST,0
09-Mar-19 12:30:02 AM AST,0
09-Mar-19 12:45:01 AM AST,0
09-Mar-19 1:00:02 AM AST,0
09-Mar-19 1:15:02 AM AST,0
09-Mar-19 1:30:01 AM AST,0
09-Mar-19 1:45:01 AM AST,0
09-Mar-19 2:00:01 AM AST,0
09-Mar-19 2:15:01 AM AST,0
09-Mar-19 2:30:01 AM AST,0
09-Mar-19 2:45:01 AM AST,0
09-Mar-19 3:00:01 AM AST,0
09-Mar-19 3:15:01 AM AST,0
09-Mar-19 3:30:01 AM AST,0
09-Mar-19 3:45:02 AM AST,0
09-Mar-19 4:00:01 AM AST,0
09-Mar-19 4:15:01 AM AST,0
09-Mar-19 4:30:01 AM AST,0
09-Mar-19 4:45:01 AM AST,0
09-Mar-19 5:00:01 AM AST,0
09-Mar-19 5:15:01 AM AST,0
09-Mar-19 5:30:01 AM AST,0
09-Mar-19 5:45:01 AM AST,0
09-Mar-19 6:00:01 AM AST,0
09-Mar-19 6:15:01 AM AST,0
09-Mar-19 6:30:02 AM AST,0
09-Mar-19 6:45:01 AM AST,0
09-Mar-19 7:00:01 AM AST,13
09-Mar-19 7:15:01 AM AST,32
09-Mar-19 7:30:01 AM AST,60
09-Mar-19 7:45:01 AM AST,88
09-Mar-19 8:00:01 AM AST,122
09-Mar-19 8:15:01 AM AST,158
09-Mar-19 8:30:02 AM AST,204
09-Mar-19 8:45:02 AM AST,247
09-Mar-19 9:00:01 AM AST,277
09-Mar-19 9:15:01 AM AST,305
09-Mar-19 9:30:01 AM AST,348
09-Mar-19 9:45:01 AM AST,381
09-Mar-19 10:00:01 AM AST,419
09-Mar-19 10:15:01 AM AST,444
09-Mar-19 10:30:01 AM AST,470
09-Mar-19 10:45:01 AM AST,501
09-Mar-19 11:00:01 AM AST,533
09-Mar-19 11:15:01 AM AST,547
09-Mar-19 11:30:01 AM AST,561
09-Mar-19 11:45:01 AM AST,566
09-Mar-19 12:00:01 PM AST,571
09-Mar-19 12:15:01 PM AST,570
09-Mar-19 12:30:01 PM AST,575
09-Mar-19 12:45:02 PM AST,566
09-Mar-19 1:00:01 PM AST,565
09-Mar-19 1:15:01 PM AST,554
09-Mar-19 1:30:01 PM AST,539
09-Mar-19 1:45:01 PM AST,530
09-Mar-19 2:00:01 PM AST,529
09-Mar-19 2:15:02 PM AST,523
09-Mar-19 2:30:01 PM AST,489
09-Mar-19 2:45:01 PM AST,467
09-Mar-19 3:00:01 PM AST,445
09-Mar-19 3:15:01 PM AST,409
09-Mar-19 3:30:01 PM AST,378
09-Mar-19 3:45:01 PM AST,358
09-Mar-19 4:00:01 PM AST,326
09-Mar-19 4:15:01 PM AST,289
09-Mar-19 4:30:02 PM AST,246
09-Mar-19 4:45:01 PM AST,203
09-Mar-19 5:00:01 PM AST,155
09-Mar-19 5:15:01 PM AST,117
09-Mar-19 5:30:01 PM AST,82
09-Mar-19 5:45:01 PM AST,47
09-Mar-19 6:00:01 PM AST,24
09-Mar-19 6:15:01 PM AST,6
09-Mar-19 6:30:01 PM AST,0
09-Mar-19 6:45:01 PM AST,0
09-Mar-19 7:00:01 PM AST,0
09-Mar-19 7:15:02 PM AST,0
09-Mar-19 7:30:01 PM AST,0
09-Mar-19 7:45:01 PM AST,0
09-Mar-19 8:00:01 PM AST,0
09-Mar-19 8:15:01 PM AST,0
09-Mar-19 8:30:01 PM AST,0
09-Mar-19 8:45:01 PM AST,0
09-Mar-19 9:00:01 PM AST,0
09-Mar-19 9:15:01 PM AST,0
09-Mar-19 9:30:02 PM AST,0
09-Mar-19 9:45:01 PM AST,0
09-Mar-19 10:00:01 PM AST,0
09-Mar-19 10:15:01 PM AST,0
09-Mar-19 10:30:01 PM AST,0
09-Mar-19 10:45:02 PM AST,0
09-Mar-19 11:00:01 PM AST,0
09-Mar-19 11:15:02 PM AST,0
09-Mar-19 11:30:02 PM AST,0
09-Mar-19 11:45:01 PM AST,0
10-Mar-19 12:00:01 AM AST,0
10-Mar-19 12:15:01 AM AST,0
10-Mar-19 12:30:01 AM AST,0
10-Mar-19 12:45:01 AM AST,0
10-Mar-19 1:00:01 AM AST,0
10-Mar-19 1:15:01 AM AST,0
10-Mar-19 1:30:02 AM AST,0
10-Mar-19 1:45:01 AM AST,0
10-Mar-19 2:00:01 AM AST,0
10-Mar-19 2:15:01 AM AST,0
10-Mar-19 2:30:01 AM AST,0
10-Mar-19 2:45:01 AM AST,0
10-Mar-19 3:00:01 AM AST,0
10-Mar-19 3:15:01 AM AST,0
10-Mar-19 3:30:01 AM AST,0
10-Mar-19 3:45:01 AM AST,0
10-Mar-19 4:00:01 AM AST,0
10-Mar-19 4:15:01 AM AST,0
10-Mar-19 4:30:01 AM AST,0
10-Mar-19 4:45:01 AM AST,0
10-Mar-19 5:00:02 AM AST,0
10-Mar-19 5:15:01 AM AST,0
10-Mar-19 5:30:03 AM AST,0
10-Mar-19 5:45:01 AM AST,0
10-Mar-19 6:00:02 AM AST,0
10-Mar-19 6:15:01 AM AST,0
10-Mar-19 6:30:00 AM AST,0
10-Mar-19 6:45:01 AM AST,0
10-Mar-19 7:00:02 AM AST,13
10-Mar-19 7:15:01 AM AST,39
10-Mar-19 7:30:01 AM AST,54
10-Mar-19 7:45:01 AM AST,90
10-Mar-19 8:00:02 AM AST,118
10-Mar-19 8:15:01 AM AST,145
10-Mar-19 8:30:01 AM AST,192
10-Mar-19 8:45:01 AM AST,229
10-Mar-19 9:00:01 AM AST,270
10-Mar-19 9:15:01 AM AST,303
10-Mar-19 9:30:01 AM AST,343
10-Mar-19 9:45:01 AM AST,377
10-Mar-19 10:00:02 AM AST,404
10-Mar-19 10:15:01 AM AST,425
10-Mar-19 10:30:01 AM AST,454
10-Mar-19 10:45:01 AM AST,472
10-Mar-19 11:00:01 AM AST,499
10-Mar-19 11:15:00 AM AST,520
10-Mar-19 11:30:02 AM AST,533
10-Mar-19 11:45:02 AM AST,474
10-Mar-19 12:00:01 PM AST,508
10-Mar-19 12:15:00 PM AST,577
10-Mar-19 12:30:00 PM AST,593
10-Mar-19 12:45:01 PM AST,603
10-Mar-19 1:00:01 PM AST,658
10-Mar-19 1:15:01 PM AST,292
10-Mar-19 1:30:01 PM AST,559
10-Mar-19 1:45:01 PM AST,474
10-Mar-19 2:00:01 PM AST,345
10-Mar-19 2:15:01 PM AST,359
10-Mar-19 2:30:01 PM AST,567
10-Mar-19 2:45:01 PM AST,492
10-Mar-19 3:00:01 PM AST,459
10-Mar-19 3:15:01 PM AST,192
10-Mar-19 3:30:01 PM AST,274
10-Mar-19 3:45:02 PM AST,187
10-Mar-19 4:00:01 PM AST,199
10-Mar-19 4:15:02 PM AST,173
10-Mar-19 4:30:01 PM AST,102
10-Mar-19 4:45:01 PM AST,149
10-Mar-19 5:00:01 PM AST,115
10-Mar-19 5:15:01 PM AST,107
10-Mar-19 5:30:02 PM AST,58
10-Mar-19 5:45:01 PM AST,50
10-Mar-19 6:00:01 PM AST,20
10-Mar-19 6:15:01 PM AST,1
10-Mar-19 6:30:01 PM AST,0
10-Mar-19 6:45:02 PM AST,0
10-Mar-19 7:00:02 PM AST,0
10-Mar-19 7:15:01 PM AST,0
10-Mar-19 7:30:01 PM AST,0
10-Mar-19 7:45:01 PM AST,0
10-Mar-19 8:00:01 PM AST,0
10-Mar-19 8:15:01 PM AST,0
10-Mar-19 8:30:01 PM AST,0
10-Mar-19 8:45:01 PM AST,0
10-Mar-19 9:00:01 PM AST,0
10-Mar-19 9:15:01 PM AST,0
10-Mar-19 9:30:01 PM AST,0
10-Mar-19 9:45:02 PM AST,0
10-Mar-19 10:00:01 PM AST,0
10-Mar-19 10:15:01 PM AST,0
10-Mar-19 10:30:01 PM AST,0
10-Mar-19 10:45:01 PM AST,0
10-Mar-19 11:00:01 PM AST,0
10-Mar-19 11:15:01 PM AST,0
10-Mar-19 11:30:01 PM AST,0
10-Mar-19 11:45:01 PM AST,0
11-Mar-19 12:00:01 AM AST,0
11-Mar-19 12:15:01 AM AST,0
11-Mar-19 12:30:01 AM AST,0
11-Mar-19 12:45:02 AM AST,0
11-Mar-19 1:00:01 AM AST,0
11-Mar-19 1:15:01 AM AST,0
11-Mar-19 1:30:01 AM AST,0
11-Mar-19 1:45:01 AM AST,0
11-Mar-19 2:00:01 AM AST,0
11-Mar-19 2:15:01 AM AST,0
11-Mar-19 2:30:01 AM AST,0
11-Mar-19 2:45:01 AM AST,0
11-Mar-19 3:00:01 AM AST,0
11-Mar-19 3:15:02 AM AST,0
11-Mar-19 3:30:01 AM AST,0
11-Mar-19 3:45:01 AM AST,0
11-Mar-19 4:00:01 AM AST,0
11-Mar-19 4:15:01 AM AST,0
11-Mar-19 4:30:01 AM AST,0
11-Mar-19 4:45:01 AM AST,0
11-Mar-19 5:00:01 AM AST,0
11-Mar-19 5:15:01 AM AST,0
11-Mar-19 5:30:01 AM AST,0
11-Mar-19 5:45:01 AM AST,0
11-Mar-19 6:00:01 AM AST,0
11-Mar-19 6:15:01 AM AST,0
11-Mar-19 6:30:01 AM AST,0
11-Mar-19 6:45:02 AM AST,0
11-Mar-19 7:00:01 AM AST,7
11-Mar-19 7:15:01 AM AST,34
11-Mar-19 7:30:01 AM AST,53
11-Mar-19 7:45:01 AM AST,102
11-Mar-19 8:00:01 AM AST,161
11-Mar-19 8:15:01 AM AST,176
11-Mar-19 8:30:02 AM AST,194
11-Mar-19 8:45:02 AM AST,227
11-Mar-19 9:00:01 AM AST,268
11-Mar-19 9:15:01 AM AST,308
11-Mar-19 9:30:01 AM AST,342
11-Mar-19 9:45:01 AM AST,366
11-Mar-19 10:00:01 AM AST,401
11-Mar-19 10:15:01 AM AST,421
11-Mar-19 10:30:01 AM AST,450
11-Mar-19 10:45:01 AM AST,469
11-Mar-19 11:00:01 AM AST,498
11-Mar-19 11:15:01 AM AST,515
11-Mar-19 11:30:01 AM AST,531
11-Mar-19 11:45:01 AM AST,542
11-Mar-19 12:00:01 PM AST,552
11-Mar-19 12:15:01 PM AST,555
11-Mar-19 12:30:02 PM AST,561
11-Mar-19 12:45:01 PM AST,555
11-Mar-19 1:00:01 PM AST,553
11-Mar-19 1:15:01 PM AST,545
11-Mar-19 1:30:02 PM AST,539
11-Mar-19 1:45:01 PM AST,535
11-Mar-19 2:00:01 PM AST,515
11-Mar-19 2:15:01 PM AST,499
11-Mar-19 2:30:01 PM AST,484
11-Mar-19 2:45:01 PM AST,467
11-Mar-19 3:00:01 PM AST,463
11-Mar-19 3:15:01 PM AST,289
11-Mar-19 3:30:01 PM AST,370
11-Mar-19 3:45:01 PM AST,336
11-Mar-19 4:00:01 PM AST,290
11-Mar-19 4:15:01 PM AST,243
11-Mar-19 4:30:01 PM AST,207
11-Mar-19 4:45:02 PM AST,176
11-Mar-19 5:00:01 PM AST,132
11-Mar-19 5:15:02 PM AST,107
11-Mar-19 5:30:01 PM AST,75
11-Mar-19 5:45:01 PM AST,44
11-Mar-19 6:00:01 PM AST,17
11-Mar-19 6:15:01 PM AST,0
11-Mar-19 6:30:01 PM AST,0
11-Mar-19 6:45:01 PM AST,0
11-Mar-19 7:00:01 PM AST,0
11-Mar-19 7:15:01 PM AST,0
11-Mar-19 7:30:01 PM AST,0
11-Mar-19 7:45:02 PM AST,0
11-Mar-19 8:00:01 PM AST,0
11-Mar-19 8:15:01 PM AST,0
11-Mar-19 8:30:02 PM AST,0
11-Mar-19 8:45:02 PM AST,0
11-Mar-19 9:00:01 PM AST,0
11-Mar-19 9:15:01 PM AST,0
11-Mar-19 9:30:01 PM AST,0
11-Mar-19 9:45:02 PM AST,0
11-Mar-19 10:00:02 PM AST,0
11-Mar-19 10:15:01 PM AST,0
11-Mar-19 10:30:01 PM AST,0
11-Mar-19 10:45:01 PM AST,0
11-Mar-19 11:00:01 PM AST,0
11-Mar-19 11:15:01 PM AST,0
11-Mar-19 11:30:01 PM AST,0
11-Mar-19 11:45:01 PM AST,0
12-Mar-19 12:00:01 AM AST,0
12-Mar-19 12:15:01 AM AST,0
12-Mar-19 12:30:01 AM AST,0
12-Mar-19 12:45:01 AM AST,0
12-Mar-19 1:00:01 AM AST,0
12-Mar-19 1:15:01 AM AST,0
12-Mar-19 1:30:01 AM AST,0
12-Mar-19 1:45:01 AM AST,0
12-Mar-19 2:00:01 AM AST,0
12-Mar-19 2:15:01 AM AST,0
12-Mar-19 2:30:01 AM AST,0
12-Mar-19 2:45:02 AM AST,0
12-Mar-19 3:00:01 AM AST,0
12-Mar-19 3:15:01 AM AST,0
12-Mar-19 3:30:01 AM AST,0
12-Mar-19 3:45:01 AM AST,0
12-Mar-19 4:00:01 AM AST,0
12-Mar-19 4:15:02 AM AST,0
12-Mar-19 4:30:01 AM AST,0
12-Mar-19 4:45:01 AM AST,0
12-Mar-19 5:00:01 AM AST,0
12-Mar-19 5:15:02 AM AST,0
12-Mar-19 5:30:01 AM AST,0
12-Mar-19 5:45:01 AM AST,0
12-Mar-19 6:00:02 AM AST,0
12-Mar-19 6:15:01 AM AST,0
12-Mar-19 6:30:01 AM AST,0
12-Mar-19 6:45:01 AM AST,0
12-Mar-19 7:00:02 AM AST,16
12-Mar-19 7:15:01 AM AST,43
12-Mar-19 7:30:01 AM AST,65
12-Mar-19 7:45:01 AM AST,93
12-Mar-19 8:00:01 AM AST,131
12-Mar-19 8:15:01 AM AST,169
12-Mar-19 8:30:01 AM AST,213
12-Mar-19 8:45:01 AM AST,251
12-Mar-19 9:00:01 AM AST,293
12-Mar-19 9:15:01 AM AST,317
12-Mar-19 9:30:01 AM AST,344
12-Mar-19 9:45:01 AM AST,368
12-Mar-19 10:00:01 AM AST,384
12-Mar-19 10:15:01 AM AST,419
12-Mar-19 10:30:01 AM AST,454
12-Mar-19 10:45:01 AM AST,476
12-Mar-19 11:00:01 AM AST,516
12-Mar-19 11:15:01 AM AST,537
12-Mar-19 11:30:02 AM AST,547
12-Mar-19 11:45:01 AM AST,554
12-Mar-19 12:00:01 PM AST,563
12-Mar-19 12:15:01 PM AST,566
12-Mar-19 12:30:01 PM AST,559
12-Mar-19 12:45:01 PM AST,557
12-Mar-19 1:00:02 PM AST,500
12-Mar-19 1:15:01 PM AST,549
12-Mar-19 1:30:01 PM AST,542
12-Mar-19 1:45:01 PM AST,524
12-Mar-19 2:00:01 PM AST,523
12-Mar-19 2:15:02 PM AST,505
12-Mar-19 2:30:01 PM AST,483
12-Mar-19 2:45:01 PM AST,439
12-Mar-19 3:00:02 PM AST,421
12-Mar-19 3:15:01 PM AST,394
12-Mar-19 3:30:01 PM AST,365
12-Mar-19 3:45:01 PM AST,322
12-Mar-19 4:00:01 PM AST,325
12-Mar-19 4:15:01 PM AST,271
12-Mar-19 4:30:01 PM AST,236
12-Mar-19 4:45:01 PM AST,184
12-Mar-19 5:00:01 PM AST,153
12-Mar-19 5:15:01 PM AST,118
12-Mar-19 5:30:01 PM AST,80
12-Mar-19 5:45:01 PM AST,49
12-Mar-19 6:00:01 PM AST,20
12-Mar-19 6:15:01 PM AST,0
12-Mar-19 6:30:02 PM AST,1
12-Mar-19 6:45:01 PM AST,0
12-Mar-19 7:00:01 PM AST,0
12-Mar-19 7:15:01 PM AST,0
12-Mar-19 7:30:01 PM AST,0
12-Mar-19 7:45:01 PM AST,0
12-Mar-19 8:00:01 PM AST,0
12-Mar-19 8:15:01 PM AST,0
12-Mar-19 8:30:01 PM AST,0
12-Mar-19 8:45:01 PM AST,0
12-Mar-19 9:00:01 PM AST,0
12-Mar-19 9:15:01 PM AST,0
12-Mar-19 9:30:01 PM AST,0
12-Mar-19 9:45:01 PM AST,0
12-Mar-19 10:00:01 PM AST,0
12-Mar-19 10:15:01 PM AST,0
12-Mar-19 10:30:01 PM AST,0
12-Mar-19 10:45:01 PM AST,0
12-Mar-19 11:00:01 PM AST,0
12-Mar-19 11:15:01 PM AST,0
12-Mar-19 11:30:01 PM AST,0
12-Mar-19 11:45:01 PM AST,0
13-Mar-19 12:00:01 AM AST,0
13-Mar-19 12:15:01 AM AST,0
13-Mar-19 12:30:02 AM AST,0
13-Mar-19 12:45:01 AM AST,0
13-Mar-19 1:00:01 AM AST,0
13-Mar-19 1:15:02 AM AST,0
13-Mar-19 1:30:01 AM AST,0
13-Mar-19 1:45:01 AM AST,0
13-Mar-19 2:00:01 AM AST,0
13-Mar-19 2:15:01 AM AST,0
13-Mar-19 2:30:01 AM AST,0
13-Mar-19 2:45:01 AM AST,0
13-Mar-19 3:00:01 AM AST,0
13-Mar-19 3:15:01 AM AST,0
13-Mar-19 3:30:01 AM AST,0
13-Mar-19 3:45:02 AM AST,0
13-Mar-19 4:00:01 AM AST,0
13-Mar-19 4:15:01 AM AST,0
13-Mar-19 4:30:01 AM AST,0
13-Mar-19 4:45:01 AM AST,0
13-Mar-19 5:00:01 AM AST,0
13-Mar-19 5:15:02 AM AST,0
13-Mar-19 5:30:01 AM AST,0
13-Mar-19 5:45:01 AM AST,0
13-Mar-19 6:00:01 AM AST,0
13-Mar-19 6:15:02 AM AST,0
13-Mar-19 6:30:01 AM AST,0
13-Mar-19 6:45:01 AM AST,1
13-Mar-19 7:00:01 AM AST,9
13-Mar-19 7:15:01 AM AST,33
13-Mar-19 7:30:01 AM AST,61
13-Mar-19 7:45:01 AM AST,87
13-Mar-19 8:00:01 AM AST,115
13-Mar-19 8:15:02 AM AST,151
13-Mar-19 8:30:01 AM AST,187
13-Mar-19 8:45:01 AM AST,215
13-Mar-19 9:00:01 AM AST,250
13-Mar-19 9:15:01 AM AST,277
13-Mar-19 9:30:01 AM AST,308
13-Mar-19 9:45:02 AM AST,343
13-Mar-19 10:00:02 AM AST,371
13-Mar-19 10:15:01 AM AST,394
13-Mar-19 10:30:01 AM AST,417
13-Mar-19 10:45:02 AM AST,482
13-Mar-19 11:00:01 AM AST,502
13-Mar-19 11:15:01 AM AST,475
13-Mar-19 11:30:01 AM AST,503
13-Mar-19 11:45:01 AM AST,295
13-Mar-19 12:00:01 PM AST,467
13-Mar-19 12:15:02 PM AST,461
13-Mar-19 12:30:02 PM AST,493
13-Mar-19 12:45:02 PM AST,460
13-Mar-19 1:00:01 PM AST,403
13-Mar-19 1:15:02 PM AST,390
13-Mar-19 1:30:01 PM AST,394
13-Mar-19 1:45:01 PM AST,545
13-Mar-19 2:00:02 PM AST,357
13-Mar-19 2:15:01 PM AST,402
13-Mar-19 2:30:01 PM AST,387
13-Mar-19 2:45:01 PM AST,297
13-Mar-19 3:00:01 PM AST,267
13-Mar-19 3:15:01 PM AST,371
13-Mar-19 3:30:01 PM AST,170
13-Mar-19 3:45:01 PM AST,235
13-Mar-19 4:00:02 PM AST,216
13-Mar-19 4:15:02 PM AST,274
13-Mar-19 4:30:02 PM AST,207
13-Mar-19 4:45:01 PM AST,164
13-Mar-19 5:00:01 PM AST,129
13-Mar-19 5:15:01 PM AST,97
13-Mar-19 5:30:01 PM AST,64
13-Mar-19 5:45:01 PM AST,39
13-Mar-19 6:00:01 PM AST,13
13-Mar-19 6:15:02 PM AST,0
13-Mar-19 6:30:02 PM AST,3
13-Mar-19 6:45:02 PM AST,0
13-Mar-19 7:00:01 PM AST,0
13-Mar-19 7:15:02 PM AST,0
13-Mar-19 7:30:01 PM AST,0
13-Mar-19 7:45:02 PM AST,0
13-Mar-19 8:00:01 PM AST,0
13-Mar-19 8:15:01 PM AST,0
13-Mar-19 8:30:02 PM AST,0
13-Mar-19 8:45:01 PM AST,0
13-Mar-19 9:00:01 PM AST,0
13-Mar-19 9:15:01 PM AST,0
13-Mar-19 9:30:01 PM AST,0
13-Mar-19 9:45:01 PM AST,0
13-Mar-19 10:00:01 PM AST,0
13-Mar-19 10:15:01 PM AST,0
13-Mar-19 10:30:01 PM AST,0
13-Mar-19 10:45:01 PM AST,0
13-Mar-19 11:00:01 PM AST,0
13-Mar-19 11:15:02 PM AST,0
13-Mar-19 11:30:01 PM AST,0
13-Mar-19 11:45:02 PM AST,0
14-Mar-19 12:00:01 AM AST,0
14-Mar-19 12:15:01 AM AST,0
14-Mar-19 12:30:01 AM AST,0
14-Mar-19 12:45:01 AM AST,0
14-Mar-19 1:00:02 AM AST,0
14-Mar-19 1:15:02 AM AST,0
14-Mar-19 1:30:01 AM AST,0
14-Mar-19 1:45:02 AM AST,0
14-Mar-19 2:00:01 AM AST,0
14-Mar-19 2:15:01 AM AST,0
14-Mar-19 2:30:01 AM AST,0
14-Mar-19 2:45:01 AM AST,0
14-Mar-19 3:00:01 AM AST,0
14-Mar-19 3:15:02 AM AST,0
14-Mar-19 3:30:01 AM AST,0
14-Mar-19 3:45:02 AM AST,0
14-Mar-19 4:00:02 AM AST,0
14-Mar-19 4:15:02 AM AST,0
14-Mar-19 4:30:01 AM AST,0
14-Mar-19 4:45:01 AM AST,0
14-Mar-19 5:00:01 AM AST,0
14-Mar-19 5:15:02 AM AST,0
14-Mar-19 5:30:01 AM AST,0
14-Mar-19 5:45:01 AM AST,0
14-Mar-19 6:00:01 AM AST,0
14-Mar-19 6:15:01 AM AST,0
14-Mar-19 6:30:02 AM AST,0
14-Mar-19 6:45:01 AM AST,0
14-Mar-19 7:00:01 AM AST,11
14-Mar-19 7:15:01 AM AST,30
14-Mar-19 7:30:01 AM AST,56
14-Mar-19 7:45:01 AM AST,47
14-Mar-19 8:00:01 AM AST,71
14-Mar-19 8:15:02 AM AST,103
14-Mar-19 8:30:01 AM AST,95
14-Mar-19 8:45:01 AM AST,92
14-Mar-19 9:00:01 AM AST,118
14-Mar-19 9:15:01 AM AST,148
14-Mar-19 9:30:01 AM AST,289
14-Mar-19 9:45:01 AM AST,329
14-Mar-19 10:00:02 AM AST,351
14-Mar-19 10:15:02 AM AST,318
14-Mar-19 10:30:02 AM AST,408
14-Mar-19 10:45:01 AM AST,317
14-Mar-19 11:00:01 AM AST,437
14-Mar-19 11:15:01 AM AST,470
14-Mar-19 11:30:02 AM AST,479
14-Mar-19 11:45:01 AM AST,528
14-Mar-19 12:00:01 PM AST,516
14-Mar-19 12:15:01 PM AST,520
14-Mar-19 12:30:01 PM AST,533
14-Mar-19 12:45:02 PM AST,544
14-Mar-19 1:00:01 PM AST,544
14-Mar-19 1:15:01 PM AST,536
14-Mar-19 1:30:01 PM AST,540
14-Mar-19 1:45:01 PM AST,528
14-Mar-19 2:00:01 PM AST,509
14-Mar-19 2:15:01 PM AST,487
14-Mar-19 2:30:01 PM AST,466
14-Mar-19 2:45:01 PM AST,446
14-Mar-19 3:00:01 PM AST,414
14-Mar-19 3:15:01 PM AST,385
14-Mar-19 3:30:01 PM AST,363
14-Mar-19 3:45:01 PM AST,329
14-Mar-19 4:00:02 PM AST,300
14-Mar-19 4:15:01 PM AST,255
14-Mar-19 4:30:01 PM AST,218
14-Mar-19 4:45:01 PM AST,182
14-Mar-19 5:00:01 PM AST,139
14-Mar-19 5:15:01 PM AST,103
14-Mar-19 5:30:02 PM AST,68
14-Mar-19 5:45:01 PM AST,51
14-Mar-19 6:00:02 PM AST,18
14-Mar-19 6:15:01 PM AST,2
14-Mar-19 6:30:01 PM AST,0
14-Mar-19 6:45:01 PM AST,0
14-Mar-19 7:00:01 PM AST,0
14-Mar-19 7:15:02 PM AST,0
14-Mar-19 7:30:01 PM AST,0
14-Mar-19 7:45:01 PM AST,0
14-Mar-19 8:00:02 PM AST,0
14-Mar-19 8:15:02 PM AST,0
14-Mar-19 8:30:01 PM AST,0
14-Mar-19 8:45:01 PM AST,0
14-Mar-19 9:00:02 PM AST,0
14-Mar-19 9:15:01 PM AST,0
14-Mar-19 9:30:01 PM AST,0
14-Mar-19 9:45:02 PM AST,0
14-Mar-19 10:00:01 PM AST,0
14-Mar-19 10:15:02 PM AST,0
14-Mar-19 10:30:01 PM AST,0
14-Mar-19 10:45:01 PM AST,0
14-Mar-19 11:00:01 PM AST,0
14-Mar-19 11:15:01 PM AST,0
14-Mar-19 11:30:01 PM AST,0
14-Mar-19 11:45:02 PM AST,0
15-Mar-19 12:00:01 AM AST,0
15-Mar-19 12:15:01 AM AST,0
15-Mar-19 12:30:01 AM AST,0
15-Mar-19 12:45:01 AM AST,0
15-Mar-19 1:00:01 AM AST,0
15-Mar-19 1:15:02 AM AST,0
15-Mar-19 1:30:01 AM AST,0
15-Mar-19 1:45:01 AM AST,0
15-Mar-19 2:00:01 AM AST,0
15-Mar-19 2:15:02 AM AST,0
15-Mar-19 2:30:02 AM AST,0
15-Mar-19 2:45:02 AM AST,0
15-Mar-19 3:00:01 AM AST,0
15-Mar-19 3:15:01 AM AST,0
15-Mar-19 3:30:01 AM AST,0
15-Mar-19 3:45:01 AM AST,0
15-Mar-19 4:00:01 AM AST,0
15-Mar-19 4:15:02 AM AST,0
15-Mar-19 4:30:02 AM AST,0
15-Mar-19 4:45:01 AM AST,0
15-Mar-19 5:00:02 AM AST,0
15-Mar-19 5:15:01 AM AST,0
15-Mar-19 5:30:01 AM AST,0
15-Mar-19 5:45:01 AM AST,0
15-Mar-19 6:00:01 AM AST,0
15-Mar-19 6:15:02 AM AST,0
15-Mar-19 6:30:01 AM AST,0
15-Mar-19 6:45:02 AM AST,0
15-Mar-19 7:00:02 AM AST,20
15-Mar-19 7:15:01 AM AST,50
15-Mar-19 7:30:01 AM AST,80
15-Mar-19 7:45:01 AM AST,105
15-Mar-19 8:00:01 AM AST,137
15-Mar-19 8:15:02 AM AST,179
15-Mar-19 8:30:02 AM AST,205
15-Mar-19 8:45:01 AM AST,252
15-Mar-19 9:00:02 AM AST,294
15-Mar-19 9:15:01 AM AST,330
15-Mar-19 9:30:03 AM AST,367
15-Mar-19 9:45:02 AM AST,397
15-Mar-19 10:00:01 AM AST,425
15-Mar-19 10:15:02 AM AST,448
15-Mar-19 10:30:02 AM AST,474
15-Mar-19 10:45:01 AM AST,491
15-Mar-19 11:00:01 AM AST,520
15-Mar-19 11:15:02 AM AST,543
15-Mar-19 11:30:01 AM AST,558
15-Mar-19 11:45:01 AM AST,571
15-Mar-19 12:00:02 PM AST,585
15-Mar-19 12:15:01 PM AST,595
15-Mar-19 12:30:01 PM AST,591
15-Mar-19 12:45:01 PM AST,587
15-Mar-19 1:00:01 PM AST,581
15-Mar-19 1:15:02 PM AST,581
15-Mar-19 1:30:01 PM AST,564
15-Mar-19 1:45:01 PM AST,555
15-Mar-19 2:00:01 PM AST,533
15-Mar-19 2:15:01 PM AST,457
15-Mar-19 2:30:01 PM AST,481
15-Mar-19 2:45:02 PM AST,457
15-Mar-19 3:00:02 PM AST,436
15-Mar-19 3:15:01 PM AST,404
15-Mar-19 3:30:01 PM AST,364
15-Mar-19 3:45:02 PM AST,362
15-Mar-19 4:00:02 PM AST,233
15-Mar-19 4:15:01 PM AST,279
15-Mar-19 4:30:02 PM AST,233
15-Mar-19 4:45:01 PM AST,196
15-Mar-19 5:00:01 PM AST,156
15-Mar-19 5:15:01 PM AST,87
15-Mar-19 5:30:01 PM AST,50
15-Mar-19 5:45:01 PM AST,40
15-Mar-19 6:00:01 PM AST,23
15-Mar-19 6:15:02 PM AST,4
15-Mar-19 6:30:02 PM AST,2
15-Mar-19 6:45:02 PM AST,0
15-Mar-19 7:00:02 PM AST,0
15-Mar-19 7:15:01 PM AST,0
15-Mar-19 7:30:02 PM AST,0
15-Mar-19 7:45:01 PM AST,0
15-Mar-19 8:00:01 PM AST,0
15-Mar-19 8:15:01 PM AST,0
15-Mar-19 8:30:01 PM AST,0
15-Mar-19 8:45:01 PM AST,0
15-Mar-19 9:00:01 PM AST,0
15-Mar-19 9:15:01 PM AST,0
15-Mar-19 9:30:01 PM AST,0
15-Mar-19 9:45:01 PM AST,0
15-Mar-19 10:00:01 PM AST,0
15-Mar-19 10:15:01 PM AST,0
15-Mar-19 10:30:01 PM AST,0
15-Mar-19 10:45:01 PM AST,0
15-Mar-19 11:00:01 PM AST,0
15-Mar-19 11:15:02 PM AST,0
15-Mar-19 11:30:02 PM AST,0
15-Mar-19 11:45:01 PM AST,0
16-Mar-19 12:00:01 AM AST,0
16-Mar-19 12:15:01 AM AST,0
16-Mar-19 12:30:02 AM AST,0
16-Mar-19 12:45:01 AM AST,0
16-Mar-19 1:00:02 AM AST,0
16-Mar-19 1:15:01 AM AST,0
16-Mar-19 1:30:01 AM AST,0
16-Mar-19 1:45:01 AM AST,0
16-Mar-19 2:00:01 AM AST,0
16-Mar-19 2:15:01 AM AST,0
16-Mar-19 2:30:01 AM AST,0
16-Mar-19 2:45:02 AM AST,0
16-Mar-19 3:00:01 AM AST,0
16-Mar-19 3:15:01 AM AST,0
16-Mar-19 3:30:02 AM AST,0
16-Mar-19 3:45:01 AM AST,0
16-Mar-19 4:00:01 AM AST,0
16-Mar-19 4:15:01 AM AST,0
16-Mar-19 4:30:01 AM AST,0
16-Mar-19 4:45:02 AM AST,0
16-Mar-19 5:00:02 AM AST,0
16-Mar-19 5:15:01 AM AST,0
16-Mar-19 5:30:02 AM AST,0
16-Mar-19 5:45:01 AM AST,0
16-Mar-19 6:00:01 AM AST,0
16-Mar-19 6:15:01 AM AST,0
16-Mar-19 6:30:01 AM AST,0
16-Mar-19 6:45:02 AM AST,1
16-Mar-19 7:00:01 AM AST,19
16-Mar-19 7:15:01 AM AST,32
16-Mar-19 7:30:01 AM AST,64
16-Mar-19 7:45:01 AM AST,105
16-Mar-19 8:00:01 AM AST,147
16-Mar-19 8:15:01 AM AST,156
16-Mar-19 8:30:02 AM AST,224
16-Mar-19 8:45:01 AM AST,228
16-Mar-19 9:00:01 AM AST,328
16-Mar-19 9:15:01 AM AST,181
16-Mar-19 9:30:01 AM AST,395
16-Mar-19 9:45:01 AM AST,442
16-Mar-19 10:00:01 AM AST,396
16-Mar-19 10:15:01 AM AST,477
16-Mar-19 10:30:01 AM AST,485
16-Mar-19 10:45:01 AM AST,499
16-Mar-19 11:00:02 AM AST,525
16-Mar-19 11:15:01 AM AST,554
16-Mar-19 11:30:01 AM AST,569
16-Mar-19 11:45:01 AM AST,579
16-Mar-19 12:00:01 PM AST,608
16-Mar-19 12:15:01 PM AST,620
16-Mar-19 12:30:01 PM AST,601
16-Mar-19 12:45:01 PM AST,585
16-Mar-19 1:00:01 PM AST,582
16-Mar-19 1:15:02 PM AST,578
16-Mar-19 1:30:01 PM AST,559
16-Mar-19 1:45:01 PM AST,553
16-Mar-19 2:00:01 PM AST,538
16-Mar-19 2:15:01 PM AST,527
16-Mar-19 2:30:01 PM AST,501
16-Mar-19 2:45:02 PM AST,485
16-Mar-19 3:00:02 PM AST,456
16-Mar-19 3:15:01 PM AST,431
16-Mar-19 3:30:01 PM AST,402
16-Mar-19 3:45:01 PM AST,364
16-Mar-19 4:00:01 PM AST,337
16-Mar-19 4:15:01 PM AST,287
16-Mar-19 4:30:02 PM AST,191
16-Mar-19 4:45:02 PM AST,187
16-Mar-19 5:00:01 PM AST,167
16-Mar-19 5:15:02 PM AST,123
16-Mar-19 5:30:02 PM AST,94
16-Mar-19 5:45:01 PM AST,57
16-Mar-19 6:00:01 PM AST,28
16-Mar-19 6:15:01 PM AST,0
16-Mar-19 6:30:01 PM AST,1
16-Mar-19 6:45:01 PM AST,0
16-Mar-19 7:00:01 PM AST,0
16-Mar-19 7:15:01 PM AST,0
16-Mar-19 7:30:01 PM AST,0
16-Mar-19 7:45:01 PM AST,0
16-Mar-19 8:00:01 PM AST,0
16-Mar-19 8:15:01 PM AST,0
16-Mar-19 8:30:01 PM AST,0
16-Mar-19 8:45:01 PM AST,0
16-Mar-19 9:00:02 PM AST,0
16-Mar-19 9:15:02 PM AST,0
16-Mar-19 9:30:01 PM AST,0
16-Mar-19 9:45:01 PM AST,0
16-Mar-19 10:00:01 PM AST,0
16-Mar-19 10:15:02 PM AST,0
16-Mar-19 10:30:01 PM AST,0
16-Mar-19 10:45:01 PM AST,0
16-Mar-19 11:00:02 PM AST,0
16-Mar-19 11:15:01 PM AST,0
16-Mar-19 11:30:02 PM AST,0
16-Mar-19 11:45:02 PM AST,0
17-Mar-19 12:00:02 AM AST,0
17-Mar-19 12:15:01 AM AST,0
17-Mar-19 12:30:02 AM AST,0
17-Mar-19 12:45:01 AM AST,0
17-Mar-19 1:00:01 AM AST,0
17-Mar-19 1:15:02 AM AST,0
17-Mar-19 1:30:02 AM AST,0
17-Mar-19 1:45:01 AM AST,0
17-Mar-19 2:00:02 AM AST,0
17-Mar-19 2:15:01 AM AST,0
17-Mar-19 2:30:01 AM AST,0
17-Mar-19 2:45:01 AM AST,0
17-Mar-19 3:00:02 AM AST,0
17-Mar-19 3:15:01 AM AST,0
17-Mar-19 3:30:01 AM AST,0
17-Mar-19 3:45:01 AM AST,0
17-Mar-19 4:00:01 AM AST,0
17-Mar-19 4:15:01 AM AST,0
17-Mar-19 4:30:01 AM AST,0
17-Mar-19 4:45:01 AM AST,0
17-Mar-19 5:00:01 AM AST,0
17-Mar-19 5:15:01 AM AST,0
17-Mar-19 5:30:02 AM AST,0
17-Mar-19 5:45:01 AM AST,0
17-Mar-19 6:00:01 AM AST,0
17-Mar-19 6:15:01 AM AST,0
17-Mar-19 6:30:01 AM AST,4
17-Mar-19 6:45:01 AM AST,8
17-Mar-19 7:00:01 AM AST,22
17-Mar-19 7:15:01 AM AST,44
17-Mar-19 7:30:03 AM AST,68
17-Mar-19 7:45:02 AM AST,93
17-Mar-19 8:00:01 AM AST,145
17-Mar-19 8:15:02 AM AST,196
17-Mar-19 8:30:01 AM AST,231
17-Mar-19 8:45:01 AM AST,291
17-Mar-19 9:00:02 AM AST,248
17-Mar-19 9:15:02 AM AST,381
17-Mar-19 9:30:02 AM AST,359
17-Mar-19 9:45:01 AM AST,447
17-Mar-19 10:00:01 AM AST,467
17-Mar-19 10:15:01 AM AST,489
17-Mar-19 10:30:01 AM AST,523
17-Mar-19 10:45:01 AM AST,538
17-Mar-19 11:00:01 AM AST,571
17-Mar-19 11:15:01 AM AST,597
17-Mar-19 11:30:02 AM AST,610
17-Mar-19 11:45:01 AM AST,631
17-Mar-19 12:00:01 PM AST,631
17-Mar-19 12:15:01 PM AST,638
17-Mar-19 12:30:01 PM AST,634
17-Mar-19 12:45:01 PM AST,633
17-Mar-19 1:00:01 PM AST,630
17-Mar-19 1:15:01 PM AST,616
17-Mar-19 1:30:01 PM AST,622
17-Mar-19 1:45:01 PM AST,610
17-Mar-19 2:00:01 PM AST,596
17-Mar-19 2:15:01 PM AST,575
17-Mar-19 2:30:01 PM AST,555
17-Mar-19 2:45:01 PM AST,533
17-Mar-19 3:00:01 PM AST,505
17-Mar-19 3:15:01 PM AST,470
17-Mar-19 3:30:02 PM AST,436
17-Mar-19 3:45:01 PM AST,399
17-Mar-19 4:00:01 PM AST,361
17-Mar-19 4:15:01 PM AST,315
17-Mar-19 4:30:01 PM AST,278
17-Mar-19 4:45:01 PM AST,228
17-Mar-19 5:00:02 PM AST,194
17-Mar-19 5:15:02 PM AST,145
17-Mar-19 5:30:01 PM AST,98
17-Mar-19 5:45:02 PM AST,62
17-Mar-19 6:00:01 PM AST,30
17-Mar-19 6:15:02 PM AST,3
17-Mar-19 6:30:01 PM AST,2
17-Mar-19 6:45:01 PM AST,0
17-Mar-19 7:00:01 PM AST,0
17-Mar-19 7:15:01 PM AST,0
17-Mar-19 7:30:01 PM AST,0
17-Mar-19 7:45:01 PM AST,0
17-Mar-19 8:00:01 PM AST,0
17-Mar-19 8:15:01 PM AST,0
17-Mar-19 8:30:01 PM AST,0
17-Mar-19 8:45:01 PM AST,0
17-Mar-19 9:00:01 PM AST,0
17-Mar-19 9:15:01 PM AST,0
17-Mar-19 9:30:02 PM AST,0
17-Mar-19 9:45:01 PM AST,0
17-Mar-19 10:00:01 PM AST,0
17-Mar-19 10:15:01 PM AST,0
17-Mar-19 10:30:01 PM AST,0
17-Mar-19 10:45:01 PM AST,0
17-Mar-19 11:00:01 PM AST,0
17-Mar-19 11:15:01 PM AST,0
17-Mar-19 11:30:01 PM AST,0
17-Mar-19 11:45:01 PM AST,0
18-Mar-19 12:00:02 AM AST,0
18-Mar-19 12:15:01 AM AST,0
18-Mar-19 12:30:02 AM AST,0
18-Mar-19 12:45:01 AM AST,0
18-Mar-19 1:00:01 AM AST,0
18-Mar-19 1:15:02 AM AST,0
18-Mar-19 1:30:02 AM AST,0
18-Mar-19 1:45:02 AM AST,0
18-Mar-19 2:00:01 AM AST,0
18-Mar-19 2:15:01 AM AST,0
18-Mar-19 2:30:01 AM AST,0
18-Mar-19 2:45:01 AM AST,0
18-Mar-19 3:00:01 AM AST,0
18-Mar-19 3:15:01 AM AST,0
18-Mar-19 3:30:02 AM AST,0
18-Mar-19 3:45:01 AM AST,0
18-Mar-19 4:00:01 AM AST,0
18-Mar-19 4:15:01 AM AST,0
18-Mar-19 4:30:01 AM AST,0
18-Mar-19 4:45:01 AM AST,0
18-Mar-19 5:00:01 AM AST,0
18-Mar-19 5:15:02 AM AST,0
18-Mar-19 5:30:02 AM AST,0
18-Mar-19 5:45:01 AM AST,0
18-Mar-19 6:00:01 AM AST,0
18-Mar-19 6:15:01 AM AST,0
18-Mar-19 6:30:02 AM AST,2
18-Mar-19 6:45:01 AM AST,4
18-Mar-19 7:00:01 AM AST,25
18-Mar-19 7:15:01 AM AST,46
18-Mar-19 7:30:01 AM AST,73
18-Mar-19 7:45:01 AM AST,107
18-Mar-19 8:00:01 AM AST,142
18-Mar-19 8:15:01 AM AST,188
18-Mar-19 8:30:01 AM AST,234
18-Mar-19 8:45:01 AM AST,277
18-Mar-19 9:00:02 AM AST,329
18-Mar-19 9:15:02 AM AST,294
18-Mar-19 9:30:01 AM AST,251
18-Mar-19 9:45:02 AM AST,401
18-Mar-19 10:00:01 AM AST,300
18-Mar-19 10:15:02 AM AST,482
18-Mar-19 10:30:01 AM AST,387
18-Mar-19 10:45:01 AM AST,529
18-Mar-19 11:00:02 AM AST,520
18-Mar-19 11:15:00 AM AST,545
18-Mar-19 11:30:01 AM AST,474
18-Mar-19 11:45:02 AM AST,644
18-Mar-19 12:00:01 PM AST,664
18-Mar-19 12:15:01 PM AST,674
18-Mar-19 12:30:01 PM AST,501
18-Mar-19 12:45:02 PM AST,263
18-Mar-19 1:00:01 PM AST,311
18-Mar-19 1:15:01 PM AST,327
18-Mar-19 1:30:01 PM AST,205
18-Mar-19 1:45:01 PM AST,354
18-Mar-19 2:00:01 PM AST,279
18-Mar-19 2:15:02 PM AST,194
18-Mar-19 2:30:02 PM AST,215
18-Mar-19 2:45:01 PM AST,159
18-Mar-19 3:00:01 PM AST,280
18-Mar-19 3:15:02 PM AST,139
18-Mar-19 3:30:02 PM AST,402
18-Mar-19 3:45:01 PM AST,368
18-Mar-19 4:00:01 PM AST,288
18-Mar-19 4:15:02 PM AST,280
18-Mar-19 4:30:01 PM AST,202
18-Mar-19 4:45:01 PM AST,153
18-Mar-19 5:00:01 PM AST,115
18-Mar-19 5:15:02 PM AST,103
18-Mar-19 5:30:01 PM AST,80
18-Mar-19 5:45:02 PM AST,49
18-Mar-19 6:00:01 PM AST,16
18-Mar-19 6:15:01 PM AST,0
18-Mar-19 6:30:01 PM AST,0
18-Mar-19 6:45:01 PM AST,0
18-Mar-19 7:00:01 PM AST,0
18-Mar-19 7:15:01 PM AST,0
18-Mar-19 7:30:01 PM AST,0
18-Mar-19 7:45:02 PM AST,0
18-Mar-19 8:00:01 PM AST,0
18-Mar-19 8:15:02 PM AST,0
18-Mar-19 8:30:02 PM AST,0
18-Mar-19 8:45:02 PM AST,0
18-Mar-19 9:00:01 PM AST,0
18-Mar-19 9:15:01 PM AST,0
18-Mar-19 9:30:01 PM AST,0
18-Mar-19 9:45:01 PM AST,0
18-Mar-19 10:00:01 PM AST,0
18-Mar-19 10:15:01 PM AST,0
18-Mar-19 10:30:03 PM AST,0
18-Mar-19 10:45:02 PM AST,0
18-Mar-19 11:00:01 PM AST,0
18-Mar-19 11:15:02 PM AST,0
18-Mar-19 11:30:01 PM AST,0
18-Mar-19 11:45:01 PM AST,0
19-Mar-19 12:00:02 AM AST,0
19-Mar-19 12:15:01 AM AST,0
19-Mar-19 12:30:01 AM AST,0
19-Mar-19 12:45:01 AM AST,0
19-Mar-19 1:00:01 AM AST,0
19-Mar-19 1:15:01 AM AST,0
19-Mar-19 1:30:01 AM AST,0
19-Mar-19 1:45:01 AM AST,0
19-Mar-19 2:00:01 AM AST,0
19-Mar-19 2:15:01 AM AST,0
19-Mar-19 2:30:01 AM AST,0
19-Mar-19 2:45:02 AM AST,0
19-Mar-19 3:00:01 AM AST,0
19-Mar-19 3:15:01 AM AST,0
19-Mar-19 3:30:01 AM AST,0
19-Mar-19 3:45:01 AM AST,0
19-Mar-19 4:00:02 AM AST,0
19-Mar-19 4:15:01 AM AST,0
19-Mar-19 4:30:01 AM AST,0
19-Mar-19 4:45:02 AM AST,0
19-Mar-19 5:00:02 AM AST,0
19-Mar-19 5:15:02 AM AST,0
19-Mar-19 5:30:02 AM AST,0
19-Mar-19 5:45:01 AM AST,0
19-Mar-19 6:00:02 AM AST,0
19-Mar-19 6:15:01 AM AST,0
19-Mar-19 6:30:01 AM AST,0
19-Mar-19 6:45:02 AM AST,0
19-Mar-19 7:00:01 AM AST,13
19-Mar-19 7:15:02 AM AST,37
19-Mar-19 7:30:01 AM AST,80
19-Mar-19 7:45:01 AM AST,108
19-Mar-19 8:00:01 AM AST,125
19-Mar-19 8:15:02 AM AST,185
19-Mar-19 8:30:01 AM AST,185
19-Mar-19 8:45:01 AM AST,229
19-Mar-19 9:00:01 AM AST,285
19-Mar-19 9:15:01 AM AST,190
19-Mar-19 9:30:02 AM AST,263
19-Mar-19 9:45:01 AM AST,392
19-Mar-19 10:00:01 AM AST,253
19-Mar-19 10:15:02 AM AST,205
19-Mar-19 10:30:01 AM AST,248
19-Mar-19 10:45:02 AM AST,289
19-Mar-19 11:00:01 AM AST,284
19-Mar-19 11:15:02 AM AST,485
19-Mar-19 11:30:02 AM AST,544
19-Mar-19 11:45:02 AM AST,376
19-Mar-19 12:00:01 PM AST,517
19-Mar-19 12:15:01 PM AST,549
19-Mar-19 12:30:01 PM AST,202
19-Mar-19 12:45:02 PM AST,470
19-Mar-19 1:00:02 PM AST,384
19-Mar-19 1:15:01 PM AST,259
19-Mar-19 1:30:01 PM AST,259
19-Mar-19 1:45:01 PM AST,170
19-Mar-19 2:00:01 PM AST,169
19-Mar-19 2:15:02 PM AST,310
19-Mar-19 2:30:01 PM AST,261
19-Mar-19 2:45:01 PM AST,222
19-Mar-19 3:00:02 PM AST,423
19-Mar-19 3:15:01 PM AST,239
19-Mar-19 3:30:01 PM AST,357
19-Mar-19 3:45:01 PM AST,295
19-Mar-19 4:00:01 PM AST,254
19-Mar-19 4:15:01 PM AST,245
19-Mar-19 4:30:01 PM AST,213
19-Mar-19 4:45:01 PM AST,192
19-Mar-19 5:00:01 PM AST,129
19-Mar-19 5:15:01 PM AST,133
19-Mar-19 5:30:02 PM AST,27
19-Mar-19 5:45:01 PM AST,26
19-Mar-19 6:00:01 PM AST,25
19-Mar-19 6:15:02 PM AST,1
19-Mar-19 6:30:01 PM AST,0
19-Mar-19 6:45:01 PM AST,0
19-Mar-19 7:00:02 PM AST,0
19-Mar-19 7:15:01 PM AST,0
19-Mar-19 7:30:01 PM AST,0
19-Mar-19 7:45:01 PM AST,0
19-Mar-19 8:00:02 PM AST,0
19-Mar-19 8:15:01 PM AST,0
19-Mar-19 8:30:01 PM AST,0
19-Mar-19 8:45:02 PM AST,0
19-Mar-19 9:00:02 PM AST,0
19-Mar-19 9:15:01 PM AST,0
19-Mar-19 9:30:01 PM AST,0
19-Mar-19 9:45:01 PM AST,0
19-Mar-19 10:00:01 PM AST,0
19-Mar-19 10:15:01 PM AST,0
19-Mar-19 10:30:02 PM AST,0
19-Mar-19 10:45:01 PM AST,0
19-Mar-19 11:00:01 PM AST,0
19-Mar-19 11:15:01 PM AST,0
19-Mar-19 11:30:01 PM AST,0
19-Mar-19 11:45:02 PM AST,0
20-Mar-19 12:00:02 AM AST,0
20-Mar-19 12:15:01 AM AST,0
20-Mar-19 12:30:01 AM AST,0
20-Mar-19 12:45:01 AM AST,0
20-Mar-19 1:00:01 AM AST,0
20-Mar-19 1:15:02 AM AST,0
20-Mar-19 1:30:01 AM AST,0
20-Mar-19 1:45:01 AM AST,0
20-Mar-19 2:00:01 AM AST,0
20-Mar-19 2:15:01 AM AST,0
20-Mar-19 2:30:01 AM AST,0
20-Mar-19 2:45:02 AM AST,0
20-Mar-19 3:00:01 AM AST,0
20-Mar-19 3:15:01 AM AST,0
20-Mar-19 3:30:01 AM AST,0
20-Mar-19 3:45:03 AM AST,0
20-Mar-19 4:00:01 AM AST,0
20-Mar-19 4:15:01 AM AST,0
20-Mar-19 4:30:02 AM AST,0
20-Mar-19 4:45:01 AM AST,0
20-Mar-19 5:00:02 AM AST,0
20-Mar-19 5:15:01 AM AST,0
20-Mar-19 5:30:01 AM AST,0
20-Mar-19 5:45:02 AM AST,0
20-Mar-19 6:00:02 AM AST,0
20-Mar-19 6:15:02 AM AST,0
20-Mar-19 6:30:02 AM AST,0
20-Mar-19 6:45:01 AM AST,7
20-Mar-19 7:00:01 AM AST,32
20-Mar-19 7:15:01 AM AST,29
20-Mar-19 7:30:01 AM AST,58
20-Mar-19 7:45:01 AM AST,106
20-Mar-19 8:00:01 AM AST,146
20-Mar-19 8:15:01 AM AST,122
20-Mar-19 8:30:01 AM AST,182
20-Mar-19 8:45:02 AM AST,184
20-Mar-19 9:00:01 AM AST,174
20-Mar-19 9:15:01 AM AST,135
20-Mar-19 9:30:01 AM AST,423
20-Mar-19 9:45:01 AM AST,383
20-Mar-19 10:00:02 AM AST,396
20-Mar-19 10:15:02 AM AST,438
20-Mar-19 10:30:01 AM AST,324
20-Mar-19 10:45:02 AM AST,318
20-Mar-19 11:00:01 AM AST,399
20-Mar-19 11:15:01 AM AST,433
20-Mar-19 11:30:01 AM AST,505
20-Mar-19 11:45:00 AM AST,501
20-Mar-19 12:00:01 PM AST,509
20-Mar-19 12:15:01 PM AST,523
20-Mar-19 12:30:02 PM AST,523
20-Mar-19 12:45:02 PM AST,523
20-Mar-19 1:00:02 PM AST,516
20-Mar-19 1:15:02 PM AST,520
20-Mar-19 1:30:01 PM AST,514
20-Mar-19 1:45:01 PM AST,505
20-Mar-19 2:00:01 PM AST,459
20-Mar-19 2:15:02 PM AST,477
20-Mar-19 2:30:02 PM AST,458
20-Mar-19 2:45:01 PM AST,441
20-Mar-19 3:00:02 PM AST,362
20-Mar-19 3:15:01 PM AST,388
20-Mar-19 3:30:02 PM AST,367
20-Mar-19 3:45:01 PM AST,338
20-Mar-19 4:00:01 PM AST,312
20-Mar-19 4:15:01 PM AST,274
20-Mar-19 4:30:01 PM AST,210
20-Mar-19 4:45:01 PM AST,190
20-Mar-19 5:00:01 PM AST,138
20-Mar-19 5:15:01 PM AST,117
20-Mar-19 5:30:01 PM AST,68
20-Mar-19 5:45:02 PM AST,37
20-Mar-19 6:00:01 PM AST,26
20-Mar-19 6:15:01 PM AST,16
20-Mar-19 6:30:02 PM AST,0
20-Mar-19 6:45:02 PM AST,0
20-Mar-19 7:00:01 PM AST,0
20-Mar-19 7:15:01 PM AST,0
20-Mar-19 7:30:01 PM AST,0
20-Mar-19 7:45:01 PM AST,0
20-Mar-19 8:00:01 PM AST,0
20-Mar-19 8:15:02 PM AST,0
20-Mar-19 8:30:03 PM AST,0
20-Mar-19 8:45:02 PM AST,0
20-Mar-19 9:00:01 PM AST,0
20-Mar-19 9:15:02 PM AST,0
20-Mar-19 9:30:01 PM AST,0
20-Mar-19 9:45:02 PM AST,0
20-Mar-19 10:00:01 PM AST,0
20-Mar-19 10:15:01 PM AST,0
20-Mar-19 10:30:01 PM AST,0
20-Mar-19 10:45:02 PM AST,0
20-Mar-19 11:00:01 PM AST,0
20-Mar-19 11:15:01 PM AST,0
20-Mar-19 11:30:01 PM AST,0
20-Mar-19 11:45:01 PM AST,0
21-Mar-19 12:00:01 AM AST,0
21-Mar-19 12:15:01 AM AST,0
21-Mar-19 12:30:01 AM AST,0
21-Mar-19 12:45:01 AM AST,0
21-Mar-19 1:00:01 AM AST,0
21-Mar-19 1:15:01 AM AST,0
21-Mar-19 1:30:01 AM AST,0
21-Mar-19 1:45:01 AM AST,0
21-Mar-19 2:00:01 AM AST,0
21-Mar-19 2:15:01 AM AST,0
21-Mar-19 2:30:02 AM AST,0
21-Mar-19 2:45:01 AM AST,0
21-Mar-19 3:00:01 AM AST,0
21-Mar-19 3:15:01 AM AST,0
21-Mar-19 3:30:01 AM AST,0
21-Mar-19 3:45:01 AM AST,0
21-Mar-19 4:00:01 AM AST,0
21-Mar-19 4:15:01 AM AST,0
21-Mar-19 4:30:01 AM AST,0
21-Mar-19 4:45:02 AM AST,0
21-Mar-19 5:00:02 AM AST,0
21-Mar-19 5:15:01 AM AST,0
21-Mar-19 5:30:01 AM AST,0
21-Mar-19 5:45:01 AM AST,0
21-Mar-19 6:00:01 AM AST,0
21-Mar-19 6:15:01 AM AST,0
21-Mar-19 6:30:01 AM AST,3
21-Mar-19 6:45:01 AM AST,7
21-Mar-19 7:00:01 AM AST,17
21-Mar-19 7:15:01 AM AST,36
21-Mar-19 7:30:02 AM AST,80
21-Mar-19 7:45:01 AM AST,116
21-Mar-19 8:00:02 AM AST,97
21-Mar-19 8:15:01 AM AST,163
21-Mar-19 8:30:01 AM AST,209
21-Mar-19 8:45:01 AM AST,252
21-Mar-19 9:00:02 AM AST,303
21-Mar-19 9:15:01 AM AST,212
21-Mar-19 9:30:01 AM AST,360
21-Mar-19 9:45:02 AM AST,383
21-Mar-19 10:00:01 AM AST,406
21-Mar-19 10:15:01 AM AST,409
21-Mar-19 10:30:01 AM AST,433
21-Mar-19 10:45:01 AM AST,446
21-Mar-19 11:00:01 AM AST,470
21-Mar-19 11:15:01 AM AST,496
21-Mar-19 11:30:01 AM AST,511
21-Mar-19 11:45:01 AM AST,533
21-Mar-19 12:00:01 PM AST,539
21-Mar-19 12:15:02 PM AST,545
21-Mar-19 12:30:01 PM AST,540
21-Mar-19 12:45:01 PM AST,551
21-Mar-19 1:00:01 PM AST,552
21-Mar-19 1:15:01 PM AST,550
21-Mar-19 1:30:02 PM AST,539
21-Mar-19 1:45:02 PM AST,525
21-Mar-19 2:00:01 PM AST,507
21-Mar-19 2:15:01 PM AST,490
21-Mar-19 2:30:01 PM AST,478
21-Mar-19 2:45:01 PM AST,450
21-Mar-19 3:00:01 PM AST,428
21-Mar-19 3:15:01 PM AST,396
21-Mar-19 3:30:02 PM AST,372
21-Mar-19 3:45:01 PM AST,340
21-Mar-19 4:00:01 PM AST,304
21-Mar-19 4:15:02 PM AST,259
21-Mar-19 4:30:01 PM AST,233
21-Mar-19 4:45:01 PM AST,190
21-Mar-19 5:00:01 PM AST,148
21-Mar-19 5:15:02 PM AST,119
21-Mar-19 5:30:01 PM AST,82
21-Mar-19 5:45:01 PM AST,59
21-Mar-19 6:00:01 PM AST,31
21-Mar-19 6:15:01 PM AST,6
21-Mar-19 6:30:02 PM AST,3
21-Mar-19 6:45:02 PM AST,0
21-Mar-19 7:00:01 PM AST,0
21-Mar-19 7:15:01 PM AST,0
21-Mar-19 7:30:02 PM AST,0
21-Mar-19 7:45:01 PM AST,0
21-Mar-19 8:00:01 PM AST,0
21-Mar-19 8:15:02 PM AST,0
21-Mar-19 8:30:01 PM AST,0
21-Mar-19 8:45:01 PM AST,0
21-Mar-19 9:00:01 PM AST,0
21-Mar-19 9:15:01 PM AST,0
21-Mar-19 9:30:01 PM AST,0
21-Mar-19 9:45:01 PM AST,0
21-Mar-19 10:00:02 PM AST,0
21-Mar-19 10:15:02 PM AST,0
21-Mar-19 10:30:01 PM AST,0
21-Mar-19 10:45:01 PM AST,0
21-Mar-19 11:00:01 PM AST,0
21-Mar-19 11:15:01 PM AST,0
21-Mar-19 11:30:01 PM AST,0
21-Mar-19 11:45:01 PM AST,0
22-Mar-19 12:00:01 AM AST,0
22-Mar-19 12:15:01 AM AST,0
22-Mar-19 12:30:01 AM AST,0
22-Mar-19 12:45:01 AM AST,0
22-Mar-19 1:00:01 AM AST,0
22-Mar-19 1:15:01 AM AST,0
22-Mar-19 1:30:01 AM AST,0
22-Mar-19 1:45:02 AM AST,0
22-Mar-19 2:00:01 AM AST,0
22-Mar-19 2:15:01 AM AST,0
22-Mar-19 2:30:01 AM AST,0
22-Mar-19 2:45:01 AM AST,0
22-Mar-19 3:00:01 AM AST,0
22-Mar-19 3:15:01 AM AST,0
22-Mar-19 3:30:01 AM AST,0
22-Mar-19 3:45:01 AM AST,0
22-Mar-19 4:00:03 AM AST,0
22-Mar-19 4:15:02 AM AST,0
22-Mar-19 4:30:02 AM AST,0
22-Mar-19 4:45:01 AM AST,0
22-Mar-19 5:00:01 AM AST,0
22-Mar-19 5:15:01 AM AST,0
22-Mar-19 5:30:01 AM AST,0
22-Mar-19 5:45:01 AM AST,0
22-Mar-19 6:00:01 AM AST,0
22-Mar-19 6:15:01 AM AST,0
22-Mar-19 6:30:01 AM AST,1
22-Mar-19 6:45:01 AM AST,9
22-Mar-19 7:00:01 AM AST,35
22-Mar-19 7:15:01 AM AST,63
22-Mar-19 7:30:01 AM AST,85
22-Mar-19 7:45:01 AM AST,120
22-Mar-19 8:00:01 AM AST,144
22-Mar-19 8:15:01 AM AST,183
22-Mar-19 8:30:01 AM AST,222
22-Mar-19 8:45:01 AM AST,259
22-Mar-19 9:00:01 AM AST,298
22-Mar-19 9:15:01 AM AST,335
22-Mar-19 9:30:01 AM AST,366
22-Mar-19 9:45:01 AM AST,369
22-Mar-19 10:00:01 AM AST,430
22-Mar-19 10:15:02 AM AST,451
22-Mar-19 10:30:02 AM AST,466
22-Mar-19 10:45:01 AM AST,504
22-Mar-19 11:00:01 AM AST,525
22-Mar-19 11:15:01 AM AST,553
22-Mar-19 11:30:03 AM AST,558
22-Mar-19 11:45:02 AM AST,580
22-Mar-19 12:00:01 PM AST,576
22-Mar-19 12:15:02 PM AST,580
22-Mar-19 12:30:01 PM AST,585
22-Mar-19 12:45:01 PM AST,584
22-Mar-19 1:00:01 PM AST,575
22-Mar-19 1:15:01 PM AST,574
22-Mar-19 1:30:02 PM AST,568
22-Mar-19 1:45:01 PM AST,555
22-Mar-19 2:00:01 PM AST,539
22-Mar-19 2:15:01 PM AST,530
22-Mar-19 2:30:02 PM AST,306
22-Mar-19 2:45:01 PM AST,302
22-Mar-19 3:00:02 PM AST,464
22-Mar-19 3:15:01 PM AST,335
22-Mar-19 3:30:01 PM AST,348
22-Mar-19 3:45:01 PM AST,364
22-Mar-19 4:00:01 PM AST,311
22-Mar-19 4:15:01 PM AST,273
22-Mar-19 4:30:01 PM AST,231
22-Mar-19 4:45:01 PM AST,170
22-Mar-19 5:00:01 PM AST,161
22-Mar-19 5:15:01 PM AST,114
22-Mar-19 5:30:01 PM AST,119
22-Mar-19 5:45:03 PM AST,61
22-Mar-19 6:00:02 PM AST,36
22-Mar-19 6:15:02 PM AST,1
22-Mar-19 6:30:02 PM AST,3
22-Mar-19 6:45:02 PM AST,0
22-Mar-19 7:00:01 PM AST,0
22-Mar-19 7:15:01 PM AST,0
22-Mar-19 7:30:01 PM AST,0
22-Mar-19 7:45:01 PM AST,0
22-Mar-19 8:00:01 PM AST,0
22-Mar-19 8:15:01 PM AST,0
22-Mar-19 8:30:01 PM AST,0
22-Mar-19 8:45:02 PM AST,0
22-Mar-19 9:00:01 PM AST,0
22-Mar-19 9:15:01 PM AST,0
22-Mar-19 9:30:01 PM AST,0
22-Mar-19 9:45:02 PM AST,0
22-Mar-19 10:00:02 PM AST,0
22-Mar-19 10:15:01 PM AST,0
22-Mar-19 10:30:02 PM AST,0
22-Mar-19 10:45:01 PM AST,0
22-Mar-19 11:00:01 PM AST,0
22-Mar-19 11:15:02 PM AST,0
22-Mar-19 11:30:02 PM AST,0
22-Mar-19 11:45:02 PM AST,0
23-Mar-19 12:00:01 AM AST,0
23-Mar-19 12:15:01 AM AST,0
23-Mar-19 12:30:01 AM AST,0
23-Mar-19 12:45:01 AM AST,0
23-Mar-19 1:00:01 AM AST,0
23-Mar-19 1:15:01 AM AST,0
23-Mar-19 1:30:01 AM AST,0
23-Mar-19 1:45:01 AM AST,0
23-Mar-19 2:00:01 AM AST,0
23-Mar-19 2:15:02 AM AST,0
23-Mar-19 2:30:01 AM AST,0
23-Mar-19 2:45:02 AM AST,0
23-Mar-19 3:00:01 AM AST,0
23-Mar-19 3:15:01 AM AST,0
23-Mar-19 3:30:01 AM AST,0
23-Mar-19 3:45:01 AM AST,0
23-Mar-19 4:00:01 AM AST,0
23-Mar-19 4:15:01 AM AST,0
23-Mar-19 4:30:01 AM AST,0
23-Mar-19 4:45:01 AM AST,0
23-Mar-19 5:00:01 AM AST,0
23-Mar-19 5:15:01 AM AST,0
23-Mar-19 5:30:01 AM AST,0
23-Mar-19 5:45:01 AM AST,0
23-Mar-19 6:00:01 AM AST,0
23-Mar-19 6:15:01 AM AST,0
23-Mar-19 6:30:01 AM AST,0
23-Mar-19 6:45:01 AM AST,13
23-Mar-19 7:00:01 AM AST,29
23-Mar-19 7:15:01 AM AST,60
23-Mar-19 7:30:02 AM AST,81
23-Mar-19 7:45:02 AM AST,115
23-Mar-19 8:00:01 AM AST,151
23-Mar-19 8:15:01 AM AST,191
23-Mar-19 8:30:01 AM AST,229
23-Mar-19 8:45:01 AM AST,262
23-Mar-19 9:00:01 AM AST,297
23-Mar-19 9:15:01 AM AST,325
23-Mar-19 9:30:02 AM AST,348
23-Mar-19 9:45:01 AM AST,379
23-Mar-19 10:00:01 AM AST,398
23-Mar-19 10:15:01 AM AST,422
23-Mar-19 10:30:01 AM AST,441
23-Mar-19 10:45:01 AM AST,459
23-Mar-19 11:00:01 AM AST,481
23-Mar-19 11:15:01 AM AST,507
23-Mar-19 11:30:01 AM AST,524
23-Mar-19 11:45:01 AM AST,532
23-Mar-19 12:00:01 PM AST,540
23-Mar-19 12:15:01 PM AST,547
23-Mar-19 12:30:01 PM AST,560
23-Mar-19 12:45:02 PM AST,554
23-Mar-19 1:00:01 PM AST,563
23-Mar-19 1:15:02 PM AST,555
23-Mar-19 1:30:02 PM AST,548
23-Mar-19 1:45:02 PM AST,499
23-Mar-19 2:00:01 PM AST,520
23-Mar-19 2:15:01 PM AST,507
23-Mar-19 2:30:01 PM AST,485
23-Mar-19 2:45:01 PM AST,448
23-Mar-19 3:00:01 PM AST,434
23-Mar-19 3:15:02 PM AST,409
23-Mar-19 3:30:01 PM AST,382
23-Mar-19 3:45:01 PM AST,345
23-Mar-19 4:00:02 PM AST,305
23-Mar-19 4:15:01 PM AST,263
23-Mar-19 4:30:01 PM AST,188
23-Mar-19 4:45:02 PM AST,183
23-Mar-19 5:00:01 PM AST,156
23-Mar-19 5:15:01 PM AST,124
23-Mar-19 5:30:01 PM AST,88
23-Mar-19 5:45:01 PM AST,56
23-Mar-19 6:00:02 PM AST,22
23-Mar-19 6:15:01 PM AST,2
23-Mar-19 6:30:01 PM AST,2
23-Mar-19 6:45:02 PM AST,0
23-Mar-19 7:00:01 PM AST,0
23-Mar-19 7:15:02 PM AST,0
23-Mar-19 7:30:02 PM AST,0
23-Mar-19 7:45:01 PM AST,0
23-Mar-19 8:00:01 PM AST,0
23-Mar-19 8:15:01 PM AST,0
23-Mar-19 8:30:01 PM AST,0
23-Mar-19 8:45:01 PM AST,0
23-Mar-19 9:00:01 PM AST,0
23-Mar-19 9:15:01 PM AST,0
23-Mar-19 9:30:01 PM AST,0
23-Mar-19 9:45:02 PM AST,0
23-Mar-19 10:00:01 PM AST,0
23-Mar-19 10:15:01 PM AST,0
23-Mar-19 10:30:01 PM AST,0
23-Mar-19 10:45:02 PM AST,0
23-Mar-19 11:00:02 PM AST,0
23-Mar-19 11:15:01 PM AST,0
23-Mar-19 11:30:01 PM AST,0
23-Mar-19 11:45:01 PM AST,0
24-Mar-19 12:00:01 AM AST,0
24-Mar-19 12:15:01 AM AST,0
24-Mar-19 12:30:01 AM AST,0
24-Mar-19 12:45:01 AM AST,0
24-Mar-19 1:00:01 AM AST,0
24-Mar-19 1:15:02 AM AST,0
24-Mar-19 1:30:02 AM AST,0
24-Mar-19 1:45:02 AM AST,0
24-Mar-19 2:00:02 AM AST,0
24-Mar-19 2:15:01 AM AST,0
24-Mar-19 2:30:01 AM AST,0
24-Mar-19 2:45:01 AM AST,0
24-Mar-19 3:00:02 AM AST,0
24-Mar-19 3:15:02 AM AST,0
24-Mar-19 3:30:02 AM AST,0
24-Mar-19 3:45:01 AM AST,0
24-Mar-19 4:00:03 AM AST,0
24-Mar-19 4:15:02 AM AST,0
24-Mar-19 4:30:01 AM AST,0
24-Mar-19 4:45:02 AM AST,0
24-Mar-19 5:00:01 AM AST,0
24-Mar-19 5:15:01 AM AST,0
24-Mar-19 5:30:01 AM AST,0
24-Mar-19 5:45:02 AM AST,0
24-Mar-19 6:00:01 AM AST,0
24-Mar-19 6:15:02 AM AST,0
24-Mar-19 6:30:01 AM AST,0
24-Mar-19 6:45:02 AM AST,0
24-Mar-19 7:00:02 AM AST,6
24-Mar-19 7:15:01 AM AST,19
24-Mar-19 7:30:02 AM AST,29
24-Mar-19 7:45:01 AM AST,38
24-Mar-19 8:00:01 AM AST,60
24-Mar-19 8:15:01 AM AST,67
24-Mar-19 8:30:02 AM AST,107
24-Mar-19 8:45:01 AM AST,125
24-Mar-19 9:00:01 AM AST,143
24-Mar-19 9:15:01 AM AST,167
24-Mar-19 9:30:02 AM AST,162
24-Mar-19 9:45:01 AM AST,154
24-Mar-19 10:00:02 AM AST,134
24-Mar-19 10:15:02 AM AST,180
24-Mar-19 10:30:01 AM AST,214
24-Mar-19 10:45:01 AM AST,218
24-Mar-19 11:00:02 AM AST,239
24-Mar-19 11:15:02 AM AST,325
24-Mar-19 11:30:02 AM AST,300
24-Mar-19 11:45:02 AM AST,319
24-Mar-19 12:00:02 PM AST,294
24-Mar-19 12:15:01 PM AST,439
24-Mar-19 12:30:01 PM AST,339
24-Mar-19 12:45:01 PM AST,564
24-Mar-19 1:00:01 PM AST,416
24-Mar-19 1:15:01 PM AST,495
24-Mar-19 1:30:01 PM AST,463
24-Mar-19 1:45:01 PM AST,433
24-Mar-19 2:00:02 PM AST,428
24-Mar-19 2:15:01 PM AST,468
24-Mar-19 2:30:01 PM AST,370
24-Mar-19 2:45:01 PM AST,416
24-Mar-19 3:00:02 PM AST,317
24-Mar-19 3:15:01 PM AST,311
24-Mar-19 3:30:01 PM AST,329
24-Mar-19 3:45:01 PM AST,248
24-Mar-19 4:00:01 PM AST,257
24-Mar-19 4:15:01 PM AST,197
24-Mar-19 4:30:01 PM AST,159
24-Mar-19 4:45:01 PM AST,117
24-Mar-19 5:00:01 PM AST,93
24-Mar-19 5:15:02 PM AST,69
24-Mar-19 5:30:01 PM AST,34
24-Mar-19 5:45:01 PM AST,39
24-Mar-19 6:00:01 PM AST,11
24-Mar-19 6:15:01 PM AST,0
24-Mar-19 6:30:01 PM AST,0
24-Mar-19 6:45:01 PM AST,0
24-Mar-19 7:00:01 PM AST,0
24-Mar-19 7:15:01 PM AST,0
24-Mar-19 7:30:02 PM AST,0
24-Mar-19 7:45:01 PM AST,0
24-Mar-19 8:00:01 PM AST,0
24-Mar-19 8:15:01 PM AST,0
24-Mar-19 8:30:01 PM AST,0
24-Mar-19 8:45:02 PM AST,0
24-Mar-19 9:00:02 PM AST,0
24-Mar-19 9:15:02 PM AST,0
24-Mar-19 9:30:01 PM AST,0
24-Mar-19 9:45:01 PM AST,0
24-Mar-19 10:00:02 PM AST,0
24-Mar-19 10:15:01 PM AST,0
24-Mar-19 10:30:01 PM AST,0
24-Mar-19 10:45:01 PM AST,0
24-Mar-19 11:00:01 PM AST,0
24-Mar-19 11:15:01 PM AST,0
24-Mar-19 11:30:01 PM AST,0
24-Mar-19 11:45:01 PM AST,0
25-Mar-19 12:00:02 AM AST,0
25-Mar-19 12:15:01 AM AST,0
25-Mar-19 12:30:01 AM AST,0
25-Mar-19 12:45:01 AM AST,0
25-Mar-19 1:00:01 AM AST,0
25-Mar-19 1:15:01 AM AST,0
25-Mar-19 1:30:01 AM AST,0
25-Mar-19 1:45:01 AM AST,0
25-Mar-19 2:00:01 AM AST,0
25-Mar-19 2:15:02 AM AST,0
25-Mar-19 2:30:01 AM AST,0
25-Mar-19 2:45:01 AM AST,0
25-Mar-19 3:00:01 AM AST,0
25-Mar-19 3:15:01 AM AST,0
25-Mar-19 3:30:02 AM AST,0
25-Mar-19 3:45:01 AM AST,0
25-Mar-19 4:00:01 AM AST,0
25-Mar-19 4:15:01 AM AST,0
25-Mar-19 4:30:01 AM AST,0
25-Mar-19 4:45:02 AM AST,0
25-Mar-19 5:00:01 AM AST,0
25-Mar-19 5:15:01 AM AST,0
25-Mar-19 5:30:01 AM AST,0
25-Mar-19 5:45:01 AM AST,0
25-Mar-19 6:00:02 AM AST,0
25-Mar-19 6:15:02 AM AST,0
25-Mar-19 6:30:01 AM AST,0
25-Mar-19 6:45:02 AM AST,0
25-Mar-19 7:00:02 AM AST,0
25-Mar-19 7:15:02 AM AST,3
25-Mar-19 7:30:01 AM AST,11
25-Mar-19 7:45:01 AM AST,16
25-Mar-19 8:00:01 AM AST,28
25-Mar-19 8:15:01 AM AST,40
25-Mar-19 8:30:02 AM AST,55
25-Mar-19 8:45:01 AM AST,55
25-Mar-19 9:00:01 AM AST,73
25-Mar-19 9:15:01 AM AST,90
25-Mar-19 9:30:01 AM AST,86
25-Mar-19 9:45:01 AM AST,102
25-Mar-19 10:00:01 AM AST,130
25-Mar-19 10:15:01 AM AST,129
25-Mar-19 10:30:01 AM AST,107
25-Mar-19 10:45:01 AM AST,110
25-Mar-19 11:00:02 AM AST,130
25-Mar-19 11:15:02 AM AST,140
25-Mar-19 11:30:01 AM AST,111
25-Mar-19 11:45:01 AM AST,133
25-Mar-19 12:00:02 PM AST,105
25-Mar-19 12:15:01 PM AST,188
25-Mar-19 12:30:02 PM AST,147
25-Mar-19 12:45:01 PM AST,206
25-Mar-19 1:00:02 PM AST,160
25-Mar-19 1:15:01 PM AST,166
25-Mar-19 1:30:01 PM AST,181
25-Mar-19 1:45:01 PM AST,198
25-Mar-19 2:00:02 PM AST,155
25-Mar-19 2:15:01 PM AST,115
25-Mar-19 2:30:01 PM AST,82
25-Mar-19 2:45:02 PM AST,74
25-Mar-19 3:00:01 PM AST,94
25-Mar-19 3:15:01 PM AST,88
25-Mar-19 3:30:02 PM AST,89
25-Mar-19 3:45:01 PM AST,81
25-Mar-19 4:00:01 PM AST,79
25-Mar-19 4:15:01 PM AST,54
25-Mar-19 4:30:01 PM AST,65
25-Mar-19 4:45:01 PM AST,63
25-Mar-19 5:00:01 PM AST,43
25-Mar-19 5:15:02 PM AST,15
25-Mar-19 5:30:02 PM AST,1
25-Mar-19 5:45:01 PM AST,0
25-Mar-19 6:00:02 PM AST,0
25-Mar-19 6:15:01 PM AST,1
25-Mar-19 6:30:02 PM AST,2
25-Mar-19 6:45:01 PM AST,0
25-Mar-19 7:00:01 PM AST,0
25-Mar-19 7:15:01 PM AST,0
25-Mar-19 7:30:01 PM AST,0
25-Mar-19 7:45:01 PM AST,0
25-Mar-19 8:00:01 PM AST,0
25-Mar-19 8:15:01 PM AST,0
25-Mar-19 8:30:01 PM AST,0
25-Mar-19 8:45:01 PM AST,0
25-Mar-19 9:00:01 PM AST,0
25-Mar-19 9:15:02 PM AST,0
25-Mar-19 9:30:01 PM AST,0
25-Mar-19 9:45:01 PM AST,0
25-Mar-19 10:00:01 PM AST,0
25-Mar-19 10:15:01 PM AST,0
25-Mar-19 10:30:01 PM AST,0
25-Mar-19 10:45:01 PM AST,0
25-Mar-19 11:00:01 PM AST,0
25-Mar-19 11:15:02 PM AST,0
25-Mar-19 11:30:01 PM AST,0
25-Mar-19 11:45:01 PM AST,0
26-Mar-19 12:00:01 AM AST,0
26-Mar-19 12:15:01 AM AST,0
26-Mar-19 12:30:03 AM AST,0
26-Mar-19 12:45:02 AM AST,0
26-Mar-19 1:00:02 AM AST,0
26-Mar-19 1:15:02 AM AST,0
26-Mar-19 1:30:01 AM AST,0
26-Mar-19 1:45:01 AM AST,0
26-Mar-19 2:00:01 AM AST,0
26-Mar-19 2:15:02 AM AST,0
26-Mar-19 2:30:01 AM AST,0
26-Mar-19 2:45:02 AM AST,0
26-Mar-19 3:00:01 AM AST,0
26-Mar-19 3:15:01 AM AST,0
26-Mar-19 3:30:01 AM AST,0
26-Mar-19 3:45:01 AM AST,0
26-Mar-19 4:00:02 AM AST,0
26-Mar-19 4:15:01 AM AST,0
26-Mar-19 4:30:01 AM AST,0
26-Mar-19 4:45:02 AM AST,0
26-Mar-19 5:00:01 AM AST,0
26-Mar-19 5:15:01 AM AST,0
26-Mar-19 5:30:01 AM AST,0
26-Mar-19 5:45:02 AM AST,0
26-Mar-19 6:00:01 AM AST,0
26-Mar-19 6:15:01 AM AST,0
26-Mar-19 6:30:01 AM AST,0
26-Mar-19 6:45:04 AM AST,11
26-Mar-19 7:00:02 AM AST,31
26-Mar-19 7:15:01 AM AST,61
26-Mar-19 7:30:02 AM AST,88
26-Mar-19 7:45:01 AM AST,127
26-Mar-19 8:00:01 AM AST,167
26-Mar-19 8:15:01 AM AST,200
26-Mar-19 8:30:01 AM AST,242
26-Mar-19 8:45:01 AM AST,276
26-Mar-19 9:00:01 AM AST,288
26-Mar-19 9:15:01 AM AST,353
26-Mar-19 9:30:01 AM AST,389
26-Mar-19 9:45:01 AM AST,426
26-Mar-19 10:00:01 AM AST,453
26-Mar-19 10:15:01 AM AST,477
26-Mar-19 10:30:01 AM AST,493
26-Mar-19 10:45:01 AM AST,519
26-Mar-19 11:00:01 AM AST,530
26-Mar-19 11:15:01 AM AST,566
26-Mar-19 11:30:01 AM AST,581
26-Mar-19 11:45:01 AM AST,592
26-Mar-19 12:00:01 PM AST,597
26-Mar-19 12:15:01 PM AST,606
26-Mar-19 12:30:01 PM AST,613
26-Mar-19 12:45:01 PM AST,604
26-Mar-19 1:00:01 PM AST,612
26-Mar-19 1:15:01 PM AST,599
26-Mar-19 1:30:01 PM AST,593
26-Mar-19 1:45:01 PM AST,580
26-Mar-19 2:00:02 PM AST,538
26-Mar-19 2:15:01 PM AST,555
26-Mar-19 2:30:02 PM AST,530
26-Mar-19 2:45:01 PM AST,505
26-Mar-19 3:00:01 PM AST,481
26-Mar-19 3:15:01 PM AST,456
26-Mar-19 3:30:01 PM AST,419
26-Mar-19 3:45:02 PM AST,393
26-Mar-19 4:00:01 PM AST,352
26-Mar-19 4:15:01 PM AST,313
26-Mar-19 4:30:01 PM AST,269
26-Mar-19 4:45:01 PM AST,223
26-Mar-19 5:00:02 PM AST,174
26-Mar-19 5:15:01 PM AST,131
26-Mar-19 5:30:01 PM AST,91
26-Mar-19 5:45:01 PM AST,62
26-Mar-19 6:00:02 PM AST,32
26-Mar-19 6:15:02 PM AST,12
26-Mar-19 6:30:02 PM AST,0
26-Mar-19 6:45:01 PM AST,0
26-Mar-19 7:00:01 PM AST,0
26-Mar-19 7:15:02 PM AST,0
26-Mar-19 7:30:02 PM AST,0
26-Mar-19 7:45:01 PM AST,0
26-Mar-19 8:00:02 PM AST,0
26-Mar-19 8:15:02 PM AST,0
26-Mar-19 8:30:01 PM AST,0
26-Mar-19 8:45:01 PM AST,0
26-Mar-19 9:00:01 PM AST,0
26-Mar-19 9:15:01 PM AST,0
26-Mar-19 9:30:01 PM AST,0
26-Mar-19 9:45:01 PM AST,0
26-Mar-19 10:00:01 PM AST,0
26-Mar-19 10:15:01 PM AST,0
26-Mar-19 10:30:01 PM AST,0
26-Mar-19 10:45:01 PM AST,0
26-Mar-19 11:00:01 PM AST,0
26-Mar-19 11:15:01 PM AST,0
26-Mar-19 11:30:01 PM AST,0
26-Mar-19 11:45:01 PM AST,0
27-Mar-19 12:00:02 AM AST,0
27-Mar-19 12:15:02 AM AST,0
27-Mar-19 12:30:01 AM AST,0
27-Mar-19 12:45:01 AM AST,0
27-Mar-19 1:00:01 AM AST,0
27-Mar-19 1:15:01 AM AST,0
27-Mar-19 1:30:01 AM AST,0
27-Mar-19 1:45:01 AM AST,0
27-Mar-19 2:00:01 AM AST,0
27-Mar-19 2:15:01 AM AST,0
27-Mar-19 2:30:01 AM AST,0
27-Mar-19 2:45:01 AM AST,0
27-Mar-19 3:00:01 AM AST,0
27-Mar-19 3:15:01 AM AST,0
27-Mar-19 3:30:01 AM AST,0
27-Mar-19 3:45:01 AM AST,0
27-Mar-19 4:00:01 AM AST,0
27-Mar-19 4:15:01 AM AST,0
27-Mar-19 4:30:01 AM AST,0
27-Mar-19 4:45:01 AM AST,0
27-Mar-19 5:00:01 AM AST,0
27-Mar-19 5:15:01 AM AST,0
27-Mar-19 5:30:01 AM AST,0
27-Mar-19 5:45:02 AM AST,0
27-Mar-19 6:00:01 AM AST,0
27-Mar-19 6:15:02 AM AST,0
27-Mar-19 6:30:01 AM AST,0
27-Mar-19 6:45:01 AM AST,13
27-Mar-19 7:00:01 AM AST,40
27-Mar-19 7:15:01 AM AST,69
27-Mar-19 7:30:02 AM AST,99
27-Mar-19 7:45:02 AM AST,133
27-Mar-19 8:00:01 AM AST,179
27-Mar-19 8:15:02 AM AST,174
27-Mar-19 8:30:02 AM AST,205
27-Mar-19 8:45:01 AM AST,288
27-Mar-19 9:00:01 AM AST,349
27-Mar-19 9:15:01 AM AST,378
27-Mar-19 9:30:02 AM AST,428
27-Mar-19 9:45:01 AM AST,441
27-Mar-19 10:00:01 AM AST,483
27-Mar-19 10:15:02 AM AST,496
27-Mar-19 10:30:02 AM AST,510
27-Mar-19 10:45:01 AM AST,362
27-Mar-19 11:00:01 AM AST,574
27-Mar-19 11:15:01 AM AST,483
27-Mar-19 11:30:01 AM AST,583
27-Mar-19 11:45:01 AM AST,602
27-Mar-19 12:00:02 PM AST,631
27-Mar-19 12:15:01 PM AST,600
27-Mar-19 12:30:01 PM AST,584
27-Mar-19 12:45:01 PM AST,643
27-Mar-19 1:00:01 PM AST,636
27-Mar-19 1:15:01 PM AST,625
27-Mar-19 1:30:01 PM AST,619
27-Mar-19 1:45:02 PM AST,606
27-Mar-19 2:00:01 PM AST,589
27-Mar-19 2:15:01 PM AST,575
27-Mar-19 2:30:02 PM AST,550
27-Mar-19 2:45:02 PM AST,522
27-Mar-19 3:00:01 PM AST,497
27-Mar-19 3:15:01 PM AST,473
27-Mar-19 3:30:01 PM AST,441
27-Mar-19 3:45:01 PM AST,404
27-Mar-19 4:00:01 PM AST,364
27-Mar-19 4:15:02 PM AST,317
27-Mar-19 4:30:02 PM AST,276
27-Mar-19 4:45:01 PM AST,232
27-Mar-19 5:00:02 PM AST,184
27-Mar-19 5:15:01 PM AST,145
27-Mar-19 5:30:01 PM AST,106
27-Mar-19 5:45:01 PM AST,79
27-Mar-19 6:00:01 PM AST,39
27-Mar-19 6:15:01 PM AST,11
27-Mar-19 6:30:01 PM AST,0
27-Mar-19 6:45:01 PM AST,0
27-Mar-19 7:00:01 PM AST,0
27-Mar-19 7:15:01 PM AST,0
27-Mar-19 7:30:01 PM AST,0
27-Mar-19 7:45:01 PM AST,0
27-Mar-19 8:00:01 PM AST,0
27-Mar-19 8:15:01 PM AST,0
27-Mar-19 8:30:01 PM AST,0
27-Mar-19 8:45:01 PM AST,0
27-Mar-19 9:00:01 PM AST,0
27-Mar-19 9:15:01 PM AST,0
27-Mar-19 9:30:02 PM AST,0
27-Mar-19 9:45:02 PM AST,0
27-Mar-19 10:00:01 PM AST,0
27-Mar-19 10:15:01 PM AST,0
27-Mar-19 10:30:02 PM AST,0
27-Mar-19 10:45:02 PM AST,0
27-Mar-19 11:00:01 PM AST,0
27-Mar-19 11:15:02 PM AST,0
27-Mar-19 11:30:00 PM AST,0
27-Mar-19 11:45:01 PM AST,0
28-Mar-19 12:00:00 AM AST,0
28-Mar-19 12:15:01 AM AST,0
28-Mar-19 12:30:01 AM AST,0
28-Mar-19 12:45:01 AM AST,0
28-Mar-19 1:00:02 AM AST,0
28-Mar-19 1:15:01 AM AST,0
28-Mar-19 1:30:00 AM AST,0
28-Mar-19 1:45:01 AM AST,0
28-Mar-19 2:00:01 AM AST,0
28-Mar-19 2:15:01 AM AST,0
28-Mar-19 2:30:01 AM AST,0
28-Mar-19 2:45:02 AM AST,0
28-Mar-19 3:00:02 AM AST,0
28-Mar-19 3:15:01 AM AST,0
28-Mar-19 3:30:02 AM AST,0
28-Mar-19 3:45:01 AM AST,0
28-Mar-19 4:00:01 AM AST,0
28-Mar-19 4:15:01 AM AST,0
28-Mar-19 4:30:00 AM AST,0
28-Mar-19 4:45:01 AM AST,0
28-Mar-19 5:00:01 AM AST,0
28-Mar-19 5:15:01 AM AST,0
28-Mar-19 5:30:00 AM AST,0
28-Mar-19 5:45:02 AM AST,0
28-Mar-19 6:00:01 AM AST,0
28-Mar-19 6:15:02 AM AST,0
28-Mar-19 6:30:01 AM AST,0
28-Mar-19 6:45:01 AM AST,15
28-Mar-19 7:00:01 AM AST,43
28-Mar-19 7:15:01 AM AST,70
28-Mar-19 7:30:01 AM AST,95
28-Mar-19 7:45:01 AM AST,126
28-Mar-19 8:00:02 AM AST,172
28-Mar-19 8:15:01 AM AST,214
28-Mar-19 8:30:01 AM AST,260
28-Mar-19 8:45:01 AM AST,296
28-Mar-19 9:00:01 AM AST,344
28-Mar-19 9:15:01 AM AST,380
28-Mar-19 9:30:01 AM AST,415
28-Mar-19 9:45:01 AM AST,432
28-Mar-19 10:00:01 AM AST,466
28-Mar-19 10:15:01 AM AST,487
28-Mar-19 10:30:01 AM AST,514
28-Mar-19 10:45:01 AM AST,538
28-Mar-19 11:00:01 AM AST,563
28-Mar-19 11:15:01 AM AST,590
28-Mar-19 11:30:01 AM AST,607
28-Mar-19 11:45:01 AM AST,618
28-Mar-19 12:00:01 PM AST,607
28-Mar-19 12:15:01 PM AST,613
28-Mar-19 12:30:01 PM AST,612
28-Mar-19 12:45:01 PM AST,619
28-Mar-19 1:00:01 PM AST,606
28-Mar-19 1:15:01 PM AST,601
28-Mar-19 1:30:01 PM AST,599
28-Mar-19 1:45:01 PM AST,589
28-Mar-19 2:00:01 PM AST,571
28-Mar-19 2:15:01 PM AST,551
28-Mar-19 2:30:01 PM AST,539
28-Mar-19 2:45:01 PM AST,506
28-Mar-19 3:00:01 PM AST,478
28-Mar-19 3:15:02 PM AST,453
28-Mar-19 3:30:01 PM AST,416
28-Mar-19 3:45:01 PM AST,382
28-Mar-19 4:00:01 PM AST,341
28-Mar-19 4:15:01 PM AST,291
28-Mar-19 4:30:01 PM AST,256
28-Mar-19 4:45:01 PM AST,220
28-Mar-19 5:00:01 PM AST,173
28-Mar-19 5:15:01 PM AST,134
28-Mar-19 5:30:00 PM AST,97
28-Mar-19 5:45:01 PM AST,64
28-Mar-19 6:00:01 PM AST,38
28-Mar-19 6:15:02 PM AST,11
28-Mar-19 6:30:01 PM AST,0
28-Mar-19 6:45:01 PM AST,0
28-Mar-19 7:00:01 PM AST,0
28-Mar-19 7:15:01 PM AST,0
28-Mar-19 7:30:00 PM AST,0
28-Mar-19 7:45:02 PM AST,0
28-Mar-19 8:00:01 PM AST,0
28-Mar-19 8:15:01 PM AST,0
28-Mar-19 8:30:01 PM AST,0
28-Mar-19 8:45:01 PM AST,0
28-Mar-19 9:00:01 PM AST,0
28-Mar-19 9:15:01 PM AST,0
28-Mar-19 9:30:02 PM AST,0
28-Mar-19 9:45:01 PM AST,0
28-Mar-19 10:00:01 PM AST,0
28-Mar-19 10:15:02 PM AST,0
28-Mar-19 10:30:01 PM AST,0
28-Mar-19 10:45:01 PM AST,0
28-Mar-19 11:00:01 PM AST,0
28-Mar-19 11:15:02 PM AST,0
28-Mar-19 11:30:01 PM AST,0
28-Mar-19 11:45:01 PM AST,0
29-Mar-19 12:00:02 AM AST,0
29-Mar-19 12:15:02 AM AST,0
29-Mar-19 12:30:01 AM AST,0
29-Mar-19 12:45:01 AM AST,0
29-Mar-19 1:00:02 AM AST,0
29-Mar-19 1:15:01 AM AST,0
29-Mar-19 1:30:01 AM AST,0
29-Mar-19 1:45:01 AM AST,0
29-Mar-19 2:00:01 AM AST,0
29-Mar-19 2:15:02 AM AST,0
29-Mar-19 2:30:01 AM AST,0
29-Mar-19 2:45:02 AM AST,0
29-Mar-19 3:00:01 AM AST,0
29-Mar-19 3:15:01 AM AST,0
29-Mar-19 3:30:01 AM AST,0
29-Mar-19 3:45:02 AM AST,0
29-Mar-19 4:00:01 AM AST,0
29-Mar-19 4:15:01 AM AST,0
29-Mar-19 4:30:01 AM AST,0
29-Mar-19 4:45:01 AM AST,0
29-Mar-19 5:00:01 AM AST,0
29-Mar-19 5:15:01 AM AST,0
29-Mar-19 5:30:01 AM AST,0
29-Mar-19 5:45:02 AM AST,0
29-Mar-19 6:00:01 AM AST,0
29-Mar-19 6:15:02 AM AST,0
29-Mar-19 6:30:02 AM AST,0
29-Mar-19 6:45:01 AM AST,23
29-Mar-19 7:00:01 AM AST,39
29-Mar-19 7:15:02 AM AST,63
29-Mar-19 7:30:01 AM AST,87
29-Mar-19 7:45:01 AM AST,124
29-Mar-19 8:00:01 AM AST,150
29-Mar-19 8:15:01 AM AST,205
29-Mar-19 8:30:02 AM AST,261
29-Mar-19 8:45:01 AM AST,287
29-Mar-19 9:00:01 AM AST,319
29-Mar-19 9:15:01 AM AST,347
29-Mar-19 9:30:01 AM AST,386
29-Mar-19 9:45:01 AM AST,411
29-Mar-19 10:00:01 AM AST,441
29-Mar-19 10:15:01 AM AST,462
29-Mar-19 10:30:02 AM AST,486
29-Mar-19 10:45:01 AM AST,510
29-Mar-19 11:00:01 AM AST,544
29-Mar-19 11:15:01 AM AST,671
29-Mar-19 11:30:01 AM AST,547
29-Mar-19 11:45:01 AM AST,539
29-Mar-19 12:00:01 PM AST,488
29-Mar-19 12:15:01 PM AST,583
29-Mar-19 12:30:01 PM AST,616
29-Mar-19 12:45:02 PM AST,605
29-Mar-19 1:00:01 PM AST,437
29-Mar-19 1:15:01 PM AST,591
29-Mar-19 1:30:03 PM AST,570
29-Mar-19 1:45:02 PM AST,555
29-Mar-19 2:00:02 PM AST,547
29-Mar-19 2:15:02 PM AST,525
29-Mar-19 2:30:02 PM AST,511
29-Mar-19 2:45:02 PM AST,483
29-Mar-19 3:00:02 PM AST,449
29-Mar-19 3:15:02 PM AST,424
29-Mar-19 3:30:02 PM AST,386
29-Mar-19 3:45:02 PM AST,355
29-Mar-19 4:00:02 PM AST,308
29-Mar-19 4:15:02 PM AST,275
29-Mar-19 4:30:01 PM AST,237
29-Mar-19 4:45:01 PM AST,201
29-Mar-19 5:00:01 PM AST,169
29-Mar-19 5:15:01 PM AST,126
29-Mar-19 5:30:01 PM AST,90
29-Mar-19 5:45:01 PM AST,60
29-Mar-19 6:00:01 PM AST,29
29-Mar-19 6:15:01 PM AST,6
29-Mar-19 6:30:01 PM AST,3
29-Mar-19 6:45:01 PM AST,0
29-Mar-19 7:00:01 PM AST,0
29-Mar-19 7:15:02 PM AST,0
29-Mar-19 7:30:02 PM AST,0
29-Mar-19 7:45:02 PM AST,0
29-Mar-19 8:00:02 PM AST,0
29-Mar-19 8:15:01 PM AST,0
29-Mar-19 8:30:02 PM AST,0
29-Mar-19 8:45:01 PM AST,0
29-Mar-19 9:00:01 PM AST,0
29-Mar-19 9:15:01 PM AST,0
29-Mar-19 9:30:01 PM AST,0
29-Mar-19 9:45:01 PM AST,0
29-Mar-19 10:00:02 PM AST,0
29-Mar-19 10:15:02 PM AST,0
29-Mar-19 10:30:01 PM AST,0
29-Mar-19 10:45:01 PM AST,0
29-Mar-19 11:00:01 PM AST,0
29-Mar-19 11:15:01 PM AST,0
29-Mar-19 11:30:02 PM AST,0
29-Mar-19 11:45:01 PM AST,0
30-Mar-19 12:00:02 AM AST,0
30-Mar-19 12:15:01 AM AST,0
30-Mar-19 12:30:01 AM AST,0
30-Mar-19 12:45:01 AM AST,0
30-Mar-19 1:00:01 AM AST,0
30-Mar-19 1:15:01 AM AST,0
30-Mar-19 1:30:01 AM AST,0
30-Mar-19 1:45:01 AM AST,0
30-Mar-19 2:00:01 AM AST,0
30-Mar-19 2:15:01 AM AST,0
30-Mar-19 2:30:01 AM AST,0
30-Mar-19 2:45:01 AM AST,0
30-Mar-19 3:00:02 AM AST,0
30-Mar-19 3:15:01 AM AST,0
30-Mar-19 3:30:01 AM AST,0
30-Mar-19 3:45:02 AM AST,0
30-Mar-19 4:00:01 AM AST,0
30-Mar-19 4:15:01 AM AST,0
30-Mar-19 4:30:01 AM AST,0
30-Mar-19 4:45:01 AM AST,0
30-Mar-19 5:00:02 AM AST,0
30-Mar-19 5:15:01 AM AST,0
30-Mar-19 5:30:01 AM AST,0
30-Mar-19 5:45:01 AM AST,0
30-Mar-19 6:00:01 AM AST,0
30-Mar-19 6:15:01 AM AST,0
30-Mar-19 6:30:01 AM AST,3
30-Mar-19 6:45:01 AM AST,13
30-Mar-19 7:00:02 AM AST,33
30-Mar-19 7:15:01 AM AST,61
30-Mar-19 7:30:01 AM AST,87
30-Mar-19 7:45:01 AM AST,123
30-Mar-19 8:00:02 AM AST,165
30-Mar-19 8:15:02 AM AST,208
30-Mar-19 8:30:01 AM AST,242
30-Mar-19 8:45:02 AM AST,282
30-Mar-19 9:00:01 AM AST,313
30-Mar-19 9:15:02 AM AST,349
30-Mar-19 9:30:01 AM AST,376
30-Mar-19 9:45:01 AM AST,411
30-Mar-19 10:00:01 AM AST,441
30-Mar-19 10:15:02 AM AST,466
30-Mar-19 10:30:01 AM AST,491
30-Mar-19 10:45:01 AM AST,508
30-Mar-19 11:00:01 AM AST,530
30-Mar-19 11:15:01 AM AST,546
30-Mar-19 11:30:01 AM AST,562
30-Mar-19 11:45:01 AM AST,570
30-Mar-19 12:00:01 PM AST,576
30-Mar-19 12:15:01 PM AST,583
30-Mar-19 12:30:01 PM AST,580
30-Mar-19 12:45:01 PM AST,581
30-Mar-19 1:00:01 PM AST,580
30-Mar-19 1:15:01 PM AST,579
30-Mar-19 1:30:01 PM AST,565
30-Mar-19 1:45:02 PM AST,551
30-Mar-19 2:00:01 PM AST,538
30-Mar-19 2:15:01 PM AST,530
30-Mar-19 2:30:01 PM AST,506
30-Mar-19 2:45:01 PM AST,484
30-Mar-19 3:00:01 PM AST,456
30-Mar-19 3:15:01 PM AST,426
30-Mar-19 3:30:01 PM AST,395
30-Mar-19 3:45:01 PM AST,359
30-Mar-19 4:00:01 PM AST,331
30-Mar-19 4:15:01 PM AST,290
30-Mar-19 4:30:02 PM AST,258
30-Mar-19 4:45:01 PM AST,220
30-Mar-19 5:00:01 PM AST,176
30-Mar-19 5:15:01 PM AST,131
30-Mar-19 5:30:01 PM AST,90
30-Mar-19 5:45:02 PM AST,56
30-Mar-19 6:00:01 PM AST,40
30-Mar-19 6:15:02 PM AST,1
30-Mar-19 6:30:01 PM AST,1
30-Mar-19 6:45:02 PM AST,0
30-Mar-19 7:00:01 PM AST,0
30-Mar-19 7:15:01 PM AST,0
30-Mar-19 7:30:01 PM AST,0
30-Mar-19 7:45:01 PM AST,0
30-Mar-19 8:00:01 PM AST,0
30-Mar-19 8:15:01 PM AST,0
30-Mar-19 8:30:01 PM AST,0
30-Mar-19 8:45:01 PM AST,0
30-Mar-19 9:00:01 PM AST,0
30-Mar-19 9:15:02 PM AST,0
30-Mar-19 9:30:02 PM AST,0
30-Mar-19 9:45:01 PM AST,0
30-Mar-19 10:00:02 PM AST,0
30-Mar-19 10:15:01 PM AST,0
30-Mar-19 10:30:01 PM AST,0
30-Mar-19 10:45:01 PM AST,0
30-Mar-19 11:00:01 PM AST,0
30-Mar-19 11:15:01 PM AST,0
30-Mar-19 11:30:02 PM AST,0
30-Mar-19 11:45:01 PM AST,0
31-Mar-19 12:00:01 AM AST,0
31-Mar-19 12:15:01 AM AST,0
31-Mar-19 12:30:01 AM AST,0
31-Mar-19 12:45:01 AM AST,0
31-Mar-19 1:00:02 AM AST,0
31-Mar-19 1:15:01 AM AST,0
31-Mar-19 1:30:01 AM AST,0
31-Mar-19 1:45:01 AM AST,0
31-Mar-19 2:00:01 AM AST,0
31-Mar-19 2:15:01 AM AST,0
31-Mar-19 2:30:01 AM AST,0
31-Mar-19 2:45:01 AM AST,0
31-Mar-19 3:00:01 AM AST,0
31-Mar-19 3:15:01 AM AST,0
31-Mar-19 3:30:02 AM AST,0
31-Mar-19 3:45:02 AM AST,0
31-Mar-19 4:00:01 AM AST,0
31-Mar-19 4:15:01 AM AST,0
31-Mar-19 4:30:01 AM AST,0
31-Mar-19 4:45:01 AM AST,0
31-Mar-19 5:00:01 AM AST,0
31-Mar-19 5:15:02 AM AST,0
31-Mar-19 5:30:02 AM AST,0
31-Mar-19 5:45:01 AM AST,0
31-Mar-19 6:00:02 AM AST,0
31-Mar-19 6:15:01 AM AST,0
31-Mar-19 6:30:01 AM AST,0
31-Mar-19 6:45:01 AM AST,6
31-Mar-19 7:00:02 AM AST,16
31-Mar-19 7:15:02 AM AST,65
31-Mar-19 7:30:02 AM AST,82
31-Mar-19 7:45:02 AM AST,69
31-Mar-19 8:00:01 AM AST,172
31-Mar-19 8:15:01 AM AST,214
31-Mar-19 8:30:01 AM AST,241
31-Mar-19 8:45:01 AM AST,274
31-Mar-19 9:00:01 AM AST,312
31-Mar-19 9:15:01 AM AST,345
31-Mar-19 9:30:01 AM AST,386
31-Mar-19 9:45:02 AM AST,437
31-Mar-19 10:00:01 AM AST,414
31-Mar-19 10:15:01 AM AST,471
31-Mar-19 10:30:01 AM AST,362
31-Mar-19 10:45:01 AM AST,498
31-Mar-19 11:00:01 AM AST,431
31-Mar-19 11:15:01 AM AST,502
31-Mar-19 11:30:02 AM AST,513
31-Mar-19 11:45:02 AM AST,606
31-Mar-19 12:00:01 PM AST,526
31-Mar-19 12:15:02 PM AST,603
31-Mar-19 12:30:01 PM AST,608
31-Mar-19 12:45:01 PM AST,608
31-Mar-19 1:00:02 PM AST,592
31-Mar-19 1:15:01 PM AST,587
31-Mar-19 1:30:01 PM AST,575
31-Mar-19 1:45:02 PM AST,562
31-Mar-19 2:00:01 PM AST,558
31-Mar-19 2:15:01 PM AST,537
31-Mar-19 2:30:01 PM AST,518
31-Mar-19 2:45:01 PM AST,473
31-Mar-19 3:00:01 PM AST,458
31-Mar-19 3:15:02 PM AST,417
31-Mar-19 3:30:01 PM AST,355
31-Mar-19 3:45:02 PM AST,330
31-Mar-19 4:00:01 PM AST,314
31-Mar-19 4:15:01 PM AST,234
31-Mar-19 4:30:01 PM AST,238
31-Mar-19 4:45:01 PM AST,191
31-Mar-19 5:00:01 PM AST,164
31-Mar-19 5:15:02 PM AST,119
31-Mar-19 5:30:01 PM AST,91
31-Mar-19 5:45:01 PM AST,63
31-Mar-19 6:00:01 PM AST,27
31-Mar-19 6:15:02 PM AST,21
31-Mar-19 6:30:01 PM AST,3
31-Mar-19 6:45:01 PM AST,0
31-Mar-19 7:00:02 PM AST,0
31-Mar-19 7:15:02 PM AST,0
31-Mar-19 7:30:01 PM AST,0
31-Mar-19 7:45:01 PM AST,0
31-Mar-19 8:00:01 PM AST,0
31-Mar-19 8:15:01 PM AST,0
31-Mar-19 8:30:01 PM AST,0
31-Mar-19 8:45:01 PM AST,0
31-Mar-19 9:00:01 PM AST,0
31-Mar-19 9:15:02 PM AST,0
31-Mar-19 9:30:01 PM AST,0
31-Mar-19 9:45:01 PM AST,0
31-Mar-19 10:00:01 PM AST,0
31-Mar-19 10:15:01 PM AST,0
31-Mar-19 10:30:01 PM AST,0
31-Mar-19 10:45:01 PM AST,0
31-Mar-19 11:00:01 PM AST,0
31-Mar-19 11:15:01 PM AST,0
31-Mar-19 11:30:01 PM AST,0
31-Mar-19 11:45:01 PM AST,0
01-Apr-19 12:00:01 AM AST,0
01-Apr-19 12:15:01 AM AST,0
01-Apr-19 12:30:01 AM AST,0
01-Apr-19 12:45:01 AM AST,0
01-Apr-19 1:00:01 AM AST,0
01-Apr-19 1:15:01 AM AST,0
01-Apr-19 1:30:01 AM AST,0
01-Apr-19 1:45:01 AM AST,0
01-Apr-19 2:00:01 AM AST,0
01-Apr-19 2:15:01 AM AST,0
01-Apr-19 2:30:01 AM AST,0
01-Apr-19 2:45:02 AM AST,0
01-Apr-19 3:00:01 AM AST,0
01-Apr-19 3:15:01 AM AST,0
01-Apr-19 3:30:02 AM AST,0
01-Apr-19 3:45:01 AM AST,0
01-Apr-19 4:00:01 AM AST,0
01-Apr-19 4:15:02 AM AST,0
01-Apr-19 4:30:01 AM AST,0
01-Apr-19 4:45:01 AM AST,0
01-Apr-19 5:00:01 AM AST,0
01-Apr-19 5:15:01 AM AST,0
01-Apr-19 5:30:02 AM AST,0
01-Apr-19 5:45:01 AM AST,0
01-Apr-19 6:00:01 AM AST,0
01-Apr-19 6:15:01 AM AST,0
01-Apr-19 6:30:01 AM AST,0
01-Apr-19 6:45:01 AM AST,13
01-Apr-19 7:00:01 AM AST,38
01-Apr-19 7:15:01 AM AST,91
01-Apr-19 7:30:02 AM AST,95
01-Apr-19 7:45:01 AM AST,122
01-Apr-19 8:00:01 AM AST,258
01-Apr-19 8:15:01 AM AST,162
01-Apr-19 8:30:01 AM AST,207
01-Apr-19 8:45:01 AM AST,210
01-Apr-19 9:00:01 AM AST,223
01-Apr-19 9:15:01 AM AST,261
01-Apr-19 9:30:01 AM AST,271
01-Apr-19 9:45:02 AM AST,327
01-Apr-19 10:00:01 AM AST,434
01-Apr-19 10:15:01 AM AST,439
01-Apr-19 10:30:02 AM AST,439
01-Apr-19 10:45:01 AM AST,462
01-Apr-19 11:00:01 AM AST,566
01-Apr-19 11:15:02 AM AST,523
01-Apr-19 11:30:01 AM AST,500
01-Apr-19 11:45:01 AM AST,454
01-Apr-19 12:00:02 PM AST,491
01-Apr-19 12:15:01 PM AST,552
01-Apr-19 12:30:01 PM AST,653
01-Apr-19 12:45:01 PM AST,702
01-Apr-19 1:00:02 PM AST,541
01-Apr-19 1:15:02 PM AST,583
01-Apr-19 1:30:01 PM AST,644
01-Apr-19 1:45:02 PM AST,568
01-Apr-19 2:00:01 PM AST,566
01-Apr-19 2:15:01 PM AST,552
01-Apr-19 2:30:02 PM AST,299
01-Apr-19 2:45:01 PM AST,290
01-Apr-19 3:00:01 PM AST,300
01-Apr-19 3:15:02 PM AST,338
01-Apr-19 3:30:01 PM AST,443
01-Apr-19 3:45:01 PM AST,372
01-Apr-19 4:00:01 PM AST,371
01-Apr-19 4:15:02 PM AST,317
01-Apr-19 4:30:01 PM AST,284
01-Apr-19 4:45:02 PM AST,228
01-Apr-19 5:00:01 PM AST,184
01-Apr-19 5:15:01 PM AST,141
01-Apr-19 5:30:01 PM AST,96
01-Apr-19 5:45:01 PM AST,69
01-Apr-19 6:00:01 PM AST,47
01-Apr-19 6:15:01 PM AST,15
01-Apr-19 6:30:01 PM AST,0
01-Apr-19 6:45:01 PM AST,0
01-Apr-19 7:00:01 PM AST,0
01-Apr-19 7:15:01 PM AST,0
01-Apr-19 7:30:02 PM AST,0
01-Apr-19 7:45:01 PM AST,0
01-Apr-19 8:00:01 PM AST,0
01-Apr-19 8:15:01 PM AST,0
01-Apr-19 8:30:01 PM AST,0
01-Apr-19 8:45:01 PM AST,0
01-Apr-19 9:00:02 PM AST,0
01-Apr-19 9:15:01 PM AST,0
01-Apr-19 9:30:01 PM AST,0
01-Apr-19 9:45:01 PM AST,0
01-Apr-19 10:00:02 PM AST,0
01-Apr-19 10:15:01 PM AST,0
01-Apr-19 10:30:01 PM AST,0
01-Apr-19 10:45:02 PM AST,0
01-Apr-19 11:00:01 PM AST,0
01-Apr-19 11:15:02 PM AST,0
01-Apr-19 11:30:01 PM AST,0
01-Apr-19 11:45:01 PM AST,0
02-Apr-19 12:00:01 AM AST,0
02-Apr-19 12:15:01 AM AST,0
02-Apr-19 12:30:01 AM AST,0
02-Apr-19 12:45:01 AM AST,0
02-Apr-19 1:00:01 AM AST,0
02-Apr-19 1:15:01 AM AST,0
02-Apr-19 1:30:01 AM AST,0
02-Apr-19 1:45:02 AM AST,0
02-Apr-19 2:00:02 AM AST,0
02-Apr-19 2:15:01 AM AST,0
02-Apr-19 2:30:03 AM AST,0
02-Apr-19 2:45:03 AM AST,0
02-Apr-19 3:00:01 AM AST,0
02-Apr-19 3:15:03 AM AST,0
02-Apr-19 3:30:01 AM AST,0
02-Apr-19 3:45:01 AM AST,0
02-Apr-19 4:00:01 AM AST,0
02-Apr-19 4:15:01 AM AST,0
02-Apr-19 4:30:01 AM AST,0
02-Apr-19 4:45:01 AM AST,0
02-Apr-19 5:00:01 AM AST,0
02-Apr-19 5:15:01 AM AST,0
02-Apr-19 5:30:01 AM AST,0
02-Apr-19 5:45:01 AM AST,0
02-Apr-19 6:00:01 AM AST,0
02-Apr-19 6:15:02 AM AST,0
02-Apr-19 6:30:01 AM AST,5
02-Apr-19 6:45:01 AM AST,38
02-Apr-19 7:00:01 AM AST,35
02-Apr-19 7:15:01 AM AST,79
02-Apr-19 7:30:01 AM AST,116
02-Apr-19 7:45:01 AM AST,153
02-Apr-19 8:00:01 AM AST,198
02-Apr-19 8:15:02 AM AST,226
02-Apr-19 8:30:02 AM AST,264
02-Apr-19 8:45:02 AM AST,306
02-Apr-19 9:00:02 AM AST,350
02-Apr-19 9:15:01 AM AST,392
02-Apr-19 9:30:02 AM AST,433
02-Apr-19 9:45:02 AM AST,465
02-Apr-19 10:00:02 AM AST,494
02-Apr-19 10:15:02 AM AST,520
02-Apr-19 10:30:01 AM AST,536
02-Apr-19 10:45:01 AM AST,551
02-Apr-19 11:00:01 AM AST,580
02-Apr-19 11:15:01 AM AST,605
02-Apr-19 11:30:01 AM AST,620
02-Apr-19 11:45:01 AM AST,628
02-Apr-19 12:00:02 PM AST,641
02-Apr-19 12:15:01 PM AST,646
02-Apr-19 12:30:01 PM AST,647
02-Apr-19 12:45:01 PM AST,644
02-Apr-19 1:00:02 PM AST,639
02-Apr-19 1:15:01 PM AST,642
02-Apr-19 1:30:01 PM AST,626
02-Apr-19 1:45:02 PM AST,612
02-Apr-19 2:00:02 PM AST,600
02-Apr-19 2:15:01 PM AST,578
02-Apr-19 2:30:01 PM AST,555
02-Apr-19 2:45:01 PM AST,530
02-Apr-19 3:00:01 PM AST,508
02-Apr-19 3:15:01 PM AST,482
02-Apr-19 3:30:01 PM AST,453
02-Apr-19 3:45:01 PM AST,412
02-Apr-19 4:00:01 PM AST,368
02-Apr-19 4:15:01 PM AST,329
02-Apr-19 4:30:02 PM AST,278
02-Apr-19 4:45:01 PM AST,241
02-Apr-19 5:00:01 PM AST,195
02-Apr-19 5:15:01 PM AST,154
02-Apr-19 5:30:01 PM AST,109
02-Apr-19 5:45:01 PM AST,80
02-Apr-19 6:00:01 PM AST,43
02-Apr-19 6:15:02 PM AST,14
02-Apr-19 6:30:01 PM AST,0
02-Apr-19 6:45:01 PM AST,0
02-Apr-19 7:00:01 PM AST,0
02-Apr-19 7:15:01 PM AST,0
02-Apr-19 7:30:01 PM AST,0
02-Apr-19 7:45:01 PM AST,0
02-Apr-19 8:00:01 PM AST,0
02-Apr-19 8:15:01 PM AST,0
02-Apr-19 8:30:01 PM AST,0
02-Apr-19 8:45:01 PM AST,0
02-Apr-19 9:00:01 PM AST,0
02-Apr-19 9:15:01 PM AST,0
02-Apr-19 9:30:01 PM AST,0
02-Apr-19 9:45:01 PM AST,0
02-Apr-19 10:00:01 PM AST,0
02-Apr-19 10:15:01 PM AST,0
02-Apr-19 10:30:01 PM AST,0
02-Apr-19 10:45:01 PM AST,0
02-Apr-19 11:00:01 PM AST,0
02-Apr-19 11:15:02 PM AST,0
02-Apr-19 11:30:02 PM AST,0
02-Apr-19 11:45:01 PM AST,0
03-Apr-19 12:00:02 AM AST,0
03-Apr-19 12:15:01 AM AST,0
03-Apr-19 12:30:01 AM AST,0
03-Apr-19 12:45:02 AM AST,0
03-Apr-19 1:00:01 AM AST,0
03-Apr-19 1:15:01 AM AST,0
03-Apr-19 1:30:01 AM AST,0
03-Apr-19 1:45:01 AM AST,0
03-Apr-19 2:00:01 AM AST,0
03-Apr-19 2:15:01 AM AST,0
03-Apr-19 2:30:01 AM AST,0
03-Apr-19 2:45:01 AM AST,0
03-Apr-19 3:00:01 AM AST,0
03-Apr-19 3:15:01 AM AST,0
03-Apr-19 3:30:01 AM AST,0
03-Apr-19 3:45:01 AM AST,0
03-Apr-19 4:00:02 AM AST,0
03-Apr-19 4:15:02 AM AST,0
03-Apr-19 4:30:01 AM AST,0
03-Apr-19 4:45:01 AM AST,0
03-Apr-19 5:00:01 AM AST,0
03-Apr-19 5:15:01 AM AST,0
03-Apr-19 5:30:02 AM AST,0
03-Apr-19 5:45:01 AM AST,0
03-Apr-19 6:00:01 AM AST,0
03-Apr-19 6:15:01 AM AST,6
03-Apr-19 6:30:01 AM AST,5
03-Apr-19 6:45:02 AM AST,21
03-Apr-19 7:00:01 AM AST,51
03-Apr-19 7:15:01 AM AST,74
03-Apr-19 7:30:02 AM AST,112
03-Apr-19 7:45:02 AM AST,139
03-Apr-19 8:00:01 AM AST,181
03-Apr-19 8:15:02 AM AST,227
03-Apr-19 8:30:01 AM AST,271
03-Apr-19 8:45:02 AM AST,313
03-Apr-19 9:00:01 AM AST,353
03-Apr-19 9:15:01 AM AST,393
03-Apr-19 9:30:01 AM AST,430
03-Apr-19 9:45:01 AM AST,453
03-Apr-19 10:00:01 AM AST,478
03-Apr-19 10:15:02 AM AST,500
03-Apr-19 10:30:02 AM AST,527
03-Apr-19 10:45:01 AM AST,550
03-Apr-19 11:00:02 AM AST,569
03-Apr-19 11:15:01 AM AST,595
03-Apr-19 11:30:01 AM AST,607
03-Apr-19 11:45:01 AM AST,618
03-Apr-19 12:00:02 PM AST,626
03-Apr-19 12:15:01 PM AST,623
03-Apr-19 12:30:02 PM AST,622
03-Apr-19 12:45:01 PM AST,628
03-Apr-19 1:00:02 PM AST,630
03-Apr-19 1:15:01 PM AST,621
03-Apr-19 1:30:01 PM AST,611
03-Apr-19 1:45:01 PM AST,601
03-Apr-19 2:00:02 PM AST,586
03-Apr-19 2:15:01 PM AST,569
03-Apr-19 2:30:01 PM AST,547
03-Apr-19 2:45:01 PM AST,526
03-Apr-19 3:00:01 PM AST,504
03-Apr-19 3:15:01 PM AST,468
03-Apr-19 3:30:01 PM AST,435
03-Apr-19 3:45:01 PM AST,402
03-Apr-19 4:00:02 PM AST,362
03-Apr-19 4:15:01 PM AST,319
03-Apr-19 4:30:02 PM AST,276
03-Apr-19 4:45:03 PM AST,237
03-Apr-19 5:00:01 PM AST,195
03-Apr-19 5:15:02 PM AST,159
03-Apr-19 5:30:02 PM AST,115
03-Apr-19 5:45:01 PM AST,74
03-Apr-19 6:00:02 PM AST,40
03-Apr-19 6:15:02 PM AST,10
03-Apr-19 6:30:02 PM AST,0
03-Apr-19 6:45:01 PM AST,0
03-Apr-19 7:00:02 PM AST,0
03-Apr-19 7:15:02 PM AST,0
03-Apr-19 7:30:01 PM AST,0
03-Apr-19 7:45:01 PM AST,0
03-Apr-19 8:00:02 PM AST,0
03-Apr-19 8:15:01 PM AST,0
03-Apr-19 8:30:01 PM AST,0
03-Apr-19 8:45:01 PM AST,0
03-Apr-19 9:00:01 PM AST,0
03-Apr-19 9:15:01 PM AST,0
03-Apr-19 9:30:02 PM AST,0
03-Apr-19 9:45:01 PM AST,0
03-Apr-19 10:00:01 PM AST,0
03-Apr-19 10:15:01 PM AST,0
03-Apr-19 10:30:01 PM AST,0
03-Apr-19 10:45:01 PM AST,0
03-Apr-19 11:00:01 PM AST,0
03-Apr-19 11:15:01 PM AST,0
03-Apr-19 11:30:01 PM AST,0
03-Apr-19 11:45:01 PM AST,0
04-Apr-19 12:00:02 AM AST,0
04-Apr-19 12:15:01 AM AST,0
04-Apr-19 12:30:03 AM AST,0
04-Apr-19 12:45:02 AM AST,0
04-Apr-19 1:00:02 AM AST,0
04-Apr-19 1:15:02 AM AST,0
04-Apr-19 1:30:01 AM AST,0
04-Apr-19 1:45:01 AM AST,0
04-Apr-19 2:00:02 AM AST,0
04-Apr-19 2:15:01 AM AST,0
04-Apr-19 2:30:01 AM AST,0
04-Apr-19 2:45:01 AM AST,0
04-Apr-19 3:00:01 AM AST,0
04-Apr-19 3:15:01 AM AST,0
04-Apr-19 3:30:01 AM AST,0
04-Apr-19 3:45:01 AM AST,0
04-Apr-19 4:00:02 AM AST,0
04-Apr-19 4:15:01 AM AST,0
04-Apr-19 4:30:01 AM AST,0
04-Apr-19 4:45:01 AM AST,0
04-Apr-19 5:00:01 AM AST,0
04-Apr-19 5:15:01 AM AST,0
04-Apr-19 5:30:01 AM AST,0
04-Apr-19 5:45:01 AM AST,0
04-Apr-19 6:00:01 AM AST,0
04-Apr-19 6:15:02 AM AST,0
04-Apr-19 6:30:01 AM AST,8
04-Apr-19 6:45:02 AM AST,27
04-Apr-19 7:00:01 AM AST,47
04-Apr-19 7:15:01 AM AST,79
04-Apr-19 7:30:01 AM AST,100
04-Apr-19 7:45:01 AM AST,146
04-Apr-19 8:00:02 AM AST,184
04-Apr-19 8:15:01 AM AST,225
04-Apr-19 8:30:01 AM AST,266
04-Apr-19 8:45:01 AM AST,308
04-Apr-19 9:00:01 AM AST,348
04-Apr-19 9:15:01 AM AST,374
04-Apr-19 9:30:01 AM AST,404
04-Apr-19 9:45:02 AM AST,434
04-Apr-19 10:00:02 AM AST,462
04-Apr-19 10:15:01 AM AST,495
04-Apr-19 10:30:02 AM AST,523
04-Apr-19 10:45:01 AM AST,545
04-Apr-19 11:00:01 AM AST,560
04-Apr-19 11:15:02 AM AST,584
04-Apr-19 11:30:01 AM AST,601
04-Apr-19 11:45:01 AM AST,608
04-Apr-19 12:00:01 PM AST,614
04-Apr-19 12:15:01 PM AST,617
04-Apr-19 12:30:02 PM AST,616
04-Apr-19 12:45:01 PM AST,616
04-Apr-19 1:00:02 PM AST,609
04-Apr-19 1:15:01 PM AST,614
04-Apr-19 1:30:01 PM AST,604
04-Apr-19 1:45:01 PM AST,539
04-Apr-19 2:00:01 PM AST,516
04-Apr-19 2:15:01 PM AST,394
04-Apr-19 2:30:01 PM AST,561
04-Apr-19 2:45:02 PM AST,305
04-Apr-19 3:00:01 PM AST,466
04-Apr-19 3:15:01 PM AST,303
04-Apr-19 3:30:01 PM AST,322
04-Apr-19 3:45:01 PM AST,403
04-Apr-19 4:00:01 PM AST,335
04-Apr-19 4:15:02 PM AST,108
04-Apr-19 4:30:01 PM AST,155
04-Apr-19 4:45:01 PM AST,269
04-Apr-19 5:00:02 PM AST,211
04-Apr-19 5:15:01 PM AST,72
04-Apr-19 5:30:02 PM AST,89
04-Apr-19 5:45:01 PM AST,73
04-Apr-19 6:00:01 PM AST,66
04-Apr-19 6:15:02 PM AST,32
04-Apr-19 6:30:01 PM AST,0
04-Apr-19 6:45:01 PM AST,1
04-Apr-19 7:00:01 PM AST,0
04-Apr-19 7:15:01 PM AST,0
04-Apr-19 7:30:02 PM AST,0
04-Apr-19 7:45:02 PM AST,0
04-Apr-19 8:00:02 PM AST,0
04-Apr-19 8:15:02 PM AST,0
04-Apr-19 8:30:02 PM AST,0
04-Apr-19 8:45:02 PM AST,0
04-Apr-19 9:00:02 PM AST,0
04-Apr-19 9:15:01 PM AST,0
04-Apr-19 9:30:01 PM AST,0
04-Apr-19 9:45:01 PM AST,0
04-Apr-19 10:00:02 PM AST,0
04-Apr-19 10:15:01 PM AST,0
04-Apr-19 10:30:02 PM AST,0
04-Apr-19 10:45:01 PM AST,0
04-Apr-19 11:00:01 PM AST,0
04-Apr-19 11:15:02 PM AST,0
04-Apr-19 11:30:02 PM AST,0
04-Apr-19 11:45:01 PM AST,0
05-Apr-19 12:00:02 AM AST,0
05-Apr-19 12:15:01 AM AST,0
05-Apr-19 12:30:01 AM AST,0
05-Apr-19 12:45:01 AM AST,0
05-Apr-19 1:00:01 AM AST,0
05-Apr-19 1:15:01 AM AST,0
05-Apr-19 1:30:00 AM AST,0
05-Apr-19 1:45:01 AM AST,0
05-Apr-19 2:00:00 AM AST,0
05-Apr-19 2:15:02 AM AST,0
05-Apr-19 2:30:01 AM AST,0
05-Apr-19 2:45:01 AM AST,0
05-Apr-19 3:00:01 AM AST,0
05-Apr-19 3:15:00 AM AST,0
05-Apr-19 3:30:01 AM AST,0
05-Apr-19 3:45:01 AM AST,0
05-Apr-19 4:00:01 AM AST,0
05-Apr-19 4:15:01 AM AST,0
05-Apr-19 4:30:01 AM AST,0
05-Apr-19 4:45:01 AM AST,0
05-Apr-19 5:00:01 AM AST,0
05-Apr-19 5:15:01 AM AST,0
05-Apr-19 5:30:01 AM AST,0
05-Apr-19 5:45:02 AM AST,0
05-Apr-19 6:00:02 AM AST,0
05-Apr-19 6:15:01 AM AST,4
05-Apr-19 6:30:02 AM AST,4
05-Apr-19 6:45:01 AM AST,17
05-Apr-19 7:00:01 AM AST,47
05-Apr-19 7:15:01 AM AST,93
05-Apr-19 7:30:01 AM AST,134
05-Apr-19 7:45:01 AM AST,94
05-Apr-19 8:00:02 AM AST,166
05-Apr-19 8:15:01 AM AST,214
05-Apr-19 8:30:02 AM AST,246
05-Apr-19 8:45:00 AM AST,279
05-Apr-19 9:00:01 AM AST,313
05-Apr-19 9:15:01 AM AST,349
05-Apr-19 9:30:01 AM AST,374
05-Apr-19 9:45:01 AM AST,403
05-Apr-19 10:00:01 AM AST,432
05-Apr-19 10:15:02 AM AST,458
05-Apr-19 10:30:00 AM AST,488
05-Apr-19 10:45:02 AM AST,510
05-Apr-19 11:00:01 AM AST,525
05-Apr-19 11:15:02 AM AST,541
05-Apr-19 11:30:00 AM AST,565
05-Apr-19 11:45:02 AM AST,574
05-Apr-19 12:00:01 PM AST,580
05-Apr-19 12:15:01 PM AST,585
05-Apr-19 12:30:01 PM AST,594
05-Apr-19 12:45:01 PM AST,582
05-Apr-19 1:00:01 PM AST,592
05-Apr-19 1:15:01 PM AST,570
05-Apr-19 1:30:01 PM AST,566
05-Apr-19 1:45:01 PM AST,555
05-Apr-19 2:00:02 PM AST,544
05-Apr-19 2:15:01 PM AST,519
05-Apr-19 2:30:01 PM AST,500
05-Apr-19 2:45:01 PM AST,526
05-Apr-19 3:00:01 PM AST,461
05-Apr-19 3:15:01 PM AST,426
05-Apr-19 3:30:03 PM AST,350
05-Apr-19 3:45:02 PM AST,322
05-Apr-19 4:00:01 PM AST,297
05-Apr-19 4:15:02 PM AST,159
05-Apr-19 4:30:02 PM AST,164
05-Apr-19 4:45:01 PM AST,159
05-Apr-19 5:00:02 PM AST,113
05-Apr-19 5:15:01 PM AST,83
05-Apr-19 5:30:01 PM AST,69
05-Apr-19 5:45:02 PM AST,47
05-Apr-19 6:00:01 PM AST,13
05-Apr-19 6:15:02 PM AST,1
05-Apr-19 6:30:02 PM AST,1
05-Apr-19 6:45:01 PM AST,0
05-Apr-19 7:00:01 PM AST,0
05-Apr-19 7:15:01 PM AST,0
05-Apr-19 7:30:01 PM AST,0
05-Apr-19 7:45:01 PM AST,0
05-Apr-19 8:00:01 PM AST,0
05-Apr-19 8:15:01 PM AST,0
05-Apr-19 8:30:01 PM AST,0
05-Apr-19 8:45:01 PM AST,0
05-Apr-19 9:00:01 PM AST,0
05-Apr-19 9:15:01 PM AST,0
05-Apr-19 9:30:01 PM AST,0
05-Apr-19 9:45:02 PM AST,0
05-Apr-19 10:00:02 PM AST,0
05-Apr-19 10:15:01 PM AST,0
05-Apr-19 10:30:02 PM AST,0
05-Apr-19 10:45:01 PM AST,0
05-Apr-19 11:00:01 PM AST,0
05-Apr-19 11:15:01 PM AST,0
05-Apr-19 11:30:01 PM AST,0
05-Apr-19 11:45:01 PM AST,0
06-Apr-19 12:00:01 AM AST,0
06-Apr-19 12:15:02 AM AST,0
06-Apr-19 12:30:01 AM AST,0
06-Apr-19 12:45:02 AM AST,0
06-Apr-19 1:00:01 AM AST,0
06-Apr-19 1:15:01 AM AST,0
06-Apr-19 1:30:01 AM AST,0
06-Apr-19 1:45:01 AM AST,0
06-Apr-19 2:00:01 AM AST,0
06-Apr-19 2:15:01 AM AST,0
06-Apr-19 2:30:02 AM AST,0
06-Apr-19 2:45:02 AM AST,0
06-Apr-19 3:00:01 AM AST,0
06-Apr-19 3:15:01 AM AST,0
06-Apr-19 3:30:01 AM AST,0
06-Apr-19 3:45:01 AM AST,0
06-Apr-19 4:00:02 AM AST,0
06-Apr-19 4:15:01 AM AST,0
06-Apr-19 4:30:02 AM AST,0
06-Apr-19 4:45:01 AM AST,0
06-Apr-19 5:00:01 AM AST,0
06-Apr-19 5:15:01 AM AST,0
06-Apr-19 5:30:01 AM AST,0
06-Apr-19 5:45:01 AM AST,0
06-Apr-19 6:00:01 AM AST,0
06-Apr-19 6:15:01 AM AST,0
06-Apr-19 6:30:01 AM AST,8
06-Apr-19 6:45:02 AM AST,18
06-Apr-19 7:00:01 AM AST,46
06-Apr-19 7:15:01 AM AST,78
06-Apr-19 7:30:01 AM AST,114
06-Apr-19 7:45:01 AM AST,152
06-Apr-19 8:00:02 AM AST,189
06-Apr-19 8:15:01 AM AST,231
06-Apr-19 8:30:01 AM AST,257
06-Apr-19 8:45:01 AM AST,291
06-Apr-19 9:00:02 AM AST,323
06-Apr-19 9:15:02 AM AST,357
06-Apr-19 9:30:01 AM AST,384
06-Apr-19 9:45:01 AM AST,415
06-Apr-19 10:00:02 AM AST,438
06-Apr-19 10:15:01 AM AST,458
06-Apr-19 10:30:01 AM AST,482
06-Apr-19 10:45:01 AM AST,502
06-Apr-19 11:00:02 AM AST,518
06-Apr-19 11:15:01 AM AST,535
06-Apr-19 11:30:02 AM AST,553
06-Apr-19 11:45:01 AM AST,567
06-Apr-19 12:00:01 PM AST,574
06-Apr-19 12:15:01 PM AST,576
06-Apr-19 12:30:01 PM AST,588
06-Apr-19 12:45:01 PM AST,585
06-Apr-19 1:00:01 PM AST,581
06-Apr-19 1:15:01 PM AST,551
06-Apr-19 1:30:01 PM AST,565
06-Apr-19 1:45:02 PM AST,561
06-Apr-19 2:00:01 PM AST,543
06-Apr-19 2:15:01 PM AST,529
06-Apr-19 2:30:01 PM AST,508
06-Apr-19 2:45:01 PM AST,484
06-Apr-19 3:00:01 PM AST,451
06-Apr-19 3:15:02 PM AST,432
06-Apr-19 3:30:02 PM AST,404
06-Apr-19 3:45:02 PM AST,366
06-Apr-19 4:00:01 PM AST,338
06-Apr-19 4:15:01 PM AST,296
06-Apr-19 4:30:01 PM AST,260
06-Apr-19 4:45:02 PM AST,220
06-Apr-19 5:00:01 PM AST,172
06-Apr-19 5:15:01 PM AST,143
06-Apr-19 5:30:01 PM AST,98
06-Apr-19 5:45:01 PM AST,65
06-Apr-19 6:00:02 PM AST,38
06-Apr-19 6:15:01 PM AST,10
06-Apr-19 6:30:01 PM AST,0
06-Apr-19 6:45:01 PM AST,0
06-Apr-19 7:00:01 PM AST,0
06-Apr-19 7:15:02 PM AST,0
06-Apr-19 7:30:01 PM AST,0
06-Apr-19 7:45:01 PM AST,0
06-Apr-19 8:00:01 PM AST,0
06-Apr-19 8:15:01 PM AST,0
06-Apr-19 8:30:01 PM AST,0
06-Apr-19 8:45:02 PM AST,0
06-Apr-19 9:00:01 PM AST,0
06-Apr-19 9:15:01 PM AST,0
06-Apr-19 9:30:01 PM AST,0
06-Apr-19 9:45:01 PM AST,0
06-Apr-19 10:00:01 PM AST,0
06-Apr-19 10:15:02 PM AST,0
06-Apr-19 10:30:01 PM AST,0
06-Apr-19 10:45:01 PM AST,0
06-Apr-19 11:00:01 PM AST,0
06-Apr-19 11:15:02 PM AST,0
06-Apr-19 11:30:02 PM AST,0
06-Apr-19 11:45:01 PM AST,0
07-Apr-19 12:00:01 AM AST,0
07-Apr-19 12:15:01 AM AST,0
07-Apr-19 12:30:01 AM AST,0
07-Apr-19 12:45:01 AM AST,0
07-Apr-19 1:00:01 AM AST,0
07-Apr-19 1:15:01 AM AST,0
07-Apr-19 1:30:01 AM AST,0
07-Apr-19 1:45:01 AM AST,0
07-Apr-19 2:00:01 AM AST,0
07-Apr-19 2:15:01 AM AST,0
07-Apr-19 2:30:01 AM AST,0
07-Apr-19 2:45:02 AM AST,0
07-Apr-19 3:00:02 AM AST,0
07-Apr-19 3:15:01 AM AST,0
07-Apr-19 3:30:01 AM AST,0
07-Apr-19 3:45:02 AM AST,0
07-Apr-19 4:00:01 AM AST,0
07-Apr-19 4:15:01 AM AST,0
07-Apr-19 4:30:01 AM AST,0
07-Apr-19 4:45:01 AM AST,0
07-Apr-19 5:00:01 AM AST,0
07-Apr-19 5:15:01 AM AST,0
07-Apr-19 5:30:02 AM AST,0
07-Apr-19 5:45:02 AM AST,0
07-Apr-19 6:00:01 AM AST,0
07-Apr-19 6:15:01 AM AST,5
07-Apr-19 6:30:01 AM AST,18
07-Apr-19 6:45:01 AM AST,37
07-Apr-19 7:00:01 AM AST,45
07-Apr-19 7:15:02 AM AST,40
07-Apr-19 7:30:02 AM AST,108
07-Apr-19 7:45:01 AM AST,152
07-Apr-19 8:00:02 AM AST,195
07-Apr-19 8:15:01 AM AST,221
07-Apr-19 8:30:01 AM AST,247
07-Apr-19 8:45:01 AM AST,270
07-Apr-19 9:00:01 AM AST,328
07-Apr-19 9:15:02 AM AST,354
07-Apr-19 9:30:01 AM AST,393
07-Apr-19 9:45:02 AM AST,426
07-Apr-19 10:00:01 AM AST,450
07-Apr-19 10:15:01 AM AST,474
07-Apr-19 10:30:02 AM AST,491
07-Apr-19 10:45:01 AM AST,509
07-Apr-19 11:00:01 AM AST,521
07-Apr-19 11:15:01 AM AST,546
07-Apr-19 11:30:01 AM AST,565
07-Apr-19 11:45:01 AM AST,567
07-Apr-19 12:00:01 PM AST,579
07-Apr-19 12:15:01 PM AST,578
07-Apr-19 12:30:02 PM AST,576
07-Apr-19 12:45:01 PM AST,576
07-Apr-19 1:00:01 PM AST,578
07-Apr-19 1:15:01 PM AST,572
07-Apr-19 1:30:02 PM AST,564
07-Apr-19 1:45:02 PM AST,546
07-Apr-19 2:00:02 PM AST,536
07-Apr-19 2:15:02 PM AST,515
07-Apr-19 2:30:01 PM AST,495
07-Apr-19 2:45:01 PM AST,474
07-Apr-19 3:00:01 PM AST,451
07-Apr-19 3:15:01 PM AST,420
07-Apr-19 3:30:02 PM AST,390
07-Apr-19 3:45:01 PM AST,363
07-Apr-19 4:00:02 PM AST,326
07-Apr-19 4:15:01 PM AST,284
07-Apr-19 4:30:01 PM AST,245
07-Apr-19 4:45:01 PM AST,202
07-Apr-19 5:00:01 PM AST,157
07-Apr-19 5:15:01 PM AST,119
07-Apr-19 5:30:01 PM AST,87
07-Apr-19 5:45:01 PM AST,64
07-Apr-19 6:00:01 PM AST,43
07-Apr-19 6:15:01 PM AST,13
07-Apr-19 6:30:01 PM AST,0
07-Apr-19 6:45:01 PM AST,0
07-Apr-19 7:00:01 PM AST,0
07-Apr-19 7:15:01 PM AST,0
07-Apr-19 7:30:02 PM AST,0
07-Apr-19 7:45:01 PM AST,0
07-Apr-19 8:00:01 PM AST,0
07-Apr-19 8:15:01 PM AST,0
07-Apr-19 8:30:01 PM AST,0
07-Apr-19 8:45:01 PM AST,0
07-Apr-19 9:00:01 PM AST,0
07-Apr-19 9:15:01 PM AST,0
07-Apr-19 9:30:01 PM AST,0
07-Apr-19 9:45:01 PM AST,0
07-Apr-19 10:00:02 PM AST,0
07-Apr-19 10:15:01 PM AST,0
07-Apr-19 10:30:02 PM AST,0
07-Apr-19 10:45:01 PM AST,0
07-Apr-19 11:00:01 PM AST,0
07-Apr-19 11:15:01 PM AST,0
07-Apr-19 11:30:01 PM AST,0
07-Apr-19 11:45:01 PM AST,0
08-Apr-19 12:00:01 AM AST,0
08-Apr-19 12:15:01 AM AST,0
08-Apr-19 12:30:01 AM AST,0
08-Apr-19 12:45:01 AM AST,0
08-Apr-19 1:00:02 AM AST,0
08-Apr-19 1:15:02 AM AST,0
08-Apr-19 1:30:01 AM AST,0
08-Apr-19 1:45:01 AM AST,0
08-Apr-19 2:00:01 AM AST,0
08-Apr-19 2:15:01 AM AST,0
08-Apr-19 2:30:02 AM AST,0
08-Apr-19 2:45:01 AM AST,0
08-Apr-19 3:00:01 AM AST,0
08-Apr-19 3:15:01 AM AST,0
08-Apr-19 3:30:01 AM AST,0
08-Apr-19 3:45:01 AM AST,0
08-Apr-19 4:00:01 AM AST,0
08-Apr-19 4:15:01 AM AST,0
08-Apr-19 4:30:01 AM AST,0
08-Apr-19 4:45:01 AM AST,0
08-Apr-19 5:00:02 AM AST,0
08-Apr-19 5:15:01 AM AST,0
08-Apr-19 5:30:01 AM AST,0
08-Apr-19 5:45:01 AM AST,0
08-Apr-19 6:00:02 AM AST,0
08-Apr-19 6:15:01 AM AST,5
08-Apr-19 6:30:01 AM AST,8
08-Apr-19 6:45:01 AM AST,28
08-Apr-19 7:00:01 AM AST,56
08-Apr-19 7:15:01 AM AST,86
08-Apr-19 7:30:01 AM AST,123
08-Apr-19 7:45:01 AM AST,151
08-Apr-19 8:00:01 AM AST,191
08-Apr-19 8:15:01 AM AST,208
08-Apr-19 8:30:01 AM AST,246
08-Apr-19 8:45:01 AM AST,287
08-Apr-19 9:00:01 AM AST,324
08-Apr-19 9:15:02 AM AST,360
08-Apr-19 9:30:01 AM AST,397
08-Apr-19 9:45:01 AM AST,424
08-Apr-19 10:00:01 AM AST,447
08-Apr-19 10:15:01 AM AST,474
08-Apr-19 10:30:01 AM AST,491
08-Apr-19 10:45:01 AM AST,509
08-Apr-19 11:00:02 AM AST,529
08-Apr-19 11:15:01 AM AST,551
08-Apr-19 11:30:01 AM AST,565
08-Apr-19 11:45:01 AM AST,572
08-Apr-19 12:00:01 PM AST,575
08-Apr-19 12:15:01 PM AST,580
08-Apr-19 12:30:02 PM AST,583
08-Apr-19 12:45:01 PM AST,589
08-Apr-19 1:00:01 PM AST,581
08-Apr-19 1:15:01 PM AST,575
08-Apr-19 1:30:01 PM AST,574
08-Apr-19 1:45:02 PM AST,554
08-Apr-19 2:00:02 PM AST,535
08-Apr-19 2:15:01 PM AST,517
08-Apr-19 2:30:01 PM AST,498
08-Apr-19 2:45:01 PM AST,479
08-Apr-19 3:00:02 PM AST,454
08-Apr-19 3:15:03 PM AST,425
08-Apr-19 3:30:01 PM AST,393
08-Apr-19 3:45:01 PM AST,366
08-Apr-19 4:00:01 PM AST,329
08-Apr-19 4:15:01 PM AST,285
08-Apr-19 4:30:02 PM AST,244
08-Apr-19 4:45:01 PM AST,207
08-Apr-19 5:00:01 PM AST,167
08-Apr-19 5:15:01 PM AST,86
08-Apr-19 5:30:01 PM AST,75
08-Apr-19 5:45:01 PM AST,43
08-Apr-19 6:00:02 PM AST,31
08-Apr-19 6:15:01 PM AST,12
08-Apr-19 6:30:01 PM AST,0
08-Apr-19 6:45:02 PM AST,2
08-Apr-19 7:00:01 PM AST,0
08-Apr-19 7:15:01 PM AST,0
08-Apr-19 7:30:02 PM AST,0
08-Apr-19 7:45:01 PM AST,0
08-Apr-19 8:00:01 PM AST,0
08-Apr-19 8:15:01 PM AST,0
08-Apr-19 8:30:01 PM AST,0
08-Apr-19 8:45:01 PM AST,0
08-Apr-19 9:00:02 PM AST,0
08-Apr-19 9:15:02 PM AST,0
08-Apr-19 9:30:02 PM AST,0
08-Apr-19 9:45:01 PM AST,0
08-Apr-19 10:00:01 PM AST,0
08-Apr-19 10:15:01 PM AST,0
08-Apr-19 10:30:02 PM AST,0
08-Apr-19 10:45:01 PM AST,0
08-Apr-19 11:00:01 PM AST,0
08-Apr-19 11:15:01 PM AST,0
08-Apr-19 11:30:01 PM AST,0
08-Apr-19 11:45:01 PM AST,0
09-Apr-19 12:00:01 AM AST,0
09-Apr-19 12:15:01 AM AST,0
09-Apr-19 12:30:01 AM AST,0
09-Apr-19 12:45:02 AM AST,0
09-Apr-19 1:00:02 AM AST,0
09-Apr-19 1:15:01 AM AST,0
09-Apr-19 1:30:01 AM AST,0
09-Apr-19 1:45:01 AM AST,0
09-Apr-19 2:00:01 AM AST,0
09-Apr-19 2:15:01 AM AST,0
09-Apr-19 2:30:01 AM AST,0
09-Apr-19 2:45:01 AM AST,0
09-Apr-19 3:00:01 AM AST,0
09-Apr-19 3:15:01 AM AST,0
09-Apr-19 3:30:02 AM AST,0
09-Apr-19 3:45:01 AM AST,0
09-Apr-19 4:00:02 AM AST,0
09-Apr-19 4:15:01 AM AST,0
09-Apr-19 4:30:02 AM AST,0
09-Apr-19 4:45:02 AM AST,0
09-Apr-19 5:00:01 AM AST,0
09-Apr-19 5:15:02 AM AST,0
09-Apr-19 5:30:01 AM AST,0
09-Apr-19 5:45:01 AM AST,0
09-Apr-19 6:00:01 AM AST,0
09-Apr-19 6:15:02 AM AST,5
09-Apr-19 6:30:01 AM AST,5
09-Apr-19 6:45:01 AM AST,20
09-Apr-19 7:00:01 AM AST,46
09-Apr-19 7:15:01 AM AST,56
09-Apr-19 7:30:01 AM AST,90
09-Apr-19 7:45:01 AM AST,145
09-Apr-19 8:00:02 AM AST,187
09-Apr-19 8:15:02 AM AST,218
09-Apr-19 8:30:01 AM AST,254
09-Apr-19 8:45:01 AM AST,217
09-Apr-19 9:00:01 AM AST,323
09-Apr-19 9:15:02 AM AST,362
09-Apr-19 9:30:01 AM AST,393
09-Apr-19 9:45:01 AM AST,416
09-Apr-19 10:00:02 AM AST,445
09-Apr-19 10:15:01 AM AST,481
09-Apr-19 10:30:01 AM AST,505
09-Apr-19 10:45:02 AM AST,532
09-Apr-19 11:00:02 AM AST,549
09-Apr-19 11:15:01 AM AST,490
09-Apr-19 11:30:02 AM AST,565
09-Apr-19 11:45:01 AM AST,569
09-Apr-19 12:00:01 PM AST,577
09-Apr-19 12:15:01 PM AST,574
09-Apr-19 12:30:02 PM AST,578
09-Apr-19 12:45:01 PM AST,585
09-Apr-19 1:00:01 PM AST,595
09-Apr-19 1:15:01 PM AST,591
09-Apr-19 1:30:01 PM AST,570
09-Apr-19 1:45:01 PM AST,559
09-Apr-19 2:00:01 PM AST,548
09-Apr-19 2:15:01 PM AST,537
09-Apr-19 2:30:01 PM AST,525
09-Apr-19 2:45:01 PM AST,525
09-Apr-19 3:00:01 PM AST,253
09-Apr-19 3:15:01 PM AST,500
09-Apr-19 3:30:01 PM AST,384
09-Apr-19 3:45:01 PM AST,338
09-Apr-19 4:00:01 PM AST,306
09-Apr-19 4:15:01 PM AST,267
09-Apr-19 4:30:01 PM AST,239
09-Apr-19 4:45:01 PM AST,210
09-Apr-19 5:00:01 PM AST,165
09-Apr-19 5:15:01 PM AST,130
09-Apr-19 5:30:01 PM AST,102
09-Apr-19 5:45:01 PM AST,69
09-Apr-19 6:00:01 PM AST,33
09-Apr-19 6:15:01 PM AST,11
09-Apr-19 6:30:01 PM AST,0
09-Apr-19 6:45:01 PM AST,0
09-Apr-19 7:00:01 PM AST,0
09-Apr-19 7:15:01 PM AST,0
09-Apr-19 7:30:01 PM AST,0
09-Apr-19 7:45:02 PM AST,0
09-Apr-19 8:00:01 PM AST,0
09-Apr-19 8:15:01 PM AST,0
09-Apr-19 8:30:01 PM AST,0
09-Apr-19 8:45:01 PM AST,0
09-Apr-19 9:00:01 PM AST,0
09-Apr-19 9:15:01 PM AST,0
09-Apr-19 9:30:01 PM AST,0
09-Apr-19 9:45:01 PM AST,0
09-Apr-19 10:00:02 PM AST,0
09-Apr-19 10:15:01 PM AST,0
09-Apr-19 10:30:01 PM AST,0
09-Apr-19 10:45:01 PM AST,0
09-Apr-19 11:00:01 PM AST,0
09-Apr-19 11:15:01 PM AST,0
09-Apr-19 11:30:02 PM AST,0
09-Apr-19 11:45:01 PM AST,0
10-Apr-19 12:00:01 AM AST,0
10-Apr-19 12:15:01 AM AST,0
10-Apr-19 12:30:02 AM AST,0
10-Apr-19 12:45:01 AM AST,0
10-Apr-19 1:00:01 AM AST,0
10-Apr-19 1:15:01 AM AST,0
10-Apr-19 1:30:01 AM AST,0
10-Apr-19 1:45:01 AM AST,0
10-Apr-19 2:00:01 AM AST,0
10-Apr-19 2:15:02 AM AST,0
10-Apr-19 2:30:01 AM AST,0
10-Apr-19 2:45:01 AM AST,0
10-Apr-19 3:00:01 AM AST,0
10-Apr-19 3:15:01 AM AST,0
10-Apr-19 3:30:02 AM AST,0
10-Apr-19 3:45:01 AM AST,0
10-Apr-19 4:00:02 AM AST,0
10-Apr-19 4:15:01 AM AST,0
10-Apr-19 4:30:01 AM AST,0
10-Apr-19 4:45:02 AM AST,0
10-Apr-19 5:00:01 AM AST,0
10-Apr-19 5:15:01 AM AST,0
10-Apr-19 5:30:01 AM AST,0
10-Apr-19 5:45:01 AM AST,0
10-Apr-19 6:00:01 AM AST,0
10-Apr-19 6:15:01 AM AST,0
10-Apr-19 6:30:02 AM AST,0
10-Apr-19 6:45:01 AM AST,28
10-Apr-19 7:00:01 AM AST,66
10-Apr-19 7:15:01 AM AST,101
10-Apr-19 7:30:01 AM AST,140
10-Apr-19 7:45:01 AM AST,134
10-Apr-19 8:00:01 AM AST,56
10-Apr-19 8:15:01 AM AST,51
10-Apr-19 8:30:01 AM AST,49
10-Apr-19 8:45:01 AM AST,124
10-Apr-19 9:00:02 AM AST,177
10-Apr-19 9:15:01 AM AST,102
10-Apr-19 9:30:01 AM AST,136
10-Apr-19 9:45:02 AM AST,135
10-Apr-19 10:00:01 AM AST,171
10-Apr-19 10:15:01 AM AST,195
10-Apr-19 10:30:01 AM AST,232
10-Apr-19 10:45:02 AM AST,270
10-Apr-19 11:00:01 AM AST,259
10-Apr-19 11:15:01 AM AST,537
10-Apr-19 11:30:01 AM AST,520
10-Apr-19 11:45:01 AM AST,530
10-Apr-19 12:00:01 PM AST,523
10-Apr-19 12:15:02 PM AST,501
10-Apr-19 12:30:02 PM AST,500
10-Apr-19 12:45:01 PM AST,497
10-Apr-19 1:00:01 PM AST,520
10-Apr-19 1:15:01 PM AST,582.5
10-Apr-19 1:30:01 PM AST,513
10-Apr-19 1:45:02 PM AST,498
10-Apr-19 2:00:01 PM AST,487
10-Apr-19 2:15:01 PM AST,467
10-Apr-19 2:30:02 PM AST,447
10-Apr-19 2:45:02 PM AST,417
10-Apr-19 3:00:01 PM AST,382
10-Apr-19 3:15:01 PM AST,358
10-Apr-19 3:30:01 PM AST,325
10-Apr-19 3:45:01 PM AST,293
10-Apr-19 4:00:02 PM AST,260
10-Apr-19 4:15:02 PM AST,220
10-Apr-19 4:30:01 PM AST,183
10-Apr-19 4:45:02 PM AST,152
10-Apr-19 5:00:01 PM AST,123
10-Apr-19 5:15:01 PM AST,85
10-Apr-19 5:30:01 PM AST,64
10-Apr-19 5:45:01 PM AST,35
10-Apr-19 6:00:01 PM AST,20
10-Apr-19 6:15:01 PM AST,12
10-Apr-19 6:30:02 PM AST,0
10-Apr-19 6:45:02 PM AST,1
10-Apr-19 7:00:01 PM AST,0
10-Apr-19 7:15:01 PM AST,0
10-Apr-19 7:30:01 PM AST,0
10-Apr-19 7:45:01 PM AST,0
10-Apr-19 8:00:01 PM AST,0
10-Apr-19 8:15:03 PM AST,0
10-Apr-19 8:30:02 PM AST,0
10-Apr-19 8:45:01 PM AST,0
10-Apr-19 9:00:02 PM AST,0
10-Apr-19 9:15:01 PM AST,0
10-Apr-19 9:30:01 PM AST,0
10-Apr-19 9:45:01 PM AST,0
10-Apr-19 10:00:01 PM AST,0
10-Apr-19 10:15:01 PM AST,0
10-Apr-19 10:30:01 PM AST,0
10-Apr-19 10:45:01 PM AST,0
10-Apr-19 11:00:01 PM AST,0
10-Apr-19 11:15:02 PM AST,0
10-Apr-19 11:30:02 PM AST,0
10-Apr-19 11:45:02 PM AST,0
11-Apr-19 12:00:02 AM AST,0
11-Apr-19 12:15:01 AM AST,0
11-Apr-19 12:30:01 AM AST,0
11-Apr-19 12:45:01 AM AST,0
11-Apr-19 1:00:02 AM AST,0
11-Apr-19 1:15:01 AM AST,0
11-Apr-19 1:30:01 AM AST,0
11-Apr-19 1:45:01 AM AST,0
11-Apr-19 2:00:01 AM AST,0
11-Apr-19 2:15:01 AM AST,0
11-Apr-19 2:30:02 AM AST,0
11-Apr-19 2:45:02 AM AST,0
11-Apr-19 3:00:01 AM AST,0
11-Apr-19 3:15:02 AM AST,0
11-Apr-19 3:30:01 AM AST,0
11-Apr-19 3:45:01 AM AST,0
11-Apr-19 4:00:01 AM AST,0
11-Apr-19 4:15:02 AM AST,0
11-Apr-19 4:30:01 AM AST,0
11-Apr-19 4:45:01 AM AST,0
11-Apr-19 5:00:01 AM AST,0
11-Apr-19 5:15:01 AM AST,0
11-Apr-19 5:30:01 AM AST,0
11-Apr-19 5:45:01 AM AST,0
11-Apr-19 6:00:01 AM AST,0
11-Apr-19 6:15:01 AM AST,0
11-Apr-19 6:30:01 AM AST,10
11-Apr-19 6:45:01 AM AST,35
11-Apr-19 7:00:01 AM AST,65
11-Apr-19 7:15:02 AM AST,92
11-Apr-19 7:30:01 AM AST,114
11-Apr-19 7:45:01 AM AST,147
11-Apr-19 8:00:01 AM AST,169
11-Apr-19 8:15:01 AM AST,198
11-Apr-19 8:30:01 AM AST,228
11-Apr-19 8:45:01 AM AST,262
11-Apr-19 9:00:01 AM AST,294
11-Apr-19 9:15:01 AM AST,325
11-Apr-19 9:30:01 AM AST,358
11-Apr-19 9:45:01 AM AST,378
11-Apr-19 10:00:01 AM AST,407
11-Apr-19 10:15:01 AM AST,425
11-Apr-19 10:30:02 AM AST,455
11-Apr-19 10:45:01 AM AST,475
11-Apr-19 11:00:02 AM AST,497
11-Apr-19 11:15:01 AM AST,510
11-Apr-19 11:30:01 AM AST,532
11-Apr-19 11:45:01 AM AST,544
11-Apr-19 12:00:01 PM AST,548
11-Apr-19 12:15:01 PM AST,552
11-Apr-19 12:30:01 PM AST,542
11-Apr-19 12:45:01 PM AST,559
11-Apr-19 1:00:02 PM AST,548
11-Apr-19 1:15:01 PM AST,546
11-Apr-19 1:30:01 PM AST,541
11-Apr-19 1:45:01 PM AST,529
11-Apr-19 2:00:01 PM AST,518
11-Apr-19 2:15:01 PM AST,490
11-Apr-19 2:30:01 PM AST,477
11-Apr-19 2:45:02 PM AST,462
11-Apr-19 3:00:01 PM AST,435
11-Apr-19 3:15:01 PM AST,404
11-Apr-19 3:30:01 PM AST,367
11-Apr-19 3:45:01 PM AST,337
11-Apr-19 4:00:01 PM AST,303
11-Apr-19 4:15:01 PM AST,262
11-Apr-19 4:30:01 PM AST,224
11-Apr-19 4:45:01 PM AST,192
11-Apr-19 5:00:01 PM AST,154
11-Apr-19 5:15:01 PM AST,123
11-Apr-19 5:30:01 PM AST,91
11-Apr-19 5:45:02 PM AST,60
11-Apr-19 6:00:01 PM AST,33
11-Apr-19 6:15:01 PM AST,8
11-Apr-19 6:30:01 PM AST,0
11-Apr-19 6:45:01 PM AST,0
11-Apr-19 7:00:02 PM AST,0
11-Apr-19 7:15:02 PM AST,0
11-Apr-19 7:30:01 PM AST,0
11-Apr-19 7:45:01 PM AST,0
11-Apr-19 8:00:01 PM AST,0
11-Apr-19 8:15:01 PM AST,0
11-Apr-19 8:30:02 PM AST,0
11-Apr-19 8:45:01 PM AST,0
11-Apr-19 9:00:01 PM AST,0
11-Apr-19 9:15:01 PM AST,0
11-Apr-19 9:30:01 PM AST,0
11-Apr-19 9:45:01 PM AST,0
11-Apr-19 10:00:02 PM AST,0
11-Apr-19 10:15:01 PM AST,0
11-Apr-19 10:30:01 PM AST,0
11-Apr-19 10:45:01 PM AST,0
11-Apr-19 11:00:01 PM AST,0
11-Apr-19 11:15:01 PM AST,0
11-Apr-19 11:30:02 PM AST,0
11-Apr-19 11:45:01 PM AST,0
12-Apr-19 12:00:01 AM AST,0
12-Apr-19 12:15:01 AM AST,0
12-Apr-19 12:30:01 AM AST,0
12-Apr-19 12:45:02 AM AST,0
12-Apr-19 1:00:01 AM AST,0
12-Apr-19 1:15:01 AM AST,0
12-Apr-19 1:30:02 AM AST,0
12-Apr-19 1:45:01 AM AST,0
12-Apr-19 2:00:01 AM AST,0
12-Apr-19 2:15:01 AM AST,0
12-Apr-19 2:30:01 AM AST,0
12-Apr-19 2:45:02 AM AST,0
12-Apr-19 3:00:01 AM AST,0
12-Apr-19 3:15:01 AM AST,0
12-Apr-19 3:30:01 AM AST,0
12-Apr-19 3:45:02 AM AST,0
12-Apr-19 4:00:02 AM AST,0
12-Apr-19 4:15:02 AM AST,0
12-Apr-19 4:30:02 AM AST,0
12-Apr-19 4:45:01 AM AST,0
12-Apr-19 5:00:01 AM AST,0
12-Apr-19 5:15:01 AM AST,0
12-Apr-19 5:30:02 AM AST,0
12-Apr-19 5:45:01 AM AST,0
12-Apr-19 6:00:01 AM AST,0
12-Apr-19 6:15:01 AM AST,0
12-Apr-19 6:30:01 AM AST,16
12-Apr-19 6:45:01 AM AST,39
12-Apr-19 7:00:01 AM AST,67
12-Apr-19 7:15:02 AM AST,89
12-Apr-19 7:30:01 AM AST,126
12-Apr-19 7:45:02 AM AST,161
12-Apr-19 8:00:01 AM AST,204
12-Apr-19 8:15:01 AM AST,239
12-Apr-19 8:30:01 AM AST,267
12-Apr-19 8:45:01 AM AST,314
12-Apr-19 9:00:02 AM AST,334
12-Apr-19 9:15:01 AM AST,370
12-Apr-19 9:30:01 AM AST,383
12-Apr-19 9:45:01 AM AST,423
12-Apr-19 10:00:01 AM AST,454
12-Apr-19 10:15:02 AM AST,475
12-Apr-19 10:30:02 AM AST,501
12-Apr-19 10:45:01 AM AST,527
12-Apr-19 11:00:01 AM AST,546
12-Apr-19 11:15:01 AM AST,557
12-Apr-19 11:30:01 AM AST,580
12-Apr-19 11:45:01 AM AST,584
12-Apr-19 12:00:01 PM AST,597
12-Apr-19 12:15:01 PM AST,604
12-Apr-19 12:30:01 PM AST,603
12-Apr-19 12:45:01 PM AST,598
12-Apr-19 1:00:01 PM AST,600
12-Apr-19 1:15:01 PM AST,591
12-Apr-19 1:30:01 PM AST,579
12-Apr-19 1:45:01 PM AST,574
12-Apr-19 2:00:01 PM AST,555
12-Apr-19 2:15:01 PM AST,542
12-Apr-19 2:30:02 PM AST,520
12-Apr-19 2:45:01 PM AST,497
12-Apr-19 3:00:01 PM AST,465
12-Apr-19 3:15:02 PM AST,437
12-Apr-19 3:30:01 PM AST,396
12-Apr-19 3:45:01 PM AST,357
12-Apr-19 4:00:01 PM AST,332
12-Apr-19 4:15:01 PM AST,287
12-Apr-19 4:30:01 PM AST,257
12-Apr-19 4:45:01 PM AST,214
12-Apr-19 5:00:01 PM AST,176
12-Apr-19 5:15:01 PM AST,131
12-Apr-19 5:30:03 PM AST,97
12-Apr-19 5:45:02 PM AST,64
12-Apr-19 6:00:01 PM AST,35
12-Apr-19 6:15:02 PM AST,13
12-Apr-19 6:30:01 PM AST,0
12-Apr-19 6:45:01 PM AST,0
12-Apr-19 7:00:01 PM AST,0
12-Apr-19 7:15:01 PM AST,0
12-Apr-19 7:30:01 PM AST,0
12-Apr-19 7:45:02 PM AST,0
12-Apr-19 8:00:01 PM AST,0
12-Apr-19 8:15:01 PM AST,0
12-Apr-19 8:30:01 PM AST,0
12-Apr-19 8:45:01 PM AST,0
12-Apr-19 9:00:01 PM AST,0
12-Apr-19 9:15:01 PM AST,0
12-Apr-19 9:30:01 PM AST,0
12-Apr-19 9:45:01 PM AST,0
12-Apr-19 10:00:01 PM AST,0
12-Apr-19 10:15:01 PM AST,0
12-Apr-19 10:30:01 PM AST,0
12-Apr-19 10:45:01 PM AST,0
12-Apr-19 11:00:01 PM AST,0
12-Apr-19 11:15:01 PM AST,0
12-Apr-19 11:30:02 PM AST,0
12-Apr-19 11:45:02 PM AST,0
13-Apr-19 12:00:02 AM AST,0
13-Apr-19 12:15:01 AM AST,0
13-Apr-19 12:30:02 AM AST,0
13-Apr-19 12:45:02 AM AST,0
13-Apr-19 1:00:01 AM AST,0
13-Apr-19 1:15:01 AM AST,0
13-Apr-19 1:30:01 AM AST,0
13-Apr-19 1:45:01 AM AST,0
13-Apr-19 2:00:01 AM AST,0
13-Apr-19 2:15:01 AM AST,0
13-Apr-19 2:30:01 AM AST,0
13-Apr-19 2:45:01 AM AST,0
13-Apr-19 3:00:01 AM AST,0
13-Apr-19 3:15:01 AM AST,0
13-Apr-19 3:30:01 AM AST,0
13-Apr-19 3:45:01 AM AST,0
13-Apr-19 4:00:02 AM AST,0
13-Apr-19 4:15:01 AM AST,0
13-Apr-19 4:30:01 AM AST,0
13-Apr-19 4:45:01 AM AST,0
13-Apr-19 5:00:01 AM AST,0
13-Apr-19 5:15:01 AM AST,0
13-Apr-19 5:30:02 AM AST,0
13-Apr-19 5:45:01 AM AST,0
13-Apr-19 6:00:01 AM AST,0
13-Apr-19 6:15:01 AM AST,1
13-Apr-19 6:30:01 AM AST,9
13-Apr-19 6:45:01 AM AST,34
13-Apr-19 7:00:01 AM AST,63
13-Apr-19 7:15:02 AM AST,97
13-Apr-19 7:30:01 AM AST,142
13-Apr-19 7:45:01 AM AST,181
13-Apr-19 8:00:01 AM AST,219
13-Apr-19 8:15:01 AM AST,248
13-Apr-19 8:30:01 AM AST,284
13-Apr-19 8:45:01 AM AST,314
13-Apr-19 9:00:01 AM AST,354
13-Apr-19 9:15:01 AM AST,381
13-Apr-19 9:30:01 AM AST,403
13-Apr-19 9:45:01 AM AST,433
13-Apr-19 10:00:01 AM AST,454
13-Apr-19 10:15:01 AM AST,480
13-Apr-19 10:30:01 AM AST,503
13-Apr-19 10:45:01 AM AST,525
13-Apr-19 11:00:01 AM AST,536
13-Apr-19 11:15:01 AM AST,551
13-Apr-19 11:30:01 AM AST,576
13-Apr-19 11:45:02 AM AST,584
13-Apr-19 12:00:01 PM AST,592
13-Apr-19 12:15:01 PM AST,599
13-Apr-19 12:30:01 PM AST,603
13-Apr-19 12:45:01 PM AST,607
13-Apr-19 1:00:02 PM AST,599
13-Apr-19 1:15:01 PM AST,596
13-Apr-19 1:30:01 PM AST,591
13-Apr-19 1:45:01 PM AST,583
13-Apr-19 2:00:01 PM AST,572
13-Apr-19 2:15:01 PM AST,548
13-Apr-19 2:30:01 PM AST,522
13-Apr-19 2:45:01 PM AST,506
13-Apr-19 3:00:01 PM AST,473
13-Apr-19 3:15:02 PM AST,449
13-Apr-19 3:30:02 PM AST,419
13-Apr-19 3:45:01 PM AST,384
13-Apr-19 4:00:01 PM AST,346
13-Apr-19 4:15:01 PM AST,306
13-Apr-19 4:30:01 PM AST,262
13-Apr-19 4:45:01 PM AST,218
13-Apr-19 5:00:01 PM AST,172
13-Apr-19 5:15:01 PM AST,130
13-Apr-19 5:30:01 PM AST,99
13-Apr-19 5:45:01 PM AST,63
13-Apr-19 6:00:02 PM AST,42
13-Apr-19 6:15:01 PM AST,15
13-Apr-19 6:30:02 PM AST,0
13-Apr-19 6:45:02 PM AST,0
13-Apr-19 7:00:02 PM AST,0
13-Apr-19 7:15:02 PM AST,0
13-Apr-19 7:30:01 PM AST,0
13-Apr-19 7:45:01 PM AST,0
13-Apr-19 8:00:01 PM AST,0
13-Apr-19 8:15:01 PM AST,0
13-Apr-19 8:30:01 PM AST,0
13-Apr-19 8:45:01 PM AST,0
13-Apr-19 9:00:01 PM AST,0
13-Apr-19 9:15:01 PM AST,0
13-Apr-19 9:30:01 PM AST,0
13-Apr-19 9:45:01 PM AST,0
13-Apr-19 10:00:01 PM AST,0
13-Apr-19 10:15:01 PM AST,0
13-Apr-19 10:30:02 PM AST,0
13-Apr-19 10:45:03 PM AST,0
13-Apr-19 11:00:02 PM AST,0
13-Apr-19 11:15:01 PM AST,0
13-Apr-19 11:30:01 PM AST,0
13-Apr-19 11:45:01 PM AST,0
14-Apr-19 12:00:01 AM AST,0
14-Apr-19 12:15:01 AM AST,0
14-Apr-19 12:30:01 AM AST,0
14-Apr-19 12:45:01 AM AST,0
14-Apr-19 1:00:01 AM AST,0
14-Apr-19 1:15:02 AM AST,0
14-Apr-19 1:30:02 AM AST,0
14-Apr-19 1:45:01 AM AST,0
14-Apr-19 2:00:01 AM AST,0
14-Apr-19 2:15:01 AM AST,0
14-Apr-19 2:30:01 AM AST,0
14-Apr-19 2:45:01 AM AST,0
14-Apr-19 3:00:01 AM AST,0
14-Apr-19 3:15:01 AM AST,0
14-Apr-19 3:30:01 AM AST,0
14-Apr-19 3:45:01 AM AST,0
14-Apr-19 4:00:01 AM AST,0
14-Apr-19 4:15:01 AM AST,0
14-Apr-19 4:30:01 AM AST,0
14-Apr-19 4:45:01 AM AST,0
14-Apr-19 5:00:02 AM AST,0
14-Apr-19 5:15:01 AM AST,0
14-Apr-19 5:30:01 AM AST,0
14-Apr-19 5:45:01 AM AST,0
14-Apr-19 6:00:01 AM AST,0
14-Apr-19 6:15:01 AM AST,0
14-Apr-19 6:30:01 AM AST,14
14-Apr-19 6:45:01 AM AST,40
14-Apr-19 7:00:01 AM AST,67
14-Apr-19 7:15:01 AM AST,99
14-Apr-19 7:30:02 AM AST,131
14-Apr-19 7:45:02 AM AST,171
14-Apr-19 8:00:01 AM AST,198
14-Apr-19 8:15:02 AM AST,233
14-Apr-19 8:30:01 AM AST,271
14-Apr-19 8:45:02 AM AST,310
14-Apr-19 9:00:01 AM AST,346
14-Apr-19 9:15:03 AM AST,376
14-Apr-19 9:30:02 AM AST,406
14-Apr-19 9:45:02 AM AST,437
14-Apr-19 10:00:02 AM AST,456
14-Apr-19 10:15:01 AM AST,479
14-Apr-19 10:30:01 AM AST,500
14-Apr-19 10:45:01 AM AST,525
14-Apr-19 11:00:02 AM AST,545
14-Apr-19 11:15:01 AM AST,558
14-Apr-19 11:30:01 AM AST,573
14-Apr-19 11:45:01 AM AST,582
14-Apr-19 12:00:01 PM AST,591
14-Apr-19 12:15:01 PM AST,585
14-Apr-19 12:30:02 PM AST,586
14-Apr-19 12:45:01 PM AST,592
14-Apr-19 1:00:01 PM AST,591
14-Apr-19 1:15:01 PM AST,585
14-Apr-19 1:30:01 PM AST,573
14-Apr-19 1:45:02 PM AST,566
14-Apr-19 2:00:01 PM AST,548
14-Apr-19 2:15:01 PM AST,530
14-Apr-19 2:30:01 PM AST,520
14-Apr-19 2:45:01 PM AST,495
14-Apr-19 3:00:02 PM AST,466
14-Apr-19 3:15:01 PM AST,445
14-Apr-19 3:30:02 PM AST,415
14-Apr-19 3:45:02 PM AST,382
14-Apr-19 4:00:01 PM AST,343
14-Apr-19 4:15:02 PM AST,305
14-Apr-19 4:30:02 PM AST,261
14-Apr-19 4:45:01 PM AST,230
14-Apr-19 5:00:01 PM AST,184
14-Apr-19 5:15:01 PM AST,150
14-Apr-19 5:30:01 PM AST,107
14-Apr-19 5:45:01 PM AST,74
14-Apr-19 6:00:01 PM AST,42
14-Apr-19 6:15:01 PM AST,14
14-Apr-19 6:30:01 PM AST,0
14-Apr-19 6:45:01 PM AST,0
14-Apr-19 7:00:01 PM AST,0
14-Apr-19 7:15:01 PM AST,0
14-Apr-19 7:30:01 PM AST,0
14-Apr-19 7:45:01 PM AST,0
14-Apr-19 8:00:01 PM AST,0
14-Apr-19 8:15:01 PM AST,0
14-Apr-19 8:30:01 PM AST,0
14-Apr-19 8:45:01 PM AST,0
14-Apr-19 9:00:01 PM AST,0
14-Apr-19 9:15:01 PM AST,0
14-Apr-19 9:30:01 PM AST,0
14-Apr-19 9:45:01 PM AST,0
14-Apr-19 10:00:02 PM AST,0
14-Apr-19 10:15:02 PM AST,0
14-Apr-19 10:30:01 PM AST,0
14-Apr-19 10:45:01 PM AST,0
14-Apr-19 11:00:01 PM AST,0
14-Apr-19 11:15:01 PM AST,0
14-Apr-19 11:30:02 PM AST,0
14-Apr-19 11:45:01 PM AST,0
15-Apr-19 12:00:01 AM AST,0
15-Apr-19 12:15:01 AM AST,0
15-Apr-19 12:30:01 AM AST,0
15-Apr-19 12:45:01 AM AST,0
15-Apr-19 1:00:01 AM AST,0
15-Apr-19 1:15:01 AM AST,0
15-Apr-19 1:30:01 AM AST,0
15-Apr-19 1:45:01 AM AST,0
15-Apr-19 2:00:02 AM AST,0
15-Apr-19 2:15:02 AM AST,0
15-Apr-19 2:30:02 AM AST,0
15-Apr-19 2:45:02 AM AST,0
15-Apr-19 3:00:01 AM AST,0
15-Apr-19 3:15:01 AM AST,0
15-Apr-19 3:30:01 AM AST,0
15-Apr-19 3:45:02 AM AST,0
15-Apr-19 4:00:01 AM AST,0
15-Apr-19 4:15:01 AM AST,0
15-Apr-19 4:30:01 AM AST,0
15-Apr-19 4:45:01 AM AST,0
15-Apr-19 5:00:01 AM AST,0
15-Apr-19 5:15:01 AM AST,0
15-Apr-19 5:30:01 AM AST,0
15-Apr-19 5:45:01 AM AST,0
15-Apr-19 6:00:01 AM AST,0
15-Apr-19 6:15:01 AM AST,0
15-Apr-19 6:30:01 AM AST,16
15-Apr-19 6:45:01 AM AST,39
15-Apr-19 7:00:02 AM AST,68
15-Apr-19 7:15:01 AM AST,90
15-Apr-19 7:30:01 AM AST,128
15-Apr-19 7:45:01 AM AST,165
15-Apr-19 8:00:01 AM AST,202
15-Apr-19 8:15:01 AM AST,238
15-Apr-19 8:30:01 AM AST,281
15-Apr-19 8:45:01 AM AST,321
15-Apr-19 9:00:01 AM AST,344
15-Apr-19 9:15:01 AM AST,380
15-Apr-19 9:30:02 AM AST,402
15-Apr-19 9:45:01 AM AST,434
15-Apr-19 10:00:01 AM AST,466
15-Apr-19 10:15:01 AM AST,491
15-Apr-19 10:30:01 AM AST,521
15-Apr-19 10:45:02 AM AST,548
15-Apr-19 11:00:01 AM AST,561
15-Apr-19 11:15:01 AM AST,578
15-Apr-19 11:30:01 AM AST,588
15-Apr-19 11:45:01 AM AST,592
15-Apr-19 12:00:01 PM AST,596
15-Apr-19 12:15:01 PM AST,606
15-Apr-19 12:30:01 PM AST,600
15-Apr-19 12:45:01 PM AST,601
15-Apr-19 1:00:02 PM AST,593
15-Apr-19 1:15:01 PM AST,588
15-Apr-19 1:30:01 PM AST,577
15-Apr-19 1:45:01 PM AST,555
15-Apr-19 2:00:02 PM AST,545
15-Apr-19 2:15:01 PM AST,527
15-Apr-19 2:30:02 PM AST,510
15-Apr-19 2:45:01 PM AST,487
15-Apr-19 3:00:01 PM AST,459
15-Apr-19 3:15:02 PM AST,425
15-Apr-19 3:30:02 PM AST,392
15-Apr-19 3:45:01 PM AST,351
15-Apr-19 4:00:01 PM AST,325
15-Apr-19 4:15:02 PM AST,284
15-Apr-19 4:30:01 PM AST,255
15-Apr-19 4:45:01 PM AST,208
15-Apr-19 5:00:02 PM AST,167
15-Apr-19 5:15:02 PM AST,129
15-Apr-19 5:30:01 PM AST,91
15-Apr-19 5:45:02 PM AST,60
15-Apr-19 6:00:01 PM AST,34
15-Apr-19 6:15:01 PM AST,8
15-Apr-19 6:30:01 PM AST,0
15-Apr-19 6:45:01 PM AST,0
15-Apr-19 7:00:02 PM AST,0
15-Apr-19 7:15:02 PM AST,0
15-Apr-19 7:30:02 PM AST,0
15-Apr-19 7:45:01 PM AST,0
15-Apr-19 8:00:01 PM AST,0
15-Apr-19 8:15:01 PM AST,0
15-Apr-19 8:30:01 PM AST,0
15-Apr-19 8:45:02 PM AST,0
15-Apr-19 9:00:01 PM AST,0
15-Apr-19 9:15:01 PM AST,0
15-Apr-19 9:30:02 PM AST,0
15-Apr-19 9:45:01 PM AST,0
15-Apr-19 10:00:02 PM AST,0
15-Apr-19 10:15:01 PM AST,0
15-Apr-19 10:30:01 PM AST,0
15-Apr-19 10:45:01 PM AST,0
15-Apr-19 11:00:01 PM AST,0
15-Apr-19 11:15:02 PM AST,0
15-Apr-19 11:30:02 PM AST,0
15-Apr-19 11:45:01 PM AST,0
16-Apr-19 12:00:01 AM AST,0
16-Apr-19 12:15:01 AM AST,0
16-Apr-19 12:30:02 AM AST,0
16-Apr-19 12:45:01 AM AST,0
16-Apr-19 1:00:02 AM AST,0
16-Apr-19 1:15:02 AM AST,0
16-Apr-19 1:30:02 AM AST,0
16-Apr-19 1:45:01 AM AST,0
16-Apr-19 2:00:01 AM AST,0
16-Apr-19 2:15:01 AM AST,0
16-Apr-19 2:30:02 AM AST,0
16-Apr-19 2:45:01 AM AST,0
16-Apr-19 3:00:01 AM AST,0
16-Apr-19 3:15:01 AM AST,0
16-Apr-19 3:30:01 AM AST,0
16-Apr-19 3:45:01 AM AST,0
16-Apr-19 4:00:01 AM AST,0
16-Apr-19 4:15:01 AM AST,0
16-Apr-19 4:30:01 AM AST,0
16-Apr-19 4:45:01 AM AST,0
16-Apr-19 5:00:01 AM AST,0
16-Apr-19 5:15:01 AM AST,0
16-Apr-19 5:30:02 AM AST,0
16-Apr-19 5:45:02 AM AST,0
16-Apr-19 6:00:01 AM AST,0
16-Apr-19 6:15:01 AM AST,3
16-Apr-19 6:30:03 AM AST,16
16-Apr-19 6:45:02 AM AST,68
16-Apr-19 7:00:01 AM AST,72
16-Apr-19 7:15:02 AM AST,108
16-Apr-19 7:30:01 AM AST,139
16-Apr-19 7:45:02 AM AST,164
16-Apr-19 8:00:01 AM AST,191
16-Apr-19 8:15:01 AM AST,214
16-Apr-19 8:30:02 AM AST,243
16-Apr-19 8:45:01 AM AST,267
16-Apr-19 9:00:01 AM AST,303
16-Apr-19 9:15:02 AM AST,338
16-Apr-19 9:30:01 AM AST,371
16-Apr-19 9:45:02 AM AST,401
16-Apr-19 10:00:01 AM AST,439
16-Apr-19 10:15:02 AM AST,396
16-Apr-19 10:30:02 AM AST,475
16-Apr-19 10:45:02 AM AST,460
16-Apr-19 11:00:01 AM AST,471
16-Apr-19 11:15:01 AM AST,544
16-Apr-19 11:30:01 AM AST,556
16-Apr-19 11:45:01 AM AST,561
16-Apr-19 12:00:01 PM AST,569
16-Apr-19 12:15:02 PM AST,475
16-Apr-19 12:30:01 PM AST,566
16-Apr-19 12:45:02 PM AST,569
16-Apr-19 1:00:02 PM AST,553
16-Apr-19 1:15:01 PM AST,544
16-Apr-19 1:30:02 PM AST,539
16-Apr-19 1:45:01 PM AST,551
16-Apr-19 2:00:02 PM AST,513
16-Apr-19 2:15:01 PM AST,507
16-Apr-19 2:30:01 PM AST,470
16-Apr-19 2:45:01 PM AST,471
16-Apr-19 3:00:01 PM AST,421
16-Apr-19 3:15:01 PM AST,402
16-Apr-19 3:30:01 PM AST,360
16-Apr-19 3:45:01 PM AST,338
16-Apr-19 4:00:01 PM AST,301
16-Apr-19 4:15:01 PM AST,263
16-Apr-19 4:30:02 PM AST,241
16-Apr-19 4:45:01 PM AST,161
16-Apr-19 5:00:01 PM AST,171
16-Apr-19 5:15:02 PM AST,120
16-Apr-19 5:30:02 PM AST,109
16-Apr-19 5:45:01 PM AST,72
16-Apr-19 6:00:02 PM AST,41
16-Apr-19 6:15:01 PM AST,35
16-Apr-19 6:30:02 PM AST,0
16-Apr-19 6:45:01 PM AST,1
16-Apr-19 7:00:01 PM AST,0
16-Apr-19 7:15:01 PM AST,0
16-Apr-19 7:30:01 PM AST,0
16-Apr-19 7:45:01 PM AST,0
16-Apr-19 8:00:02 PM AST,0
16-Apr-19 8:15:01 PM AST,0
16-Apr-19 8:30:01 PM AST,0
16-Apr-19 8:45:01 PM AST,0
16-Apr-19 9:00:01 PM AST,0
16-Apr-19 9:15:01 PM AST,0
16-Apr-19 9:30:01 PM AST,0
16-Apr-19 9:45:01 PM AST,0
16-Apr-19 10:00:01 PM AST,0
16-Apr-19 10:15:01 PM AST,0
16-Apr-19 10:30:01 PM AST,0
16-Apr-19 10:45:01 PM AST,0
16-Apr-19 11:00:01 PM AST,0
16-Apr-19 11:15:01 PM AST,0
16-Apr-19 11:30:01 PM AST,0
16-Apr-19 11:45:01 PM AST,0
17-Apr-19 12:00:01 AM AST,0
17-Apr-19 12:15:01 AM AST,0
17-Apr-19 12:30:01 AM AST,0
17-Apr-19 12:45:01 AM AST,0
17-Apr-19 1:00:01 AM AST,0
17-Apr-19 1:15:01 AM AST,0
17-Apr-19 1:30:01 AM AST,0
17-Apr-19 1:45:01 AM AST,0
17-Apr-19 2:00:01 AM AST,0
17-Apr-19 2:15:01 AM AST,0
17-Apr-19 2:30:01 AM AST,0
17-Apr-19 2:45:01 AM AST,0
17-Apr-19 3:00:01 AM AST,0
17-Apr-19 3:15:01 AM AST,0
17-Apr-19 3:30:01 AM AST,0
17-Apr-19 3:45:01 AM AST,0
17-Apr-19 4:00:01 AM AST,0
17-Apr-19 4:15:02 AM AST,0
17-Apr-19 4:30:01 AM AST,0
17-Apr-19 4:45:01 AM AST,0
17-Apr-19 5:00:01 AM AST,0
17-Apr-19 5:15:01 AM AST,0
17-Apr-19 5:30:01 AM AST,0
17-Apr-19 5:45:01 AM AST,0
17-Apr-19 6:00:02 AM AST,0
17-Apr-19 6:15:01 AM AST,0
17-Apr-19 6:30:01 AM AST,10
17-Apr-19 6:45:01 AM AST,62
17-Apr-19 7:00:01 AM AST,89
17-Apr-19 7:15:01 AM AST,100
17-Apr-19 7:30:02 AM AST,124
17-Apr-19 7:45:01 AM AST,102
17-Apr-19 8:00:01 AM AST,205
17-Apr-19 8:15:01 AM AST,237
17-Apr-19 8:30:01 AM AST,186
17-Apr-19 8:45:01 AM AST,275
17-Apr-19 9:00:01 AM AST,305
17-Apr-19 9:15:01 AM AST,321
17-Apr-19 9:30:01 AM AST,366
17-Apr-19 9:45:02 AM AST,402
17-Apr-19 10:00:02 AM AST,419
17-Apr-19 10:15:01 AM AST,438
17-Apr-19 10:30:01 AM AST,462
17-Apr-19 10:45:01 AM AST,485
17-Apr-19 11:00:01 AM AST,522
17-Apr-19 11:15:01 AM AST,508
17-Apr-19 11:30:01 AM AST,543
17-Apr-19 11:45:02 AM AST,555
17-Apr-19 12:00:01 PM AST,493
17-Apr-19 12:15:01 PM AST,500
17-Apr-19 12:30:02 PM AST,412
17-Apr-19 12:45:02 PM AST,500
17-Apr-19 1:00:01 PM AST,522
17-Apr-19 1:15:01 PM AST,566
17-Apr-19 1:30:01 PM AST,431
17-Apr-19 1:45:02 PM AST,393
17-Apr-19 2:00:01 PM AST,315
17-Apr-19 2:15:02 PM AST,414
17-Apr-19 2:30:02 PM AST,452
17-Apr-19 2:45:02 PM AST,421
17-Apr-19 3:00:01 PM AST,214
17-Apr-19 3:15:01 PM AST,250
17-Apr-19 3:30:01 PM AST,313
17-Apr-19 3:45:01 PM AST,156
17-Apr-19 4:00:01 PM AST,295
17-Apr-19 4:15:01 PM AST,266
17-Apr-19 4:30:01 PM AST,226
17-Apr-19 4:45:01 PM AST,209
17-Apr-19 5:00:02 PM AST,157
17-Apr-19 5:15:01 PM AST,125
17-Apr-19 5:30:01 PM AST,90
17-Apr-19 5:45:01 PM AST,59
17-Apr-19 6:00:02 PM AST,32
17-Apr-19 6:15:01 PM AST,12
17-Apr-19 6:30:01 PM AST,0
17-Apr-19 6:45:02 PM AST,0
17-Apr-19 7:00:01 PM AST,0
17-Apr-19 7:15:01 PM AST,0
17-Apr-19 7:30:01 PM AST,0
17-Apr-19 7:45:01 PM AST,0
17-Apr-19 8:00:01 PM AST,0
17-Apr-19 8:15:01 PM AST,0
17-Apr-19 8:30:02 PM AST,0
17-Apr-19 8:45:02 PM AST,0
17-Apr-19 9:00:01 PM AST,0
17-Apr-19 9:15:01 PM AST,0
17-Apr-19 9:30:01 PM AST,0
17-Apr-19 9:45:01 PM AST,0
17-Apr-19 10:00:01 PM AST,0
17-Apr-19 10:15:03 PM AST,0
17-Apr-19 10:30:02 PM AST,0
17-Apr-19 10:45:02 PM AST,0
17-Apr-19 11:00:02 PM AST,0
17-Apr-19 11:15:01 PM AST,0
17-Apr-19 11:30:01 PM AST,0
17-Apr-19 11:45:01 PM AST,0
18-Apr-19 12:00:02 AM AST,0
18-Apr-19 12:15:02 AM AST,0
18-Apr-19 12:30:02 AM AST,0
18-Apr-19 12:45:01 AM AST,0
18-Apr-19 1:00:01 AM AST,0
18-Apr-19 1:15:01 AM AST,0
18-Apr-19 1:30:01 AM AST,0
18-Apr-19 1:45:01 AM AST,0
18-Apr-19 2:00:01 AM AST,0
18-Apr-19 2:15:02 AM AST,0
18-Apr-19 2:30:01 AM AST,0
18-Apr-19 2:45:02 AM AST,0
18-Apr-19 3:00:01 AM AST,0
18-Apr-19 3:15:01 AM AST,0
18-Apr-19 3:30:01 AM AST,0
18-Apr-19 3:45:02 AM AST,0
18-Apr-19 4:00:01 AM AST,0
18-Apr-19 4:15:01 AM AST,0
18-Apr-19 4:30:02 AM AST,0
18-Apr-19 4:45:02 AM AST,0
18-Apr-19 5:00:02 AM AST,0
18-Apr-19 5:15:02 AM AST,0
18-Apr-19 5:30:01 AM AST,0
18-Apr-19 5:45:01 AM AST,0
18-Apr-19 6:00:01 AM AST,0
18-Apr-19 6:15:01 AM AST,2
18-Apr-19 6:30:01 AM AST,17
18-Apr-19 6:45:01 AM AST,42
18-Apr-19 7:00:02 AM AST,69
18-Apr-19 7:15:01 AM AST,89
18-Apr-19 7:30:01 AM AST,127
18-Apr-19 7:45:01 AM AST,163
18-Apr-19 8:00:01 AM AST,202
18-Apr-19 8:15:02 AM AST,239
18-Apr-19 8:30:02 AM AST,275
18-Apr-19 8:45:01 AM AST,313
18-Apr-19 9:00:01 AM AST,353
18-Apr-19 9:15:01 AM AST,380
18-Apr-19 9:30:02 AM AST,417
18-Apr-19 9:45:01 AM AST,443
18-Apr-19 10:00:01 AM AST,475
18-Apr-19 10:15:01 AM AST,501
18-Apr-19 10:30:01 AM AST,518
18-Apr-19 10:45:02 AM AST,541
18-Apr-19 11:00:01 AM AST,560
18-Apr-19 11:15:02 AM AST,577
18-Apr-19 11:30:01 AM AST,589
18-Apr-19 11:45:01 AM AST,599
18-Apr-19 12:00:02 PM AST,609
18-Apr-19 12:15:01 PM AST,607
18-Apr-19 12:30:02 PM AST,602
18-Apr-19 12:45:02 PM AST,605
18-Apr-19 1:00:01 PM AST,606
18-Apr-19 1:15:02 PM AST,599
18-Apr-19 1:30:02 PM AST,588
18-Apr-19 1:45:01 PM AST,573
18-Apr-19 2:00:01 PM AST,560
18-Apr-19 2:15:01 PM AST,547
18-Apr-19 2:30:02 PM AST,515
18-Apr-19 2:45:02 PM AST,499
18-Apr-19 3:00:01 PM AST,473
18-Apr-19 3:15:01 PM AST,444
18-Apr-19 3:30:01 PM AST,410
18-Apr-19 3:45:01 PM AST,372
18-Apr-19 4:00:01 PM AST,344
18-Apr-19 4:15:01 PM AST,299
18-Apr-19 4:30:01 PM AST,272
18-Apr-19 4:45:01 PM AST,230
18-Apr-19 5:00:01 PM AST,187
18-Apr-19 5:15:01 PM AST,145
18-Apr-19 5:30:02 PM AST,105
18-Apr-19 5:45:01 PM AST,71
18-Apr-19 6:00:01 PM AST,41
18-Apr-19 6:15:01 PM AST,10
18-Apr-19 6:30:01 PM AST,0
18-Apr-19 6:45:01 PM AST,0
18-Apr-19 7:00:01 PM AST,0
18-Apr-19 7:15:01 PM AST,0
18-Apr-19 7:30:01 PM AST,0
18-Apr-19 7:45:01 PM AST,0
18-Apr-19 8:00:01 PM AST,0
18-Apr-19 8:15:02 PM AST,0
18-Apr-19 8:30:01 PM AST,0
18-Apr-19 8:45:01 PM AST,0
18-Apr-19 9:00:01 PM AST,0
18-Apr-19 9:15:01 PM AST,0
18-Apr-19 9:30:01 PM AST,0
18-Apr-19 9:45:01 PM AST,0
18-Apr-19 10:00:01 PM AST,0
18-Apr-19 10:15:01 PM AST,0
18-Apr-19 10:30:01 PM AST,0
18-Apr-19 10:45:01 PM AST,0
18-Apr-19 11:00:01 PM AST,0
18-Apr-19 11:15:01 PM AST,0
18-Apr-19 11:30:01 PM AST,0
18-Apr-19 11:45:01 PM AST,0
19-Apr-19 12:00:01 AM AST,0
19-Apr-19 12:15:01 AM AST,0
19-Apr-19 12:30:01 AM AST,0
19-Apr-19 12:45:01 AM AST,0
19-Apr-19 1:00:01 AM AST,0
19-Apr-19 1:15:01 AM AST,0
19-Apr-19 1:30:01 AM AST,0
19-Apr-19 1:45:01 AM AST,0
19-Apr-19 2:00:01 AM AST,0
19-Apr-19 2:15:01 AM AST,0
19-Apr-19 2:30:01 AM AST,0
19-Apr-19 2:45:01 AM AST,0
19-Apr-19 3:00:01 AM AST,0
19-Apr-19 3:15:01 AM AST,0
19-Apr-19 3:30:02 AM AST,0
19-Apr-19 3:45:01 AM AST,0
19-Apr-19 4:00:02 AM AST,0
19-Apr-19 4:15:01 AM AST,0
19-Apr-19 4:30:01 AM AST,0
19-Apr-19 4:45:01 AM AST,0
19-Apr-19 5:00:01 AM AST,0
19-Apr-19 5:15:02 AM AST,0
19-Apr-19 5:30:01 AM AST,0
19-Apr-19 5:45:01 AM AST,0
19-Apr-19 6:00:02 AM AST,0
19-Apr-19 6:15:02 AM AST,3
19-Apr-19 6:30:01 AM AST,13
19-Apr-19 6:45:01 AM AST,40
19-Apr-19 7:00:01 AM AST,69
19-Apr-19 7:15:01 AM AST,110
19-Apr-19 7:30:01 AM AST,151
19-Apr-19 7:45:01 AM AST,191
19-Apr-19 8:00:01 AM AST,233
19-Apr-19 8:15:01 AM AST,271
19-Apr-19 8:30:01 AM AST,305
19-Apr-19 8:45:01 AM AST,340
19-Apr-19 9:00:01 AM AST,387
19-Apr-19 9:15:02 AM AST,427
19-Apr-19 9:30:01 AM AST,459
19-Apr-19 9:45:03 AM AST,496
19-Apr-19 10:00:01 AM AST,526
19-Apr-19 10:15:01 AM AST,552
19-Apr-19 10:30:01 AM AST,575
19-Apr-19 10:45:01 AM AST,586
19-Apr-19 11:00:01 AM AST,603
19-Apr-19 11:15:01 AM AST,613
19-Apr-19 11:30:01 AM AST,632
19-Apr-19 11:45:01 AM AST,641
19-Apr-19 12:00:01 PM AST,646
19-Apr-19 12:15:02 PM AST,655
19-Apr-19 12:30:02 PM AST,650
19-Apr-19 12:45:01 PM AST,649
19-Apr-19 1:00:02 PM AST,642
19-Apr-19 1:15:01 PM AST,632
19-Apr-19 1:30:01 PM AST,633
19-Apr-19 1:45:01 PM AST,618
19-Apr-19 2:00:01 PM AST,605
19-Apr-19 2:15:01 PM AST,587
19-Apr-19 2:30:01 PM AST,565
19-Apr-19 2:45:01 PM AST,546
19-Apr-19 3:00:01 PM AST,515
19-Apr-19 3:15:01 PM AST,489
19-Apr-19 3:30:01 PM AST,454
19-Apr-19 3:45:01 PM AST,422
19-Apr-19 4:00:01 PM AST,387
19-Apr-19 4:15:01 PM AST,350
19-Apr-19 4:30:01 PM AST,306
19-Apr-19 4:45:02 PM AST,261
19-Apr-19 5:00:01 PM AST,211
19-Apr-19 5:15:01 PM AST,163
19-Apr-19 5:30:01 PM AST,115
19-Apr-19 5:45:01 PM AST,82
19-Apr-19 6:00:01 PM AST,45
19-Apr-19 6:15:01 PM AST,22
19-Apr-19 6:30:01 PM AST,2
19-Apr-19 6:45:01 PM AST,0
19-Apr-19 7:00:01 PM AST,0
19-Apr-19 7:15:01 PM AST,0
19-Apr-19 7:30:03 PM AST,0
19-Apr-19 7:45:02 PM AST,0
19-Apr-19 8:00:01 PM AST,0
19-Apr-19 8:15:02 PM AST,0
19-Apr-19 8:30:01 PM AST,0
19-Apr-19 8:45:01 PM AST,0
19-Apr-19 9:00:01 PM AST,0
19-Apr-19 9:15:01 PM AST,0
19-Apr-19 9:30:01 PM AST,0
19-Apr-19 9:45:01 PM AST,0
19-Apr-19 10:00:01 PM AST,0
19-Apr-19 10:15:02 PM AST,0
19-Apr-19 10:30:01 PM AST,0
19-Apr-19 10:45:01 PM AST,0
19-Apr-19 11:00:01 PM AST,0
19-Apr-19 11:15:01 PM AST,0
19-Apr-19 11:30:01 PM AST,0
19-Apr-19 11:45:01 PM AST,0
20-Apr-19 12:00:02 AM AST,0
20-Apr-19 12:15:01 AM AST,0
20-Apr-19 12:30:01 AM AST,0
20-Apr-19 12:45:01 AM AST,0
20-Apr-19 1:00:01 AM AST,0
20-Apr-19 1:15:01 AM AST,0
20-Apr-19 1:30:01 AM AST,0
20-Apr-19 1:45:02 AM AST,0
20-Apr-19 2:00:02 AM AST,0
20-Apr-19 2:15:01 AM AST,0
20-Apr-19 2:30:02 AM AST,0
20-Apr-19 2:45:01 AM AST,0
20-Apr-19 3:00:01 AM AST,0
20-Apr-19 3:15:01 AM AST,0
20-Apr-19 3:30:01 AM AST,0
20-Apr-19 3:45:01 AM AST,0
20-Apr-19 4:00:01 AM AST,0
20-Apr-19 4:15:01 AM AST,0
20-Apr-19 4:30:01 AM AST,0
20-Apr-19 4:45:01 AM AST,0
20-Apr-19 5:00:01 AM AST,0
20-Apr-19 5:15:01 AM AST,0
20-Apr-19 5:30:01 AM AST,0
20-Apr-19 5:45:02 AM AST,0
20-Apr-19 6:00:01 AM AST,4
20-Apr-19 6:15:01 AM AST,4
20-Apr-19 6:30:01 AM AST,18
20-Apr-19 6:45:01 AM AST,47
20-Apr-19 7:00:01 AM AST,80
20-Apr-19 7:15:01 AM AST,123
20-Apr-19 7:30:01 AM AST,164
20-Apr-19 7:45:01 AM AST,195
20-Apr-19 8:00:01 AM AST,220
20-Apr-19 8:15:01 AM AST,261
20-Apr-19 8:30:01 AM AST,299
20-Apr-19 8:45:01 AM AST,343
20-Apr-19 9:00:01 AM AST,389
20-Apr-19 9:15:01 AM AST,424
20-Apr-19 9:30:01 AM AST,458
20-Apr-19 9:45:01 AM AST,495
20-Apr-19 10:00:01 AM AST,515
20-Apr-19 10:15:02 AM AST,542
20-Apr-19 10:30:01 AM AST,565
20-Apr-19 10:45:02 AM AST,578
20-Apr-19 11:00:02 AM AST,596
20-Apr-19 11:15:02 AM AST,606
20-Apr-19 11:30:02 AM AST,635
20-Apr-19 11:45:02 AM AST,641
20-Apr-19 12:00:02 PM AST,654
20-Apr-19 12:15:01 PM AST,655
20-Apr-19 12:30:01 PM AST,653
20-Apr-19 12:45:01 PM AST,660
20-Apr-19 1:00:01 PM AST,654
20-Apr-19 1:15:02 PM AST,643
20-Apr-19 1:30:01 PM AST,632
20-Apr-19 1:45:01 PM AST,622
20-Apr-19 2:00:01 PM AST,603
20-Apr-19 2:15:02 PM AST,582
20-Apr-19 2:30:01 PM AST,569
20-Apr-19 2:45:01 PM AST,545
20-Apr-19 3:00:01 PM AST,527
20-Apr-19 3:15:01 PM AST,495
20-Apr-19 3:30:01 PM AST,458
20-Apr-19 3:45:01 PM AST,417
20-Apr-19 4:00:01 PM AST,368
20-Apr-19 4:15:01 PM AST,338
20-Apr-19 4:30:01 PM AST,292
20-Apr-19 4:45:01 PM AST,248
20-Apr-19 5:00:02 PM AST,211
20-Apr-19 5:15:01 PM AST,162
20-Apr-19 5:30:01 PM AST,126
20-Apr-19 5:45:01 PM AST,87
20-Apr-19 6:00:01 PM AST,50
20-Apr-19 6:15:01 PM AST,17
20-Apr-19 6:30:01 PM AST,0
20-Apr-19 6:45:01 PM AST,0
20-Apr-19 7:00:01 PM AST,0
20-Apr-19 7:15:01 PM AST,0
20-Apr-19 7:30:01 PM AST,0
20-Apr-19 7:45:01 PM AST,0
20-Apr-19 8:00:01 PM AST,0
20-Apr-19 8:15:01 PM AST,0
20-Apr-19 8:30:01 PM AST,0
20-Apr-19 8:45:01 PM AST,0
20-Apr-19 9:00:01 PM AST,0
20-Apr-19 9:15:01 PM AST,0
20-Apr-19 9:30:01 PM AST,0
20-Apr-19 9:45:01 PM AST,0
20-Apr-19 10:00:01 PM AST,0
20-Apr-19 10:15:01 PM AST,0
20-Apr-19 10:30:01 PM AST,0
20-Apr-19 10:45:01 PM AST,0
20-Apr-19 11:00:01 PM AST,0
20-Apr-19 11:15:01 PM AST,0
20-Apr-19 11:30:01 PM AST,0
20-Apr-19 11:45:01 PM AST,0
21-Apr-19 12:00:01 AM AST,0
21-Apr-19 12:15:01 AM AST,0
21-Apr-19 12:30:01 AM AST,0
21-Apr-19 12:45:03 AM AST,0
21-Apr-19 1:00:01 AM AST,0
21-Apr-19 1:15:01 AM AST,0
21-Apr-19 1:30:01 AM AST,0
21-Apr-19 1:45:01 AM AST,0
21-Apr-19 2:00:01 AM AST,0
21-Apr-19 2:15:02 AM AST,0
21-Apr-19 2:30:01 AM AST,0
21-Apr-19 2:45:01 AM AST,0
21-Apr-19 3:00:01 AM AST,0
21-Apr-19 3:15:02 AM AST,0
21-Apr-19 3:30:02 AM AST,0
21-Apr-19 3:45:01 AM AST,0
21-Apr-19 4:00:01 AM AST,0
21-Apr-19 4:15:01 AM AST,0
21-Apr-19 4:30:01 AM AST,0
21-Apr-19 4:45:01 AM AST,0
21-Apr-19 5:00:01 AM AST,0
21-Apr-19 5:15:01 AM AST,0
21-Apr-19 5:30:01 AM AST,0
21-Apr-19 5:45:01 AM AST,0
21-Apr-19 6:00:02 AM AST,3
21-Apr-19 6:15:01 AM AST,4
21-Apr-19 6:30:01 AM AST,21
21-Apr-19 6:45:01 AM AST,51
21-Apr-19 7:00:02 AM AST,78
21-Apr-19 7:15:01 AM AST,105
21-Apr-19 7:30:01 AM AST,148
21-Apr-19 7:45:02 AM AST,188
21-Apr-19 8:00:02 AM AST,235
21-Apr-19 8:15:01 AM AST,274
21-Apr-19 8:30:01 AM AST,317
21-Apr-19 8:45:01 AM AST,370
21-Apr-19 9:00:01 AM AST,411
21-Apr-19 9:15:01 AM AST,436
21-Apr-19 9:30:02 AM AST,473
21-Apr-19 9:45:02 AM AST,505
21-Apr-19 10:00:01 AM AST,537
21-Apr-19 10:15:02 AM AST,557
21-Apr-19 10:30:02 AM AST,586
21-Apr-19 10:45:01 AM AST,603
21-Apr-19 11:00:01 AM AST,616
21-Apr-19 11:15:03 AM AST,638
21-Apr-19 11:30:02 AM AST,652
21-Apr-19 11:45:02 AM AST,656
21-Apr-19 12:00:02 PM AST,661
21-Apr-19 12:15:01 PM AST,662
21-Apr-19 12:30:01 PM AST,663
21-Apr-19 12:45:02 PM AST,660
21-Apr-19 1:00:02 PM AST,647
21-Apr-19 1:15:01 PM AST,643
21-Apr-19 1:30:01 PM AST,634
21-Apr-19 1:45:01 PM AST,623
21-Apr-19 2:00:01 PM AST,611
21-Apr-19 2:15:01 PM AST,598
21-Apr-19 2:30:01 PM AST,568
21-Apr-19 2:45:01 PM AST,546
21-Apr-19 3:00:02 PM AST,523
21-Apr-19 3:15:01 PM AST,491
21-Apr-19 3:30:02 PM AST,454
21-Apr-19 3:45:01 PM AST,418
21-Apr-19 4:00:01 PM AST,374
21-Apr-19 4:15:01 PM AST,340
21-Apr-19 4:30:01 PM AST,296
21-Apr-19 4:45:01 PM AST,265
21-Apr-19 5:00:01 PM AST,221
21-Apr-19 5:15:01 PM AST,173
21-Apr-19 5:30:02 PM AST,123
21-Apr-19 5:45:03 PM AST,81
21-Apr-19 6:00:01 PM AST,45
21-Apr-19 6:15:01 PM AST,14
21-Apr-19 6:30:01 PM AST,2
21-Apr-19 6:45:01 PM AST,2
21-Apr-19 7:00:01 PM AST,0
21-Apr-19 7:15:01 PM AST,0
21-Apr-19 7:30:01 PM AST,0
21-Apr-19 7:45:01 PM AST,0
21-Apr-19 8:00:01 PM AST,0
21-Apr-19 8:15:02 PM AST,0
21-Apr-19 8:30:02 PM AST,0
21-Apr-19 8:45:01 PM AST,0
21-Apr-19 9:00:01 PM AST,0
21-Apr-19 9:15:01 PM AST,0
21-Apr-19 9:30:02 PM AST,0
21-Apr-19 9:45:01 PM AST,0
21-Apr-19 10:00:02 PM AST,0
21-Apr-19 10:15:02 PM AST,0
21-Apr-19 10:30:02 PM AST,0
21-Apr-19 10:45:02 PM AST,0
21-Apr-19 11:00:02 PM AST,0
21-Apr-19 11:15:02 PM AST,0
21-Apr-19 11:30:01 PM AST,0
21-Apr-19 11:45:01 PM AST,0
22-Apr-19 12:00:01 AM AST,0
22-Apr-19 12:15:01 AM AST,0
22-Apr-19 12:30:01 AM AST,0
22-Apr-19 12:45:01 AM AST,0
22-Apr-19 1:00:01 AM AST,0
22-Apr-19 1:15:01 AM AST,0
22-Apr-19 1:30:01 AM AST,0
22-Apr-19 1:45:01 AM AST,0
22-Apr-19 2:00:01 AM AST,0
22-Apr-19 2:15:01 AM AST,0
22-Apr-19 2:30:02 AM AST,0
22-Apr-19 2:45:01 AM AST,0
22-Apr-19 3:00:01 AM AST,0
22-Apr-19 3:15:01 AM AST,0
22-Apr-19 3:30:01 AM AST,0
22-Apr-19 3:45:01 AM AST,0
22-Apr-19 4:00:01 AM AST,0
22-Apr-19 4:15:01 AM AST,0
22-Apr-19 4:30:01 AM AST,0
22-Apr-19 4:45:01 AM AST,0
22-Apr-19 5:00:01 AM AST,0
22-Apr-19 5:15:01 AM AST,0
22-Apr-19 5:30:01 AM AST,0
22-Apr-19 5:45:01 AM AST,0
22-Apr-19 6:00:01 AM AST,0
22-Apr-19 6:15:02 AM AST,7
22-Apr-19 6:30:01 AM AST,23
22-Apr-19 6:45:01 AM AST,45
22-Apr-19 7:00:01 AM AST,76
22-Apr-19 7:15:01 AM AST,115
22-Apr-19 7:30:02 AM AST,158
22-Apr-19 7:45:01 AM AST,200
22-Apr-19 8:00:01 AM AST,241
22-Apr-19 8:15:01 AM AST,283
22-Apr-19 8:30:01 AM AST,313
22-Apr-19 8:45:01 AM AST,354
22-Apr-19 9:00:01 AM AST,388
22-Apr-19 9:15:02 AM AST,429
22-Apr-19 9:30:02 AM AST,462
22-Apr-19 9:45:02 AM AST,466
22-Apr-19 10:00:01 AM AST,500
22-Apr-19 10:15:01 AM AST,523
22-Apr-19 10:30:01 AM AST,541
22-Apr-19 10:45:01 AM AST,562
22-Apr-19 11:00:01 AM AST,569
22-Apr-19 11:15:02 AM AST,584
22-Apr-19 11:30:01 AM AST,602
22-Apr-19 11:45:01 AM AST,610
22-Apr-19 12:00:01 PM AST,612
22-Apr-19 12:15:01 PM AST,620
22-Apr-19 12:30:02 PM AST,615
22-Apr-19 12:45:01 PM AST,613
22-Apr-19 1:00:02 PM AST,604
22-Apr-19 1:15:01 PM AST,599
22-Apr-19 1:30:01 PM AST,594
22-Apr-19 1:45:01 PM AST,586
22-Apr-19 2:00:01 PM AST,571
22-Apr-19 2:15:01 PM AST,548
22-Apr-19 2:30:01 PM AST,528
22-Apr-19 2:45:02 PM AST,506
22-Apr-19 3:00:01 PM AST,480
22-Apr-19 3:15:01 PM AST,441
22-Apr-19 3:30:01 PM AST,416
22-Apr-19 3:45:01 PM AST,376
22-Apr-19 4:00:01 PM AST,349
22-Apr-19 4:15:01 PM AST,311
22-Apr-19 4:30:02 PM AST,271
22-Apr-19 4:45:01 PM AST,229
22-Apr-19 5:00:01 PM AST,187
22-Apr-19 5:15:01 PM AST,147
22-Apr-19 5:30:01 PM AST,103
22-Apr-19 5:45:01 PM AST,69
22-Apr-19 6:00:01 PM AST,45
22-Apr-19 6:15:01 PM AST,22
22-Apr-19 6:30:01 PM AST,0
22-Apr-19 6:45:02 PM AST,0
22-Apr-19 7:00:02 PM AST,0
22-Apr-19 7:15:02 PM AST,0
22-Apr-19 7:30:01 PM AST,0
22-Apr-19 7:45:01 PM AST,0
22-Apr-19 8:00:02 PM AST,0
22-Apr-19 8:15:01 PM AST,0
22-Apr-19 8:30:02 PM AST,0
22-Apr-19 8:45:01 PM AST,0
22-Apr-19 9:00:01 PM AST,0
22-Apr-19 9:15:01 PM AST,0
22-Apr-19 9:30:01 PM AST,0
22-Apr-19 9:45:01 PM AST,0
22-Apr-19 10:00:01 PM AST,0
22-Apr-19 10:15:01 PM AST,0
22-Apr-19 10:30:02 PM AST,0
22-Apr-19 10:45:02 PM AST,0
22-Apr-19 11:00:01 PM AST,0
22-Apr-19 11:15:01 PM AST,0
22-Apr-19 11:30:01 PM AST,0
22-Apr-19 11:45:01 PM AST,0
23-Apr-19 12:00:01 AM AST,0
23-Apr-19 12:15:02 AM AST,0
23-Apr-19 12:30:01 AM AST,0
23-Apr-19 12:45:01 AM AST,0
23-Apr-19 1:00:01 AM AST,0
23-Apr-19 1:15:02 AM AST,0
23-Apr-19 1:30:02 AM AST,0
23-Apr-19 1:45:01 AM AST,0
23-Apr-19 2:00:01 AM AST,0
23-Apr-19 2:15:02 AM AST,0
23-Apr-19 2:30:02 AM AST,0
23-Apr-19 2:45:01 AM AST,0
23-Apr-19 3:00:02 AM AST,0
23-Apr-19 3:15:01 AM AST,0
23-Apr-19 3:30:01 AM AST,0
23-Apr-19 3:45:01 AM AST,0
23-Apr-19 4:00:01 AM AST,0
23-Apr-19 4:15:01 AM AST,0
23-Apr-19 4:30:01 AM AST,0
23-Apr-19 4:45:01 AM AST,0
23-Apr-19 5:00:01 AM AST,0
23-Apr-19 5:15:01 AM AST,0
23-Apr-19 5:30:01 AM AST,0
23-Apr-19 5:45:02 AM AST,0
23-Apr-19 6:00:01 AM AST,2
23-Apr-19 6:15:02 AM AST,6
23-Apr-19 6:30:01 AM AST,24
23-Apr-19 6:45:01 AM AST,52
23-Apr-19 7:00:01 AM AST,79
23-Apr-19 7:15:01 AM AST,110
23-Apr-19 7:30:01 AM AST,143
23-Apr-19 7:45:01 AM AST,174
23-Apr-19 8:00:01 AM AST,200
23-Apr-19 8:15:01 AM AST,233
23-Apr-19 8:30:03 AM AST,255
23-Apr-19 8:45:02 AM AST,291
23-Apr-19 9:00:01 AM AST,301
23-Apr-19 9:15:02 AM AST,350
23-Apr-19 9:30:01 AM AST,380
23-Apr-19 9:45:01 AM AST,414
23-Apr-19 10:00:01 AM AST,434
23-Apr-19 10:15:01 AM AST,453
23-Apr-19 10:30:01 AM AST,475
23-Apr-19 10:45:02 AM AST,491
23-Apr-19 11:00:01 AM AST,507
23-Apr-19 11:15:02 AM AST,524
23-Apr-19 11:30:01 AM AST,541
23-Apr-19 11:45:02 AM AST,551
23-Apr-19 12:00:02 PM AST,547
23-Apr-19 12:15:01 PM AST,564
23-Apr-19 12:30:02 PM AST,561
23-Apr-19 12:45:02 PM AST,562
23-Apr-19 1:00:02 PM AST,556
23-Apr-19 1:15:01 PM AST,550
23-Apr-19 1:30:01 PM AST,529
23-Apr-19 1:45:01 PM AST,524
23-Apr-19 2:00:01 PM AST,509
23-Apr-19 2:15:01 PM AST,492
23-Apr-19 2:30:01 PM AST,464
23-Apr-19 2:45:02 PM AST,434
23-Apr-19 3:00:02 PM AST,419
23-Apr-19 3:15:01 PM AST,393
23-Apr-19 3:30:01 PM AST,354
23-Apr-19 3:45:01 PM AST,336
23-Apr-19 4:00:01 PM AST,291
23-Apr-19 4:15:01 PM AST,266
23-Apr-19 4:30:01 PM AST,224
23-Apr-19 4:45:01 PM AST,185
23-Apr-19 5:00:01 PM AST,148
23-Apr-19 5:15:02 PM AST,120
23-Apr-19 5:30:01 PM AST,90
23-Apr-19 5:45:01 PM AST,67
23-Apr-19 6:00:01 PM AST,41
23-Apr-19 6:15:01 PM AST,15
23-Apr-19 6:30:01 PM AST,0
23-Apr-19 6:45:02 PM AST,0
23-Apr-19 7:00:01 PM AST,0
23-Apr-19 7:15:01 PM AST,0
23-Apr-19 7:30:01 PM AST,0
23-Apr-19 7:45:01 PM AST,0
23-Apr-19 8:00:01 PM AST,0
23-Apr-19 8:15:01 PM AST,0
23-Apr-19 8:30:01 PM AST,0
23-Apr-19 8:45:01 PM AST,0
23-Apr-19 9:00:01 PM AST,0
23-Apr-19 9:15:01 PM AST,0
23-Apr-19 9:30:01 PM AST,0
23-Apr-19 9:45:02 PM AST,0
23-Apr-19 10:00:02 PM AST,0
23-Apr-19 10:15:02 PM AST,0
23-Apr-19 10:30:01 PM AST,0
23-Apr-19 10:45:01 PM AST,0
23-Apr-19 11:00:01 PM AST,0
23-Apr-19 11:15:01 PM AST,0
23-Apr-19 11:30:01 PM AST,0
23-Apr-19 11:45:01 PM AST,0
24-Apr-19 12:00:01 AM AST,0
24-Apr-19 12:15:01 AM AST,0
24-Apr-19 12:30:02 AM AST,0
24-Apr-19 12:45:01 AM AST,0
24-Apr-19 1:00:02 AM AST,0
24-Apr-19 1:15:01 AM AST,0
24-Apr-19 1:30:01 AM AST,0
24-Apr-19 1:45:01 AM AST,0
24-Apr-19 2:00:02 AM AST,0
24-Apr-19 2:15:01 AM AST,0
24-Apr-19 2:30:01 AM AST,0
24-Apr-19 2:45:01 AM AST,0
24-Apr-19 3:00:01 AM AST,0
24-Apr-19 3:15:01 AM AST,0
24-Apr-19 3:30:01 AM AST,0
24-Apr-19 3:45:02 AM AST,0
24-Apr-19 4:00:01 AM AST,0
24-Apr-19 4:15:01 AM AST,0
24-Apr-19 4:30:01 AM AST,0
24-Apr-19 4:45:02 AM AST,0
24-Apr-19 5:00:02 AM AST,0
24-Apr-19 5:15:01 AM AST,0
24-Apr-19 5:30:01 AM AST,0
24-Apr-19 5:45:01 AM AST,0
24-Apr-19 6:00:01 AM AST,2
24-Apr-19 6:15:01 AM AST,1
24-Apr-19 6:30:01 AM AST,14
24-Apr-19 6:45:01 AM AST,41
24-Apr-19 7:00:01 AM AST,63
24-Apr-19 7:15:01 AM AST,79
24-Apr-19 7:30:01 AM AST,102
24-Apr-19 7:45:02 AM AST,116
24-Apr-19 8:00:01 AM AST,151
24-Apr-19 8:15:01 AM AST,177
24-Apr-19 8:30:01 AM AST,217
24-Apr-19 8:45:01 AM AST,257
24-Apr-19 9:00:01 AM AST,284
24-Apr-19 9:15:01 AM AST,315
24-Apr-19 9:30:01 AM AST,346
24-Apr-19 9:45:02 AM AST,361
24-Apr-19 10:00:01 AM AST,383
24-Apr-19 10:15:01 AM AST,401
24-Apr-19 10:30:02 AM AST,402
24-Apr-19 10:45:01 AM AST,431
24-Apr-19 11:00:01 AM AST,446
24-Apr-19 11:15:01 AM AST,465
24-Apr-19 11:30:01 AM AST,477
24-Apr-19 11:45:01 AM AST,483
24-Apr-19 12:00:01 PM AST,497
24-Apr-19 12:15:01 PM AST,488
24-Apr-19 12:30:01 PM AST,494
24-Apr-19 12:45:01 PM AST,495
24-Apr-19 1:00:01 PM AST,489
24-Apr-19 1:15:01 PM AST,479
24-Apr-19 1:30:02 PM AST,472
24-Apr-19 1:45:03 PM AST,462
24-Apr-19 2:00:02 PM AST,447
24-Apr-19 2:15:01 PM AST,433
24-Apr-19 2:30:01 PM AST,424
24-Apr-19 2:45:01 PM AST,403
24-Apr-19 3:00:01 PM AST,379
24-Apr-19 3:15:02 PM AST,341
24-Apr-19 3:30:01 PM AST,317
24-Apr-19 3:45:02 PM AST,281
24-Apr-19 4:00:02 PM AST,249
24-Apr-19 4:15:02 PM AST,213
24-Apr-19 4:30:02 PM AST,179
24-Apr-19 4:45:02 PM AST,152
24-Apr-19 5:00:02 PM AST,119
24-Apr-19 5:15:02 PM AST,94
24-Apr-19 5:30:01 PM AST,70
24-Apr-19 5:45:02 PM AST,45
24-Apr-19 6:00:01 PM AST,23
24-Apr-19 6:15:02 PM AST,4
24-Apr-19 6:30:01 PM AST,1
24-Apr-19 6:45:02 PM AST,0
24-Apr-19 7:00:01 PM AST,0
24-Apr-19 7:15:01 PM AST,0
24-Apr-19 7:30:02 PM AST,0
24-Apr-19 7:45:02 PM AST,0
24-Apr-19 8:00:02 PM AST,0
24-Apr-19 8:15:01 PM AST,0
24-Apr-19 8:30:01 PM AST,0
24-Apr-19 8:45:01 PM AST,0
24-Apr-19 9:00:01 PM AST,0
24-Apr-19 9:15:01 PM AST,0
24-Apr-19 9:30:02 PM AST,0
24-Apr-19 9:45:02 PM AST,0
24-Apr-19 10:00:01 PM AST,0
24-Apr-19 10:15:01 PM AST,0
24-Apr-19 10:30:02 PM AST,0
24-Apr-19 10:45:02 PM AST,0
24-Apr-19 11:00:01 PM AST,0
24-Apr-19 11:15:02 PM AST,0
24-Apr-19 11:30:02 PM AST,0
24-Apr-19 11:45:01 PM AST,0
25-Apr-19 12:00:01 AM AST,0
25-Apr-19 12:15:02 AM AST,0
25-Apr-19 12:30:02 AM AST,0
25-Apr-19 12:45:01 AM AST,0
25-Apr-19 1:00:03 AM AST,0
25-Apr-19 1:15:02 AM AST,0
25-Apr-19 1:30:01 AM AST,0
25-Apr-19 1:45:01 AM AST,0
25-Apr-19 2:00:01 AM AST,0
25-Apr-19 2:15:01 AM AST,0
25-Apr-19 2:30:01 AM AST,0
25-Apr-19 2:45:01 AM AST,0
25-Apr-19 3:00:02 AM AST,0
25-Apr-19 3:15:01 AM AST,0
25-Apr-19 3:30:01 AM AST,0
25-Apr-19 3:45:01 AM AST,0
25-Apr-19 4:00:01 AM AST,0
25-Apr-19 4:15:01 AM AST,0
25-Apr-19 4:30:01 AM AST,0
25-Apr-19 4:45:01 AM AST,0
25-Apr-19 5:00:01 AM AST,0
25-Apr-19 5:15:01 AM AST,0
25-Apr-19 5:30:01 AM AST,0
25-Apr-19 5:45:02 AM AST,0
25-Apr-19 6:00:02 AM AST,1
25-Apr-19 6:15:01 AM AST,3
25-Apr-19 6:30:02 AM AST,17
25-Apr-19 6:45:02 AM AST,38
25-Apr-19 7:00:01 AM AST,65
25-Apr-19 7:15:02 AM AST,83
25-Apr-19 7:30:01 AM AST,109
25-Apr-19 7:45:01 AM AST,131
25-Apr-19 8:00:01 AM AST,154
25-Apr-19 8:15:01 AM AST,179
25-Apr-19 8:30:01 AM AST,206
25-Apr-19 8:45:01 AM AST,231
25-Apr-19 9:00:01 AM AST,247
25-Apr-19 9:15:01 AM AST,272
25-Apr-19 9:30:01 AM AST,287
25-Apr-19 9:45:01 AM AST,313
25-Apr-19 10:00:02 AM AST,330
25-Apr-19 10:15:01 AM AST,342
25-Apr-19 10:30:02 AM AST,368
25-Apr-19 10:45:01 AM AST,360
25-Apr-19 11:00:01 AM AST,366
25-Apr-19 11:15:02 AM AST,376
25-Apr-19 11:30:02 AM AST,392
25-Apr-19 11:45:02 AM AST,408
25-Apr-19 12:00:02 PM AST,408
25-Apr-19 12:15:02 PM AST,416
25-Apr-19 12:30:02 PM AST,426
25-Apr-19 12:45:02 PM AST,430
25-Apr-19 1:00:02 PM AST,414
25-Apr-19 1:15:02 PM AST,406
25-Apr-19 1:30:02 PM AST,405
25-Apr-19 1:45:02 PM AST,388
25-Apr-19 2:00:02 PM AST,389
25-Apr-19 2:15:01 PM AST,377
25-Apr-19 2:30:01 PM AST,349
25-Apr-19 2:45:01 PM AST,318
25-Apr-19 3:00:01 PM AST,294
25-Apr-19 3:15:01 PM AST,278
25-Apr-19 3:30:01 PM AST,246
25-Apr-19 3:45:01 PM AST,223
25-Apr-19 4:00:01 PM AST,204
25-Apr-19 4:15:01 PM AST,175
25-Apr-19 4:30:02 PM AST,155
25-Apr-19 4:45:02 PM AST,129
25-Apr-19 5:00:02 PM AST,108
25-Apr-19 5:15:01 PM AST,82
25-Apr-19 5:30:01 PM AST,60
25-Apr-19 5:45:01 PM AST,39
25-Apr-19 6:00:02 PM AST,17
25-Apr-19 6:15:01 PM AST,3
25-Apr-19 6:30:01 PM AST,0
25-Apr-19 6:45:01 PM AST,0
25-Apr-19 7:00:01 PM AST,0
25-Apr-19 7:15:01 PM AST,0
25-Apr-19 7:30:01 PM AST,0
25-Apr-19 7:45:01 PM AST,0
25-Apr-19 8:00:01 PM AST,0
25-Apr-19 8:15:02 PM AST,0
25-Apr-19 8:30:01 PM AST,0
25-Apr-19 8:45:01 PM AST,0
25-Apr-19 9:00:01 PM AST,0
25-Apr-19 9:15:01 PM AST,0
25-Apr-19 9:30:01 PM AST,0
25-Apr-19 9:45:01 PM AST,0
25-Apr-19 10:00:02 PM AST,0
25-Apr-19 10:15:02 PM AST,0
25-Apr-19 10:30:01 PM AST,0
25-Apr-19 10:45:02 PM AST,0
25-Apr-19 11:00:01 PM AST,0
25-Apr-19 11:15:01 PM AST,0
25-Apr-19 11:30:02 PM AST,0
25-Apr-19 11:45:01 PM AST,0
26-Apr-19 12:00:01 AM AST,0
26-Apr-19 12:15:02 AM AST,0
26-Apr-19 12:30:01 AM AST,0
26-Apr-19 12:45:02 AM AST,0
26-Apr-19 1:00:01 AM AST,0
26-Apr-19 1:15:01 AM AST,0
26-Apr-19 1:30:01 AM AST,0
26-Apr-19 1:45:01 AM AST,0
26-Apr-19 2:00:01 AM AST,0
26-Apr-19 2:15:02 AM AST,0
26-Apr-19 2:30:01 AM AST,0
26-Apr-19 2:45:01 AM AST,0
26-Apr-19 3:00:01 AM AST,0
26-Apr-19 3:15:01 AM AST,0
26-Apr-19 3:30:01 AM AST,0
26-Apr-19 3:45:01 AM AST,0
26-Apr-19 4:00:01 AM AST,0
26-Apr-19 4:15:01 AM AST,0
26-Apr-19 4:30:02 AM AST,0
26-Apr-19 4:45:02 AM AST,0
26-Apr-19 5:00:02 AM AST,0
26-Apr-19 5:15:02 AM AST,0
26-Apr-19 5:30:02 AM AST,0
26-Apr-19 5:45:02 AM AST,0
26-Apr-19 6:00:02 AM AST,0
26-Apr-19 6:15:02 AM AST,5
26-Apr-19 6:30:02 AM AST,15
26-Apr-19 6:45:01 AM AST,24
26-Apr-19 7:00:01 AM AST,59
26-Apr-19 7:15:01 AM AST,72
26-Apr-19 7:30:01 AM AST,112
26-Apr-19 7:45:01 AM AST,135
26-Apr-19 8:00:02 AM AST,146
26-Apr-19 8:15:02 AM AST,187
26-Apr-19 8:30:02 AM AST,199
26-Apr-19 8:45:01 AM AST,244
26-Apr-19 9:00:01 AM AST,217
26-Apr-19 9:15:01 AM AST,280
26-Apr-19 9:30:01 AM AST,291
26-Apr-19 9:45:01 AM AST,314
26-Apr-19 10:00:01 AM AST,272
26-Apr-19 10:15:01 AM AST,258
26-Apr-19 10:30:02 AM AST,414
26-Apr-19 10:45:01 AM AST,382
26-Apr-19 11:00:01 AM AST,296
26-Apr-19 11:15:02 AM AST,250
26-Apr-19 11:30:01 AM AST,298
26-Apr-19 11:45:02 AM AST,291
26-Apr-19 12:00:02 PM AST,481
26-Apr-19 12:15:01 PM AST,458
26-Apr-19 12:30:01 PM AST,467
26-Apr-19 12:45:02 PM AST,473
26-Apr-19 1:00:01 PM AST,471
26-Apr-19 1:15:02 PM AST,471
26-Apr-19 1:30:01 PM AST,461
26-Apr-19 1:45:01 PM AST,441
26-Apr-19 2:00:02 PM AST,429
26-Apr-19 2:15:02 PM AST,415
26-Apr-19 2:30:02 PM AST,394
26-Apr-19 2:45:01 PM AST,362
26-Apr-19 3:00:01 PM AST,332
26-Apr-19 3:15:01 PM AST,256
26-Apr-19 3:30:01 PM AST,212
26-Apr-19 3:45:01 PM AST,236
26-Apr-19 4:00:01 PM AST,242
26-Apr-19 4:15:01 PM AST,223
26-Apr-19 4:30:01 PM AST,193
26-Apr-19 4:45:01 PM AST,167
26-Apr-19 5:00:01 PM AST,136
26-Apr-19 5:15:01 PM AST,105
26-Apr-19 5:30:01 PM AST,77
26-Apr-19 5:45:01 PM AST,55
26-Apr-19 6:00:01 PM AST,32
26-Apr-19 6:15:01 PM AST,15
26-Apr-19 6:30:01 PM AST,0
26-Apr-19 6:45:01 PM AST,0
26-Apr-19 7:00:01 PM AST,0
26-Apr-19 7:15:01 PM AST,0
26-Apr-19 7:30:01 PM AST,0
26-Apr-19 7:45:01 PM AST,0
26-Apr-19 8:00:01 PM AST,0
26-Apr-19 8:15:01 PM AST,0
26-Apr-19 8:30:01 PM AST,0
26-Apr-19 8:45:01 PM AST,0
26-Apr-19 9:00:01 PM AST,0
26-Apr-19 9:15:02 PM AST,0
26-Apr-19 9:30:03 PM AST,0
26-Apr-19 9:45:02 PM AST,0
26-Apr-19 10:00:01 PM AST,0
26-Apr-19 10:15:02 PM AST,0
26-Apr-19 10:30:01 PM AST,0
26-Apr-19 10:45:01 PM AST,0
26-Apr-19 11:00:01 PM AST,0
26-Apr-19 11:15:01 PM AST,0
26-Apr-19 11:30:01 PM AST,0
26-Apr-19 11:45:01 PM AST,0
27-Apr-19 12:00:01 AM AST,0
27-Apr-19 12:15:01 AM AST,0
27-Apr-19 12:30:01 AM AST,0
27-Apr-19 12:45:01 AM AST,0
27-Apr-19 1:00:02 AM AST,0
27-Apr-19 1:15:01 AM AST,0
27-Apr-19 1:30:01 AM AST,0
27-Apr-19 1:45:01 AM AST,0
27-Apr-19 2:00:01 AM AST,0
27-Apr-19 2:15:01 AM AST,0
27-Apr-19 2:30:02 AM AST,0
27-Apr-19 2:45:01 AM AST,0
27-Apr-19 3:00:02 AM AST,0
27-Apr-19 3:15:01 AM AST,0
27-Apr-19 3:30:01 AM AST,0
27-Apr-19 3:45:02 AM AST,0
27-Apr-19 4:00:02 AM AST,0
27-Apr-19 4:15:02 AM AST,0
27-Apr-19 4:30:02 AM AST,0
27-Apr-19 4:45:01 AM AST,0
27-Apr-19 5:00:02 AM AST,0
27-Apr-19 5:15:01 AM AST,0
27-Apr-19 5:30:01 AM AST,0
27-Apr-19 5:45:01 AM AST,0
27-Apr-19 6:00:01 AM AST,5
27-Apr-19 6:15:01 AM AST,4
27-Apr-19 6:30:01 AM AST,24
27-Apr-19 6:45:01 AM AST,48
27-Apr-19 7:00:02 AM AST,70
27-Apr-19 7:15:01 AM AST,87
27-Apr-19 7:30:02 AM AST,111
27-Apr-19 7:45:02 AM AST,142
27-Apr-19 8:00:02 AM AST,152
27-Apr-19 8:15:02 AM AST,209
27-Apr-19 8:30:02 AM AST,225
27-Apr-19 8:45:02 AM AST,262
27-Apr-19 9:00:02 AM AST,290
27-Apr-19 9:15:02 AM AST,322
27-Apr-19 9:30:02 AM AST,353
27-Apr-19 9:45:02 AM AST,382
27-Apr-19 10:00:01 AM AST,404
27-Apr-19 10:15:01 AM AST,417
27-Apr-19 10:30:01 AM AST,435
27-Apr-19 10:45:01 AM AST,449
27-Apr-19 11:00:01 AM AST,465
27-Apr-19 11:15:02 AM AST,480
27-Apr-19 11:30:01 AM AST,499
27-Apr-19 11:45:01 AM AST,502
27-Apr-19 12:00:01 PM AST,504
27-Apr-19 12:15:01 PM AST,508
27-Apr-19 12:30:01 PM AST,503
27-Apr-19 12:45:01 PM AST,503
27-Apr-19 1:00:01 PM AST,496
27-Apr-19 1:15:02 PM AST,491
27-Apr-19 1:30:01 PM AST,478
27-Apr-19 1:45:01 PM AST,468
27-Apr-19 2:00:01 PM AST,444
27-Apr-19 2:15:02 PM AST,424
27-Apr-19 2:30:01 PM AST,402
27-Apr-19 2:45:01 PM AST,382
27-Apr-19 3:00:01 PM AST,342
27-Apr-19 3:15:02 PM AST,339
27-Apr-19 3:30:02 PM AST,332
27-Apr-19 3:45:01 PM AST,305
27-Apr-19 4:00:01 PM AST,259
27-Apr-19 4:15:01 PM AST,233
27-Apr-19 4:30:01 PM AST,209
27-Apr-19 4:45:01 PM AST,172
27-Apr-19 5:00:01 PM AST,137
27-Apr-19 5:15:01 PM AST,115
27-Apr-19 5:30:01 PM AST,84
27-Apr-19 5:45:02 PM AST,64
27-Apr-19 6:00:02 PM AST,35
27-Apr-19 6:15:01 PM AST,13
27-Apr-19 6:30:01 PM AST,0
27-Apr-19 6:45:02 PM AST,0
27-Apr-19 7:00:01 PM AST,0
27-Apr-19 7:15:01 PM AST,0
27-Apr-19 7:30:01 PM AST,0
27-Apr-19 7:45:01 PM AST,0
27-Apr-19 8:00:01 PM AST,0
27-Apr-19 8:15:01 PM AST,0
27-Apr-19 8:30:01 PM AST,0
27-Apr-19 8:45:01 PM AST,0
27-Apr-19 9:00:01 PM AST,0
27-Apr-19 9:15:02 PM AST,0
27-Apr-19 9:30:02 PM AST,0
27-Apr-19 9:45:01 PM AST,0
27-Apr-19 10:00:01 PM AST,0
27-Apr-19 10:15:01 PM AST,0
27-Apr-19 10:30:01 PM AST,0
27-Apr-19 10:45:01 PM AST,0
27-Apr-19 11:00:01 PM AST,0
27-Apr-19 11:15:01 PM AST,0
27-Apr-19 11:30:01 PM AST,0
27-Apr-19 11:45:01 PM AST,0
28-Apr-19 12:00:01 AM AST,0
28-Apr-19 12:15:01 AM AST,0
28-Apr-19 12:30:02 AM AST,0
28-Apr-19 12:45:01 AM AST,0
28-Apr-19 1:00:01 AM AST,0
28-Apr-19 1:15:01 AM AST,0
28-Apr-19 1:30:02 AM AST,0
28-Apr-19 1:45:01 AM AST,0
28-Apr-19 2:00:02 AM AST,0
28-Apr-19 2:15:02 AM AST,0
28-Apr-19 2:30:02 AM AST,0
28-Apr-19 2:45:02 AM AST,0
28-Apr-19 3:00:02 AM AST,0
28-Apr-19 3:15:02 AM AST,0
28-Apr-19 3:30:01 AM AST,0
28-Apr-19 3:45:02 AM AST,0
28-Apr-19 4:00:01 AM AST,0
28-Apr-19 4:15:01 AM AST,0
28-Apr-19 4:30:02 AM AST,0
28-Apr-19 4:45:01 AM AST,0
28-Apr-19 5:00:01 AM AST,0
28-Apr-19 5:15:02 AM AST,0
28-Apr-19 5:30:02 AM AST,0
28-Apr-19 5:45:02 AM AST,0
28-Apr-19 6:00:01 AM AST,0
28-Apr-19 6:15:01 AM AST,3
28-Apr-19 6:30:01 AM AST,25
28-Apr-19 6:45:01 AM AST,51
28-Apr-19 7:00:01 AM AST,72
28-Apr-19 7:15:01 AM AST,93
28-Apr-19 7:30:01 AM AST,119
28-Apr-19 7:45:02 AM AST,142
28-Apr-19 8:00:01 AM AST,173
28-Apr-19 8:15:01 AM AST,205
28-Apr-19 8:30:02 AM AST,229
28-Apr-19 8:45:02 AM AST,257
28-Apr-19 9:00:02 AM AST,287
28-Apr-19 9:15:01 AM AST,315
28-Apr-19 9:30:01 AM AST,343
28-Apr-19 9:45:01 AM AST,376
28-Apr-19 10:00:01 AM AST,399
28-Apr-19 10:15:01 AM AST,419
28-Apr-19 10:30:02 AM AST,443
28-Apr-19 10:45:01 AM AST,454
28-Apr-19 11:00:01 AM AST,468
28-Apr-19 11:15:01 AM AST,479
28-Apr-19 11:30:02 AM AST,490
28-Apr-19 11:45:02 AM AST,496
28-Apr-19 12:00:01 PM AST,502
28-Apr-19 12:15:01 PM AST,508
28-Apr-19 12:30:01 PM AST,509
28-Apr-19 12:45:02 PM AST,511
28-Apr-19 1:00:01 PM AST,505
28-Apr-19 1:15:02 PM AST,498
28-Apr-19 1:30:02 PM AST,485
28-Apr-19 1:45:01 PM AST,472
28-Apr-19 2:00:02 PM AST,452
28-Apr-19 2:15:01 PM AST,442
28-Apr-19 2:30:01 PM AST,421
28-Apr-19 2:45:01 PM AST,400
28-Apr-19 3:00:01 PM AST,382
28-Apr-19 3:15:02 PM AST,354
28-Apr-19 3:30:02 PM AST,321
28-Apr-19 3:45:01 PM AST,287
28-Apr-19 4:00:02 PM AST,258
28-Apr-19 4:15:01 PM AST,230
28-Apr-19 4:30:02 PM AST,202
28-Apr-19 4:45:01 PM AST,170
28-Apr-19 5:00:01 PM AST,141
28-Apr-19 5:15:01 PM AST,108
28-Apr-19 5:30:01 PM AST,81
28-Apr-19 5:45:01 PM AST,55
28-Apr-19 6:00:01 PM AST,32
28-Apr-19 6:15:01 PM AST,10
28-Apr-19 6:30:01 PM AST,0
28-Apr-19 6:45:01 PM AST,0
28-Apr-19 7:00:02 PM AST,0
28-Apr-19 7:15:01 PM AST,0
28-Apr-19 7:30:02 PM AST,0
28-Apr-19 7:45:02 PM AST,0
28-Apr-19 8:00:01 PM AST,0
28-Apr-19 8:15:02 PM AST,0
28-Apr-19 8:30:02 PM AST,0
28-Apr-19 8:45:02 PM AST,0
28-Apr-19 9:00:02 PM AST,0
28-Apr-19 9:15:02 PM AST,0
28-Apr-19 9:30:02 PM AST,0
28-Apr-19 9:45:01 PM AST,0
28-Apr-19 10:00:01 PM AST,0
28-Apr-19 10:15:02 PM AST,0
28-Apr-19 10:30:01 PM AST,0
28-Apr-19 10:45:02 PM AST,0
28-Apr-19 11:00:01 PM AST,0
28-Apr-19 11:15:01 PM AST,0
28-Apr-19 11:30:01 PM AST,0
28-Apr-19 11:45:01 PM AST,0
29-Apr-19 12:00:01 AM AST,0
29-Apr-19 12:15:01 AM AST,0
29-Apr-19 12:30:01 AM AST,0
29-Apr-19 12:45:02 AM AST,0
29-Apr-19 1:00:01 AM AST,0
29-Apr-19 1:15:01 AM AST,0
29-Apr-19 1:30:01 AM AST,0
29-Apr-19 1:45:02 AM AST,0
29-Apr-19 2:00:02 AM AST,0
29-Apr-19 2:15:02 AM AST,0
29-Apr-19 2:30:01 AM AST,0
29-Apr-19 2:45:01 AM AST,0
29-Apr-19 3:00:01 AM AST,0
29-Apr-19 3:15:01 AM AST,0
29-Apr-19 3:30:02 AM AST,0
29-Apr-19 3:45:01 AM AST,0
29-Apr-19 4:00:01 AM AST,0
29-Apr-19 4:15:01 AM AST,0
29-Apr-19 4:30:02 AM AST,0
29-Apr-19 4:45:01 AM AST,0
29-Apr-19 5:00:01 AM AST,0
29-Apr-19 5:15:02 AM AST,0
29-Apr-19 5:30:01 AM AST,0
29-Apr-19 5:45:02 AM AST,0
29-Apr-19 6:00:01 AM AST,0
29-Apr-19 6:15:01 AM AST,5
29-Apr-19 6:30:01 AM AST,28
29-Apr-19 6:45:01 AM AST,49
29-Apr-19 7:00:01 AM AST,68
29-Apr-19 7:15:01 AM AST,90
29-Apr-19 7:30:02 AM AST,117
29-Apr-19 7:45:01 AM AST,147
29-Apr-19 8:00:01 AM AST,171
29-Apr-19 8:15:01 AM AST,197
29-Apr-19 8:30:01 AM AST,231
29-Apr-19 8:45:01 AM AST,259
29-Apr-19 9:00:01 AM AST,280
29-Apr-19 9:15:01 AM AST,309
29-Apr-19 9:30:01 AM AST,331
29-Apr-19 9:45:01 AM AST,358
29-Apr-19 10:00:01 AM AST,387
29-Apr-19 10:15:01 AM AST,406
29-Apr-19 10:30:01 AM AST,429
29-Apr-19 10:45:01 AM AST,453
29-Apr-19 11:00:02 AM AST,466
29-Apr-19 11:15:01 AM AST,478
29-Apr-19 11:30:02 AM AST,488
29-Apr-19 11:45:01 AM AST,497
29-Apr-19 12:00:01 PM AST,495
29-Apr-19 12:15:01 PM AST,502
29-Apr-19 12:30:02 PM AST,512
29-Apr-19 12:45:01 PM AST,508
29-Apr-19 1:00:01 PM AST,507
29-Apr-19 1:15:01 PM AST,501
29-Apr-19 1:30:01 PM AST,491
29-Apr-19 1:45:01 PM AST,484
29-Apr-19 2:00:01 PM AST,472
29-Apr-19 2:15:01 PM AST,461
29-Apr-19 2:30:01 PM AST,445
29-Apr-19 2:45:01 PM AST,424
29-Apr-19 3:00:01 PM AST,398
29-Apr-19 3:15:01 PM AST,370
29-Apr-19 3:30:01 PM AST,333
29-Apr-19 3:45:01 PM AST,309
29-Apr-19 4:00:02 PM AST,288
29-Apr-19 4:15:01 PM AST,257
29-Apr-19 4:30:01 PM AST,231
29-Apr-19 4:45:02 PM AST,196
29-Apr-19 5:00:01 PM AST,159
29-Apr-19 5:15:01 PM AST,125
29-Apr-19 5:30:02 PM AST,92
29-Apr-19 5:45:01 PM AST,64
29-Apr-19 6:00:01 PM AST,37
29-Apr-19 6:15:02 PM AST,19
29-Apr-19 6:30:02 PM AST,2
29-Apr-19 6:45:02 PM AST,3
29-Apr-19 7:00:01 PM AST,0
29-Apr-19 7:15:01 PM AST,0
29-Apr-19 7:30:01 PM AST,0
29-Apr-19 7:45:01 PM AST,0
29-Apr-19 8:00:01 PM AST,0
29-Apr-19 8:15:01 PM AST,0
29-Apr-19 8:30:01 PM AST,0
29-Apr-19 8:45:02 PM AST,0
29-Apr-19 9:00:02 PM AST,0
29-Apr-19 9:15:02 PM AST,0
29-Apr-19 9:30:01 PM AST,0
29-Apr-19 9:45:01 PM AST,0
29-Apr-19 10:00:01 PM AST,0
29-Apr-19 10:15:01 PM AST,0
29-Apr-19 10:30:01 PM AST,0
29-Apr-19 10:45:01 PM AST,0
29-Apr-19 11:00:01 PM AST,0
29-Apr-19 11:15:02 PM AST,0
29-Apr-19 11:30:01 PM AST,0
29-Apr-19 11:45:01 PM AST,0
30-Apr-19 12:00:02 AM AST,0
30-Apr-19 12:15:01 AM AST,0
30-Apr-19 12:30:01 AM AST,0
30-Apr-19 12:45:02 AM AST,0
30-Apr-19 1:00:01 AM AST,0
30-Apr-19 1:15:01 AM AST,0
30-Apr-19 1:30:01 AM AST,0
30-Apr-19 1:45:01 AM AST,0
30-Apr-19 2:00:01 AM AST,0
30-Apr-19 2:15:01 AM AST,0
30-Apr-19 2:30:01 AM AST,0
30-Apr-19 2:45:01 AM AST,0
30-Apr-19 3:00:02 AM AST,0
30-Apr-19 3:15:02 AM AST,0
30-Apr-19 3:30:03 AM AST,0
30-Apr-19 3:45:01 AM AST,0
30-Apr-19 4:00:01 AM AST,0
30-Apr-19 4:15:01 AM AST,0
30-Apr-19 4:30:01 AM AST,0
30-Apr-19 4:45:01 AM AST,0
30-Apr-19 5:00:01 AM AST,0
30-Apr-19 5:15:01 AM AST,0
30-Apr-19 5:30:01 AM AST,0
30-Apr-19 5:45:01 AM AST,0
30-Apr-19 6:00:02 AM AST,0
30-Apr-19 6:15:01 AM AST,10
30-Apr-19 6:30:01 AM AST,25
30-Apr-19 6:45:02 AM AST,51
30-Apr-19 7:00:01 AM AST,76
30-Apr-19 7:15:01 AM AST,107
30-Apr-19 7:30:01 AM AST,133
30-Apr-19 7:45:01 AM AST,163
30-Apr-19 8:00:01 AM AST,195
30-Apr-19 8:15:01 AM AST,228
30-Apr-19 8:30:01 AM AST,256
30-Apr-19 8:45:01 AM AST,283
30-Apr-19 9:00:01 AM AST,316
30-Apr-19 9:15:02 AM AST,347
30-Apr-19 9:30:02 AM AST,375
30-Apr-19 9:45:02 AM AST,406
30-Apr-19 10:00:02 AM AST,429
30-Apr-19 10:15:02 AM AST,454
30-Apr-19 10:30:03 AM AST,464
30-Apr-19 10:45:02 AM AST,484
30-Apr-19 11:00:01 AM AST,506
30-Apr-19 11:15:02 AM AST,515
30-Apr-19 11:30:01 AM AST,527
30-Apr-19 11:45:02 AM AST,533
30-Apr-19 12:00:02 PM AST,546
30-Apr-19 12:15:02 PM AST,541
30-Apr-19 12:30:02 PM AST,544
30-Apr-19 12:45:01 PM AST,540
30-Apr-19 1:00:01 PM AST,534
30-Apr-19 1:15:02 PM AST,528
30-Apr-19 1:30:01 PM AST,521
30-Apr-19 1:45:01 PM AST,508
30-Apr-19 2:00:01 PM AST,493
30-Apr-19 2:15:01 PM AST,472
30-Apr-19 2:30:01 PM AST,454
30-Apr-19 2:45:01 PM AST,432
30-Apr-19 3:00:01 PM AST,407
30-Apr-19 3:15:01 PM AST,382
30-Apr-19 3:30:01 PM AST,355
30-Apr-19 3:45:01 PM AST,329
30-Apr-19 4:00:01 PM AST,298
30-Apr-19 4:15:01 PM AST,269
30-Apr-19 4:30:01 PM AST,230
30-Apr-19 4:45:02 PM AST,191
30-Apr-19 5:00:02 PM AST,158
30-Apr-19 5:15:01 PM AST,121
30-Apr-19 5:30:02 PM AST,88
30-Apr-19 5:45:01 PM AST,67
30-Apr-19 6:00:01 PM AST,40
30-Apr-19 6:15:01 PM AST,21
30-Apr-19 6:30:01 PM AST,3
30-Apr-19 6:45:01 PM AST,0
30-Apr-19 7:00:01 PM AST,0
30-Apr-19 7:15:01 PM AST,0
30-Apr-19 7:30:02 PM AST,0
30-Apr-19 7:45:01 PM AST,0
30-Apr-19 8:00:01 PM AST,0
30-Apr-19 8:15:01 PM AST,0
30-Apr-19 8:30:01 PM AST,0
30-Apr-19 8:45:01 PM AST,0
30-Apr-19 9:00:01 PM AST,0
30-Apr-19 9:15:02 PM AST,0
30-Apr-19 9:30:01 PM AST,0
30-Apr-19 9:45:01 PM AST,0
30-Apr-19 10:00:01 PM AST,0
30-Apr-19 10:15:01 PM AST,0
30-Apr-19 10:30:01 PM AST,0
30-Apr-19 10:45:01 PM AST,0
30-Apr-19 11:00:01 PM AST,0
30-Apr-19 11:15:01 PM AST,0
30-Apr-19 11:30:01 PM AST,0
30-Apr-19 11:45:01 PM AST,0
01-May-19 12:00:01 AM AST,0
01-May-19 12:15:02 AM AST,0
01-May-19 12:30:01 AM AST,0
01-May-19 12:45:01 AM AST,0
01-May-19 1:00:01 AM AST,0
01-May-19 1:15:02 AM AST,0
01-May-19 1:30:01 AM AST,0
01-May-19 1:45:01 AM AST,0
01-May-19 2:00:01 AM AST,0
01-May-19 2:15:02 AM AST,0
01-May-19 2:30:01 AM AST,0
01-May-19 2:45:01 AM AST,0
01-May-19 3:00:01 AM AST,0
01-May-19 3:15:01 AM AST,0
01-May-19 3:30:01 AM AST,0
01-May-19 3:45:01 AM AST,0
01-May-19 4:00:01 AM AST,0
01-May-19 4:15:01 AM AST,0
01-May-19 4:30:01 AM AST,0
01-May-19 4:45:01 AM AST,0
01-May-19 5:00:01 AM AST,0
01-May-19 5:15:01 AM AST,0
01-May-19 5:30:02 AM AST,0
01-May-19 5:45:01 AM AST,0
01-May-19 6:00:01 AM AST,0
01-May-19 6:15:01 AM AST,9
01-May-19 6:30:01 AM AST,48
01-May-19 6:45:01 AM AST,60
01-May-19 7:00:01 AM AST,85
01-May-19 7:15:02 AM AST,127
01-May-19 7:30:01 AM AST,158
01-May-19 7:45:01 AM AST,175
01-May-19 8:00:01 AM AST,192
01-May-19 8:15:01 AM AST,213
01-May-19 8:30:01 AM AST,235
01-May-19 8:45:01 AM AST,265
01-May-19 9:00:01 AM AST,297
01-May-19 9:15:01 AM AST,327
01-May-19 9:30:01 AM AST,353
01-May-19 9:45:01 AM AST,381
01-May-19 10:00:01 AM AST,406
01-May-19 10:15:01 AM AST,423
01-May-19 10:30:02 AM AST,435
01-May-19 10:45:01 AM AST,461
01-May-19 11:00:02 AM AST,473
01-May-19 11:15:01 AM AST,488
01-May-19 11:30:01 AM AST,504
01-May-19 11:45:01 AM AST,510
01-May-19 12:00:02 PM AST,521
01-May-19 12:15:01 PM AST,522
01-May-19 12:30:01 PM AST,519
01-May-19 12:45:01 PM AST,520
01-May-19 1:00:01 PM AST,517
01-May-19 1:15:01 PM AST,510
01-May-19 1:30:01 PM AST,503
01-May-19 1:45:02 PM AST,499
01-May-19 2:00:01 PM AST,485
01-May-19 2:15:02 PM AST,465
01-May-19 2:30:01 PM AST,446
01-May-19 2:45:01 PM AST,429
01-May-19 3:00:01 PM AST,411
01-May-19 3:15:02 PM AST,390
01-May-19 3:30:01 PM AST,362
01-May-19 3:45:02 PM AST,329
01-May-19 4:00:02 PM AST,299
01-May-19 4:15:01 PM AST,263
01-May-19 4:30:01 PM AST,232
01-May-19 4:45:02 PM AST,197
01-May-19 5:00:01 PM AST,160
01-May-19 5:15:01 PM AST,127
01-May-19 5:30:01 PM AST,106
01-May-19 5:45:01 PM AST,75
01-May-19 6:00:01 PM AST,44
01-May-19 6:15:02 PM AST,18
01-May-19 6:30:02 PM AST,0
01-May-19 6:45:01 PM AST,0
01-May-19 7:00:01 PM AST,0
01-May-19 7:15:01 PM AST,0
01-May-19 7:30:01 PM AST,0
01-May-19 7:45:02 PM AST,0
01-May-19 8:00:02 PM AST,0
01-May-19 8:15:01 PM AST,0
01-May-19 8:30:01 PM AST,0
01-May-19 8:45:02 PM AST,0
01-May-19 9:00:01 PM AST,0
01-May-19 9:15:01 PM AST,0
01-May-19 9:30:01 PM AST,0
01-May-19 9:45:01 PM AST,0
01-May-19 10:00:02 PM AST,0
01-May-19 10:15:02 PM AST,0
01-May-19 10:30:01 PM AST,0
01-May-19 10:45:01 PM AST,0
01-May-19 11:00:01 PM AST,0
01-May-19 11:15:01 PM AST,0
01-May-19 11:30:02 PM AST,0
01-May-19 11:45:01 PM AST,0
02-May-19 12:00:01 AM AST,0
02-May-19 12:15:02 AM AST,0
02-May-19 12:30:02 AM AST,0
02-May-19 12:45:02 AM AST,0
02-May-19 1:00:01 AM AST,0
02-May-19 1:15:01 AM AST,0
02-May-19 1:30:01 AM AST,0
02-May-19 1:45:01 AM AST,0
02-May-19 2:00:01 AM AST,0
02-May-19 2:15:02 AM AST,0
02-May-19 2:30:02 AM AST,0
02-May-19 2:45:01 AM AST,0
02-May-19 3:00:02 AM AST,0
02-May-19 3:15:01 AM AST,0
02-May-19 3:30:01 AM AST,0
02-May-19 3:45:01 AM AST,0
02-May-19 4:00:01 AM AST,0
02-May-19 4:15:01 AM AST,0
02-May-19 4:30:01 AM AST,0
02-May-19 4:45:01 AM AST,0
02-May-19 5:00:02 AM AST,0
02-May-19 5:15:01 AM AST,0
02-May-19 5:30:01 AM AST,0
02-May-19 5:45:01 AM AST,0
02-May-19 6:00:01 AM AST,0
02-May-19 6:15:02 AM AST,10
02-May-19 6:30:01 AM AST,30
02-May-19 6:45:01 AM AST,53
02-May-19 7:00:01 AM AST,79
02-May-19 7:15:01 AM AST,99
02-May-19 7:30:01 AM AST,129
02-May-19 7:45:01 AM AST,147
02-May-19 8:00:01 AM AST,186
02-May-19 8:15:02 AM AST,217
02-May-19 8:30:03 AM AST,249
02-May-19 8:45:02 AM AST,280
02-May-19 9:00:01 AM AST,309
02-May-19 9:15:02 AM AST,344
02-May-19 9:30:01 AM AST,373
02-May-19 9:45:01 AM AST,337
02-May-19 10:00:02 AM AST,388
02-May-19 10:15:01 AM AST,475
02-May-19 10:30:01 AM AST,485
02-May-19 10:45:01 AM AST,393
02-May-19 11:00:01 AM AST,365
02-May-19 11:15:01 AM AST,554
02-May-19 11:30:02 AM AST,453
02-May-19 11:45:02 AM AST,497
02-May-19 12:00:02 PM AST,532
02-May-19 12:15:01 PM AST,529
02-May-19 12:30:01 PM AST,536
02-May-19 12:45:01 PM AST,532
02-May-19 1:00:01 PM AST,529
02-May-19 1:15:01 PM AST,517
02-May-19 1:30:01 PM AST,511
02-May-19 1:45:02 PM AST,500
02-May-19 2:00:01 PM AST,489
02-May-19 2:15:01 PM AST,477
02-May-19 2:30:01 PM AST,457
02-May-19 2:45:01 PM AST,475
02-May-19 3:00:02 PM AST,407
02-May-19 3:15:01 PM AST,449
02-May-19 3:30:01 PM AST,318
02-May-19 3:45:01 PM AST,235
02-May-19 4:00:01 PM AST,225
02-May-19 4:15:01 PM AST,168
02-May-19 4:30:01 PM AST,144
02-May-19 4:45:01 PM AST,134
02-May-19 5:00:02 PM AST,145
02-May-19 5:15:01 PM AST,168
02-May-19 5:30:01 PM AST,133
02-May-19 5:45:01 PM AST,81
02-May-19 6:00:01 PM AST,51
02-May-19 6:15:02 PM AST,21
02-May-19 6:30:01 PM AST,0
02-May-19 6:45:02 PM AST,0
02-May-19 7:00:01 PM AST,0
02-May-19 7:15:01 PM AST,0
02-May-19 7:30:01 PM AST,0
02-May-19 7:45:01 PM AST,0
02-May-19 8:00:01 PM AST,0
02-May-19 8:15:01 PM AST,0
02-May-19 8:30:02 PM AST,0
02-May-19 8:45:01 PM AST,0
02-May-19 9:00:01 PM AST,0
02-May-19 9:15:01 PM AST,0
02-May-19 9:30:01 PM AST,0
02-May-19 9:45:02 PM AST,0
02-May-19 10:00:01 PM AST,0
02-May-19 10:15:01 PM AST,0
02-May-19 10:30:01 PM AST,0
02-May-19 10:45:01 PM AST,0
02-May-19 11:00:01 PM AST,0
02-May-19 11:15:02 PM AST,0
02-May-19 11:30:01 PM AST,0
02-May-19 11:45:01 PM AST,0
03-May-19 12:00:02 AM AST,0
03-May-19 12:15:02 AM AST,0
03-May-19 12:30:01 AM AST,0
03-May-19 12:45:01 AM AST,0
03-May-19 1:00:02 AM AST,0
03-May-19 1:15:02 AM AST,0
03-May-19 1:30:01 AM AST,0
03-May-19 1:45:01 AM AST,0
03-May-19 2:00:01 AM AST,0
03-May-19 2:15:01 AM AST,0
03-May-19 2:30:01 AM AST,0
03-May-19 2:45:01 AM AST,0
03-May-19 3:00:01 AM AST,0
03-May-19 3:15:02 AM AST,0
03-May-19 3:30:01 AM AST,0
03-May-19 3:45:01 AM AST,0
03-May-19 4:00:01 AM AST,0
03-May-19 4:15:01 AM AST,0
03-May-19 4:30:01 AM AST,0
03-May-19 4:45:01 AM AST,0
03-May-19 5:00:01 AM AST,0
03-May-19 5:15:01 AM AST,0
03-May-19 5:30:01 AM AST,0
03-May-19 5:45:01 AM AST,0
03-May-19 6:00:01 AM AST,0
03-May-19 6:15:02 AM AST,3
03-May-19 6:30:01 AM AST,21
03-May-19 6:45:01 AM AST,59
03-May-19 7:00:01 AM AST,81
03-May-19 7:15:01 AM AST,80
03-May-19 7:30:02 AM AST,108
03-May-19 7:45:02 AM AST,91
03-May-19 8:00:02 AM AST,243
03-May-19 8:15:01 AM AST,273
03-May-19 8:30:01 AM AST,306
03-May-19 8:45:01 AM AST,328
03-May-19 9:00:01 AM AST,357
03-May-19 9:15:02 AM AST,387
03-May-19 9:30:02 AM AST,390
03-May-19 9:45:01 AM AST,457
03-May-19 10:00:02 AM AST,355
03-May-19 10:15:02 AM AST,435
03-May-19 10:30:01 AM AST,510
03-May-19 10:45:01 AM AST,538
03-May-19 11:00:01 AM AST,560
03-May-19 11:15:02 AM AST,567
03-May-19 11:30:01 AM AST,569
03-May-19 11:45:01 AM AST,573
03-May-19 12:00:01 PM AST,578
03-May-19 12:15:01 PM AST,442
03-May-19 12:30:01 PM AST,573
03-May-19 12:45:01 PM AST,574
03-May-19 1:00:01 PM AST,568
03-May-19 1:15:02 PM AST,565
03-May-19 1:30:01 PM AST,550
03-May-19 1:45:02 PM AST,542
03-May-19 2:00:01 PM AST,531
03-May-19 2:15:01 PM AST,518
03-May-19 2:30:01 PM AST,500
03-May-19 2:45:01 PM AST,476
03-May-19 3:00:01 PM AST,455
03-May-19 3:15:02 PM AST,419
03-May-19 3:30:01 PM AST,409
03-May-19 3:45:01 PM AST,254
03-May-19 4:00:01 PM AST,351
03-May-19 4:15:02 PM AST,154
03-May-19 4:30:02 PM AST,292
03-May-19 4:45:01 PM AST,235
03-May-19 5:00:02 PM AST,89
03-May-19 5:15:01 PM AST,141
03-May-19 5:30:01 PM AST,102
03-May-19 5:45:01 PM AST,97
03-May-19 6:00:02 PM AST,55
03-May-19 6:15:01 PM AST,22
03-May-19 6:30:01 PM AST,5
03-May-19 6:45:01 PM AST,1
03-May-19 7:00:01 PM AST,0
03-May-19 7:15:01 PM AST,0
03-May-19 7:30:01 PM AST,0
03-May-19 7:45:02 PM AST,0
03-May-19 8:00:01 PM AST,0
03-May-19 8:15:01 PM AST,0
03-May-19 8:30:01 PM AST,0
03-May-19 8:45:01 PM AST,0
03-May-19 9:00:01 PM AST,0
03-May-19 9:15:01 PM AST,0
03-May-19 9:30:01 PM AST,0
03-May-19 9:45:01 PM AST,0
03-May-19 10:00:01 PM AST,0
03-May-19 10:15:01 PM AST,0
03-May-19 10:30:01 PM AST,0
03-May-19 10:45:02 PM AST,0
03-May-19 11:00:01 PM AST,0
03-May-19 11:15:01 PM AST,0
03-May-19 11:30:03 PM AST,0
03-May-19 11:45:02 PM AST,0
04-May-19 12:00:01 AM AST,0
04-May-19 12:15:02 AM AST,0
04-May-19 12:30:01 AM AST,0
04-May-19 12:45:01 AM AST,0
04-May-19 1:00:01 AM AST,0
04-May-19 1:15:01 AM AST,0
04-May-19 1:30:02 AM AST,0
04-May-19 1:45:01 AM AST,0
04-May-19 2:00:01 AM AST,0
04-May-19 2:15:01 AM AST,0
04-May-19 2:30:01 AM AST,0
04-May-19 2:45:01 AM AST,0
04-May-19 3:00:01 AM AST,0
04-May-19 3:15:01 AM AST,0
04-May-19 3:30:01 AM AST,0
04-May-19 3:45:01 AM AST,0
04-May-19 4:00:01 AM AST,0
04-May-19 4:15:01 AM AST,0
04-May-19 4:30:01 AM AST,0
04-May-19 4:45:01 AM AST,0
04-May-19 5:00:01 AM AST,0
04-May-19 5:15:01 AM AST,0
04-May-19 5:30:01 AM AST,0
04-May-19 5:45:03 AM AST,0
04-May-19 6:00:02 AM AST,0
04-May-19 6:15:02 AM AST,12
04-May-19 6:30:02 AM AST,27
04-May-19 6:45:01 AM AST,55
04-May-19 7:00:01 AM AST,84
04-May-19 7:15:02 AM AST,118
04-May-19 7:30:01 AM AST,151
04-May-19 7:45:02 AM AST,180
04-May-19 8:00:01 AM AST,221
04-May-19 8:15:02 AM AST,250
04-May-19 8:30:01 AM AST,285
04-May-19 8:45:02 AM AST,309
04-May-19 9:00:01 AM AST,350
04-May-19 9:15:01 AM AST,380
04-May-19 9:30:02 AM AST,414
04-May-19 9:45:02 AM AST,452
04-May-19 10:00:01 AM AST,489
04-May-19 10:15:01 AM AST,506
04-May-19 10:30:01 AM AST,534
04-May-19 10:45:02 AM AST,546
04-May-19 11:00:01 AM AST,556
04-May-19 11:15:02 AM AST,576
04-May-19 11:30:01 AM AST,583
04-May-19 11:45:01 AM AST,587
04-May-19 12:00:01 PM AST,596
04-May-19 12:15:01 PM AST,596
04-May-19 12:30:01 PM AST,594
04-May-19 12:45:01 PM AST,589
04-May-19 1:00:01 PM AST,580
04-May-19 1:15:02 PM AST,571
04-May-19 1:30:01 PM AST,561
04-May-19 1:45:01 PM AST,552
04-May-19 2:00:01 PM AST,535
04-May-19 2:15:01 PM AST,517
04-May-19 2:30:01 PM AST,494
04-May-19 2:45:02 PM AST,472
04-May-19 3:00:01 PM AST,444
04-May-19 3:15:01 PM AST,420
04-May-19 3:30:01 PM AST,387
04-May-19 3:45:02 PM AST,361
04-May-19 4:00:01 PM AST,326
04-May-19 4:15:01 PM AST,283
04-May-19 4:30:01 PM AST,247
04-May-19 4:45:01 PM AST,207
04-May-19 5:00:01 PM AST,167
04-May-19 5:15:01 PM AST,127
04-May-19 5:30:01 PM AST,92
04-May-19 5:45:01 PM AST,68
04-May-19 6:00:01 PM AST,47
04-May-19 6:15:02 PM AST,21
04-May-19 6:30:01 PM AST,2
04-May-19 6:45:01 PM AST,1
04-May-19 7:00:01 PM AST,0
04-May-19 7:15:01 PM AST,0
04-May-19 7:30:02 PM AST,0
04-May-19 7:45:02 PM AST,0
04-May-19 8:00:01 PM AST,0
04-May-19 8:15:02 PM AST,0
04-May-19 8:30:01 PM AST,0
04-May-19 8:45:01 PM AST,0
04-May-19 9:00:01 PM AST,0
04-May-19 9:15:01 PM AST,0
04-May-19 9:30:01 PM AST,0
04-May-19 9:45:01 PM AST,0
04-May-19 10:00:01 PM AST,0
04-May-19 10:15:01 PM AST,0
04-May-19 10:30:01 PM AST,0
04-May-19 10:45:01 PM AST,0
04-May-19 11:00:01 PM AST,0
04-May-19 11:15:01 PM AST,0
04-May-19 11:30:01 PM AST,0
04-May-19 11:45:01 PM AST,0
05-May-19 12:00:01 AM AST,0
05-May-19 12:15:01 AM AST,0
05-May-19 12:30:01 AM AST,0
05-May-19 12:45:02 AM AST,0
05-May-19 1:00:02 AM AST,0
05-May-19 1:15:01 AM AST,0
05-May-19 1:30:02 AM AST,0
05-May-19 1:45:01 AM AST,0
05-May-19 2:00:01 AM AST,0
05-May-19 2:15:01 AM AST,0
05-May-19 2:30:01 AM AST,0
05-May-19 2:45:01 AM AST,0
05-May-19 3:00:01 AM AST,0
05-May-19 3:15:01 AM AST,0
05-May-19 3:30:01 AM AST,0
05-May-19 3:45:01 AM AST,0
05-May-19 4:00:02 AM AST,0
05-May-19 4:15:01 AM AST,0
05-May-19 4:30:01 AM AST,0
05-May-19 4:45:02 AM AST,0
05-May-19 5:00:01 AM AST,0
05-May-19 5:15:01 AM AST,0
05-May-19 5:30:01 AM AST,0
05-May-19 5:45:01 AM AST,0
05-May-19 6:00:01 AM AST,0
05-May-19 6:15:02 AM AST,10
05-May-19 6:30:01 AM AST,30
05-May-19 6:45:01 AM AST,56
05-May-19 7:00:01 AM AST,84
05-May-19 7:15:02 AM AST,111
05-May-19 7:30:02 AM AST,139
05-May-19 7:45:02 AM AST,163
05-May-19 8:00:01 AM AST,193
05-May-19 8:15:01 AM AST,211
05-May-19 8:30:01 AM AST,243
05-May-19 8:45:01 AM AST,288
05-May-19 9:00:01 AM AST,306
05-May-19 9:15:01 AM AST,334
05-May-19 9:30:01 AM AST,367
05-May-19 9:45:01 AM AST,395
05-May-19 10:00:01 AM AST,419
05-May-19 10:15:01 AM AST,443
05-May-19 10:30:02 AM AST,454
05-May-19 10:45:01 AM AST,483
05-May-19 11:00:02 AM AST,494
05-May-19 11:15:01 AM AST,513
05-May-19 11:30:01 AM AST,525
05-May-19 11:45:01 AM AST,536
05-May-19 12:00:01 PM AST,549
05-May-19 12:15:01 PM AST,552
05-May-19 12:30:01 PM AST,559
05-May-19 12:45:02 PM AST,553
05-May-19 1:00:01 PM AST,551
05-May-19 1:15:01 PM AST,540
05-May-19 1:30:02 PM AST,533
05-May-19 1:45:02 PM AST,516
05-May-19 2:00:01 PM AST,503
05-May-19 2:15:01 PM AST,477
05-May-19 2:30:01 PM AST,454
05-May-19 2:45:01 PM AST,441
05-May-19 3:00:01 PM AST,417
05-May-19 3:15:02 PM AST,396
05-May-19 3:30:02 PM AST,364
05-May-19 3:45:01 PM AST,322
05-May-19 4:00:02 PM AST,285
05-May-19 4:15:01 PM AST,239
05-May-19 4:30:01 PM AST,205
05-May-19 4:45:01 PM AST,174
05-May-19 5:00:01 PM AST,153
05-May-19 5:15:01 PM AST,119
05-May-19 5:30:02 PM AST,99
05-May-19 5:45:03 PM AST,64
05-May-19 6:00:01 PM AST,40
05-May-19 6:15:01 PM AST,16
05-May-19 6:30:01 PM AST,0
05-May-19 6:45:01 PM AST,1
05-May-19 7:00:01 PM AST,0
05-May-19 7:15:02 PM AST,0
05-May-19 7:30:01 PM AST,0
05-May-19 7:45:01 PM AST,0
05-May-19 8:00:01 PM AST,0
05-May-19 8:15:01 PM AST,0
05-May-19 8:30:01 PM AST,0
05-May-19 8:45:02 PM AST,0
05-May-19 9:00:01 PM AST,0
05-May-19 9:15:01 PM AST,0
05-May-19 9:30:02 PM AST,0
05-May-19 9:45:02 PM AST,0
05-May-19 10:00:01 PM AST,0
05-May-19 10:15:02 PM AST,0
05-May-19 10:30:01 PM AST,0
05-May-19 10:45:01 PM AST,0
05-May-19 11:00:02 PM AST,0
05-May-19 11:15:02 PM AST,0
05-May-19 11:30:01 PM AST,0
05-May-19 11:45:02 PM AST,0
06-May-19 12:00:01 AM AST,0
06-May-19 12:15:01 AM AST,0
06-May-19 12:30:01 AM AST,0
06-May-19 12:45:02 AM AST,0
06-May-19 1:00:01 AM AST,0
06-May-19 1:15:01 AM AST,0
06-May-19 1:30:01 AM AST,0
06-May-19 1:45:01 AM AST,0
06-May-19 2:00:01 AM AST,0
06-May-19 2:15:01 AM AST,0
06-May-19 2:30:01 AM AST,0
06-May-19 2:45:01 AM AST,0
06-May-19 3:00:02 AM AST,0
06-May-19 3:15:01 AM AST,0
06-May-19 3:30:01 AM AST,0
06-May-19 3:45:01 AM AST,0
06-May-19 4:00:01 AM AST,0
06-May-19 4:15:01 AM AST,0
06-May-19 4:30:01 AM AST,0
06-May-19 4:45:02 AM AST,0
06-May-19 5:00:02 AM AST,0
06-May-19 5:15:01 AM AST,0
06-May-19 5:30:02 AM AST,0
06-May-19 5:45:01 AM AST,0
06-May-19 6:00:02 AM AST,0
06-May-19 6:15:01 AM AST,14
06-May-19 6:30:01 AM AST,35
06-May-19 6:45:02 AM AST,63
06-May-19 7:00:01 AM AST,83
06-May-19 7:15:01 AM AST,112
06-May-19 7:30:02 AM AST,134
06-May-19 7:45:02 AM AST,165
06-May-19 8:00:01 AM AST,202
06-May-19 8:15:02 AM AST,239
06-May-19 8:30:01 AM AST,268
06-May-19 8:45:02 AM AST,304
06-May-19 9:00:01 AM AST,337
06-May-19 9:15:01 AM AST,365
06-May-19 9:30:01 AM AST,390
06-May-19 9:45:02 AM AST,415
06-May-19 10:00:01 AM AST,447
06-May-19 10:15:01 AM AST,471
06-May-19 10:30:01 AM AST,494
06-May-19 10:45:02 AM AST,517
06-May-19 11:00:01 AM AST,525
06-May-19 11:15:01 AM AST,546
06-May-19 11:30:01 AM AST,552
06-May-19 11:45:02 AM AST,564
06-May-19 12:00:01 PM AST,560
06-May-19 12:15:01 PM AST,564
06-May-19 12:30:01 PM AST,564
06-May-19 12:45:01 PM AST,566
06-May-19 1:00:01 PM AST,560
06-May-19 1:15:01 PM AST,551
06-May-19 1:30:01 PM AST,545
06-May-19 1:45:02 PM AST,520
06-May-19 2:00:02 PM AST,514
06-May-19 2:15:02 PM AST,491
06-May-19 2:30:01 PM AST,479
06-May-19 2:45:02 PM AST,456
06-May-19 3:00:01 PM AST,434
06-May-19 3:15:01 PM AST,400
06-May-19 3:30:01 PM AST,365
06-May-19 3:45:03 PM AST,332
06-May-19 4:00:01 PM AST,300
06-May-19 4:15:01 PM AST,262
06-May-19 4:30:01 PM AST,234
06-May-19 4:45:01 PM AST,197
06-May-19 5:00:01 PM AST,171
06-May-19 5:15:01 PM AST,132
06-May-19 5:30:01 PM AST,100
06-May-19 5:45:01 PM AST,71
06-May-19 6:00:01 PM AST,44
06-May-19 6:15:01 PM AST,19
06-May-19 6:30:01 PM AST,2
06-May-19 6:45:02 PM AST,2
06-May-19 7:00:01 PM AST,0
06-May-19 7:15:01 PM AST,0
06-May-19 7:30:02 PM AST,0
06-May-19 7:45:01 PM AST,0
06-May-19 8:00:02 PM AST,0
06-May-19 8:15:01 PM AST,0
06-May-19 8:30:02 PM AST,0
06-May-19 8:45:01 PM AST,0
06-May-19 9:00:01 PM AST,0
06-May-19 9:15:02 PM AST,0
06-May-19 9:30:02 PM AST,0
06-May-19 9:45:01 PM AST,0
06-May-19 10:00:01 PM AST,0
06-May-19 10:15:01 PM AST,0
06-May-19 10:30:01 PM AST,0
06-May-19 10:45:01 PM AST,0
06-May-19 11:00:02 PM AST,0
06-May-19 11:15:02 PM AST,0
06-May-19 11:30:01 PM AST,0
06-May-19 11:45:01 PM AST,0
07-May-19 12:00:01 AM AST,0
07-May-19 12:15:01 AM AST,0
07-May-19 12:30:01 AM AST,0
07-May-19 12:45:01 AM AST,0
07-May-19 1:00:01 AM AST,0
07-May-19 1:15:02 AM AST,0
07-May-19 1:30:01 AM AST,0
07-May-19 1:45:02 AM AST,0
07-May-19 2:00:02 AM AST,0
07-May-19 2:15:01 AM AST,0
07-May-19 2:30:01 AM AST,0
07-May-19 2:45:02 AM AST,0
07-May-19 3:00:01 AM AST,0
07-May-19 3:15:02 AM AST,0
07-May-19 3:30:01 AM AST,0
07-May-19 3:45:01 AM AST,0
07-May-19 4:00:02 AM AST,0
07-May-19 4:15:01 AM AST,0
07-May-19 4:30:01 AM AST,0
07-May-19 4:45:01 AM AST,0
07-May-19 5:00:01 AM AST,0
07-May-19 5:15:02 AM AST,0
07-May-19 5:30:02 AM AST,0
07-May-19 5:45:02 AM AST,0
07-May-19 6:00:01 AM AST,0
07-May-19 6:15:01 AM AST,13
07-May-19 6:30:01 AM AST,32
07-May-19 6:45:02 AM AST,58
07-May-19 7:00:01 AM AST,78
07-May-19 7:15:01 AM AST,106
07-May-19 7:30:02 AM AST,131
07-May-19 7:45:02 AM AST,163
07-May-19 8:00:01 AM AST,192
07-May-19 8:15:01 AM AST,221
07-May-19 8:30:01 AM AST,253
07-May-19 8:45:02 AM AST,275
07-May-19 9:00:01 AM AST,306
07-May-19 9:15:01 AM AST,331
07-May-19 9:30:01 AM AST,355
07-May-19 9:45:01 AM AST,390
07-May-19 10:00:01 AM AST,420
07-May-19 10:15:02 AM AST,445
07-May-19 10:30:01 AM AST,468
07-May-19 10:45:02 AM AST,488
07-May-19 11:00:01 AM AST,504
07-May-19 11:15:01 AM AST,519
07-May-19 11:30:01 AM AST,534
07-May-19 11:45:01 AM AST,537
07-May-19 12:00:02 PM AST,539
07-May-19 12:15:02 PM AST,557
07-May-19 12:30:03 PM AST,561
07-May-19 12:45:02 PM AST,560
07-May-19 1:00:02 PM AST,553
07-May-19 1:15:02 PM AST,546
07-May-19 1:30:02 PM AST,535
07-May-19 1:45:02 PM AST,524
07-May-19 2:00:02 PM AST,513
07-May-19 2:15:01 PM AST,503
07-May-19 2:30:02 PM AST,476
07-May-19 2:45:02 PM AST,416
07-May-19 3:00:02 PM AST,437
07-May-19 3:15:02 PM AST,391
07-May-19 3:30:02 PM AST,359
07-May-19 3:45:01 PM AST,348
07-May-19 4:00:02 PM AST,315
07-May-19 4:15:01 PM AST,287
07-May-19 4:30:01 PM AST,272
07-May-19 4:45:01 PM AST,240
07-May-19 5:00:01 PM AST,183
07-May-19 5:15:01 PM AST,138
07-May-19 5:30:01 PM AST,102
07-May-19 5:45:01 PM AST,70
07-May-19 6:00:01 PM AST,42
07-May-19 6:15:01 PM AST,20
07-May-19 6:30:02 PM AST,6
07-May-19 6:45:03 PM AST,0
07-May-19 7:00:02 PM AST,0
07-May-19 7:15:01 PM AST,0
07-May-19 7:30:02 PM AST,0
07-May-19 7:45:01 PM AST,0
07-May-19 8:00:01 PM AST,0
07-May-19 8:15:02 PM AST,0
07-May-19 8:30:01 PM AST,0
07-May-19 8:45:01 PM AST,0
07-May-19 9:00:01 PM AST,0
07-May-19 9:15:01 PM AST,0
07-May-19 9:30:02 PM AST,0
07-May-19 9:45:02 PM AST,0
07-May-19 10:00:01 PM AST,0
07-May-19 10:15:01 PM AST,0
07-May-19 10:30:01 PM AST,0
07-May-19 10:45:02 PM AST,0
07-May-19 11:00:01 PM AST,0
07-May-19 11:15:01 PM AST,0
07-May-19 11:30:01 PM AST,0
07-May-19 11:45:02 PM AST,0
08-May-19 12:00:01 AM AST,0
08-May-19 12:15:02 AM AST,0
08-May-19 12:30:01 AM AST,0
08-May-19 12:45:01 AM AST,0
08-May-19 1:00:01 AM AST,0
08-May-19 1:15:01 AM AST,0
08-May-19 1:30:02 AM AST,0
08-May-19 1:45:01 AM AST,0
08-May-19 2:00:01 AM AST,0
08-May-19 2:15:01 AM AST,0
08-May-19 2:30:01 AM AST,0
08-May-19 2:45:01 AM AST,0
08-May-19 3:00:01 AM AST,0
08-May-19 3:15:01 AM AST,0
08-May-19 3:30:01 AM AST,0
08-May-19 3:45:01 AM AST,0
08-May-19 4:00:01 AM AST,0
08-May-19 4:15:01 AM AST,0
08-May-19 4:30:01 AM AST,0
08-May-19 4:45:01 AM AST,0
08-May-19 5:00:01 AM AST,0
08-May-19 5:15:01 AM AST,0
08-May-19 5:30:01 AM AST,0
08-May-19 5:45:01 AM AST,0
08-May-19 6:00:01 AM AST,1
08-May-19 6:15:01 AM AST,9
08-May-19 6:30:02 AM AST,30
08-May-19 6:45:01 AM AST,56
08-May-19 7:00:02 AM AST,84
08-May-19 7:15:01 AM AST,112
08-May-19 7:30:01 AM AST,139
08-May-19 7:45:01 AM AST,167
08-May-19 8:00:01 AM AST,213
08-May-19 8:15:01 AM AST,184
08-May-19 8:30:01 AM AST,227
08-May-19 8:45:02 AM AST,264
08-May-19 9:00:01 AM AST,278
08-May-19 9:15:01 AM AST,339
08-May-19 9:30:01 AM AST,363
08-May-19 9:45:01 AM AST,400
08-May-19 10:00:01 AM AST,425
08-May-19 10:15:01 AM AST,456
08-May-19 10:30:02 AM AST,472
08-May-19 10:45:02 AM AST,492
08-May-19 11:00:01 AM AST,508
08-May-19 11:15:01 AM AST,522
08-May-19 11:30:01 AM AST,533
08-May-19 11:45:01 AM AST,544
08-May-19 12:00:01 PM AST,554
08-May-19 12:15:01 PM AST,553
08-May-19 12:30:01 PM AST,557
08-May-19 12:45:01 PM AST,562
08-May-19 1:00:01 PM AST,557
08-May-19 1:15:01 PM AST,555
08-May-19 1:30:01 PM AST,536
08-May-19 1:45:02 PM AST,530
08-May-19 2:00:01 PM AST,515
08-May-19 2:15:01 PM AST,495
08-May-19 2:30:02 PM AST,474
08-May-19 2:45:01 PM AST,452
08-May-19 3:00:02 PM AST,427
08-May-19 3:15:01 PM AST,397
08-May-19 3:30:02 PM AST,380
08-May-19 3:45:01 PM AST,350
08-May-19 4:00:01 PM AST,313
08-May-19 4:15:01 PM AST,276
08-May-19 4:30:01 PM AST,236
08-May-19 4:45:02 PM AST,200
08-May-19 5:00:01 PM AST,160
08-May-19 5:15:02 PM AST,126
08-May-19 5:30:02 PM AST,101
08-May-19 5:45:02 PM AST,71
08-May-19 6:00:01 PM AST,51
08-May-19 6:15:01 PM AST,23
08-May-19 6:30:01 PM AST,5
08-May-19 6:45:01 PM AST,0
08-May-19 7:00:02 PM AST,0
08-May-19 7:15:01 PM AST,0
08-May-19 7:30:01 PM AST,0
08-May-19 7:45:01 PM AST,0
08-May-19 8:00:01 PM AST,0
08-May-19 8:15:02 PM AST,0
08-May-19 8:30:02 PM AST,0
08-May-19 8:45:02 PM AST,0
08-May-19 9:00:01 PM AST,0
08-May-19 9:15:01 PM AST,0
08-May-19 9:30:01 PM AST,0
08-May-19 9:45:01 PM AST,0
08-May-19 10:00:01 PM AST,0
08-May-19 10:15:01 PM AST,0
08-May-19 10:30:01 PM AST,0
08-May-19 10:45:01 PM AST,0
08-May-19 11:00:02 PM AST,0
08-May-19 11:15:01 PM AST,0
08-May-19 11:30:01 PM AST,0
08-May-19 11:45:01 PM AST,0
09-May-19 12:00:02 AM AST,0
09-May-19 12:15:01 AM AST,0
09-May-19 12:30:01 AM AST,0
09-May-19 12:45:01 AM AST,0
09-May-19 1:00:02 AM AST,0
09-May-19 1:15:01 AM AST,0
09-May-19 1:30:01 AM AST,0
09-May-19 1:45:01 AM AST,0
09-May-19 2:00:01 AM AST,0
09-May-19 2:15:01 AM AST,0
09-May-19 2:30:02 AM AST,0
09-May-19 2:45:02 AM AST,0
09-May-19 3:00:01 AM AST,0
09-May-19 3:15:02 AM AST,0
09-May-19 3:30:01 AM AST,0
09-May-19 3:45:01 AM AST,0
09-May-19 4:00:02 AM AST,0
09-May-19 4:15:02 AM AST,0
09-May-19 4:30:02 AM AST,0
09-May-19 4:45:01 AM AST,0
09-May-19 5:00:02 AM AST,0
09-May-19 5:15:01 AM AST,0
09-May-19 5:30:01 AM AST,0
09-May-19 5:45:01 AM AST,0
09-May-19 6:00:01 AM AST,0
09-May-19 6:15:01 AM AST,14
09-May-19 6:30:01 AM AST,42
09-May-19 6:45:01 AM AST,66
09-May-19 7:00:01 AM AST,93
09-May-19 7:15:02 AM AST,124
09-May-19 7:30:02 AM AST,152
09-May-19 7:45:01 AM AST,179
09-May-19 8:00:02 AM AST,199
09-May-19 8:15:01 AM AST,235
09-May-19 8:30:01 AM AST,268
09-May-19 8:45:01 AM AST,304
09-May-19 9:00:01 AM AST,338
09-May-19 9:15:01 AM AST,368
09-May-19 9:30:02 AM AST,396
09-May-19 9:45:01 AM AST,424
09-May-19 10:00:01 AM AST,442
09-May-19 10:15:01 AM AST,463
09-May-19 10:30:03 AM AST,487
09-May-19 10:45:02 AM AST,508
09-May-19 11:00:01 AM AST,526
09-May-19 11:15:02 AM AST,539
09-May-19 11:30:01 AM AST,553
09-May-19 11:45:01 AM AST,562
09-May-19 12:00:01 PM AST,569
09-May-19 12:15:01 PM AST,573
09-May-19 12:30:01 PM AST,582
09-May-19 12:45:01 PM AST,584
09-May-19 1:00:01 PM AST,570
09-May-19 1:15:01 PM AST,567
09-May-19 1:30:02 PM AST,556
09-May-19 1:45:01 PM AST,543
09-May-19 2:00:02 PM AST,525
09-May-19 2:15:01 PM AST,506
09-May-19 2:30:02 PM AST,488
09-May-19 2:45:01 PM AST,475
09-May-19 3:00:01 PM AST,211
09-May-19 3:15:01 PM AST,140
09-May-19 3:30:01 PM AST,64
09-May-19 3:45:01 PM AST,158
09-May-19 4:00:01 PM AST,259
09-May-19 4:15:01 PM AST,322
09-May-19 4:30:01 PM AST,252
09-May-19 4:45:01 PM AST,189
09-May-19 5:00:01 PM AST,157
09-May-19 5:15:01 PM AST,130
09-May-19 5:30:02 PM AST,100
09-May-19 5:45:01 PM AST,69
09-May-19 6:00:01 PM AST,43
09-May-19 6:15:01 PM AST,18
09-May-19 6:30:01 PM AST,0
09-May-19 6:45:01 PM AST,1
09-May-19 7:00:01 PM AST,0
09-May-19 7:15:01 PM AST,0
09-May-19 7:30:02 PM AST,0
09-May-19 7:45:01 PM AST,0
09-May-19 8:00:01 PM AST,0
09-May-19 8:15:01 PM AST,0
09-May-19 8:30:01 PM AST,0
09-May-19 8:45:01 PM AST,0
09-May-19 9:00:01 PM AST,0
09-May-19 9:15:01 PM AST,0
09-May-19 9:30:01 PM AST,0
09-May-19 9:45:01 PM AST,0
09-May-19 10:00:02 PM AST,0
09-May-19 10:15:01 PM AST,0
09-May-19 10:30:02 PM AST,0
09-May-19 10:45:01 PM AST,0
09-May-19 11:00:02 PM AST,0
09-May-19 11:15:01 PM AST,0
09-May-19 11:30:01 PM AST,0
09-May-19 11:45:01 PM AST,0
10-May-19 12:00:01 AM AST,0
10-May-19 12:15:01 AM AST,0
10-May-19 12:30:01 AM AST,0
10-May-19 12:45:01 AM AST,0
10-May-19 1:00:01 AM AST,0
10-May-19 1:15:02 AM AST,0
10-May-19 1:30:01 AM AST,0
10-May-19 1:45:02 AM AST,0
10-May-19 2:00:02 AM AST,0
10-May-19 2:15:01 AM AST,0
10-May-19 2:30:02 AM AST,0
10-May-19 2:45:01 AM AST,0
10-May-19 3:00:01 AM AST,0
10-May-19 3:15:01 AM AST,0
10-May-19 3:30:01 AM AST,0
10-May-19 3:45:01 AM AST,0
10-May-19 4:00:01 AM AST,0
10-May-19 4:15:02 AM AST,0
10-May-19 4:30:01 AM AST,0
10-May-19 4:45:02 AM AST,0
10-May-19 5:00:01 AM AST,0
10-May-19 5:15:01 AM AST,0
10-May-19 5:30:01 AM AST,0
10-May-19 5:45:02 AM AST,0
10-May-19 6:00:01 AM AST,1
10-May-19 6:15:01 AM AST,18
10-May-19 6:30:01 AM AST,44
10-May-19 6:45:01 AM AST,73
10-May-19 7:00:01 AM AST,95
10-May-19 7:15:01 AM AST,122
10-May-19 7:30:01 AM AST,149
10-May-19 7:45:01 AM AST,180
10-May-19 8:00:02 AM AST,215
10-May-19 8:15:01 AM AST,251
10-May-19 8:30:01 AM AST,282
10-May-19 8:45:01 AM AST,316
10-May-19 9:00:01 AM AST,362
10-May-19 9:15:02 AM AST,386
10-May-19 9:30:02 AM AST,416
10-May-19 9:45:01 AM AST,436
10-May-19 10:00:01 AM AST,468
10-May-19 10:15:01 AM AST,492
10-May-19 10:30:01 AM AST,510
10-May-19 10:45:02 AM AST,534
10-May-19 11:00:01 AM AST,546
10-May-19 11:15:01 AM AST,562
10-May-19 11:30:01 AM AST,572
10-May-19 11:45:01 AM AST,578
10-May-19 12:00:02 PM AST,579
10-May-19 12:15:02 PM AST,582
10-May-19 12:30:01 PM AST,582
10-May-19 12:45:01 PM AST,585
10-May-19 1:00:01 PM AST,580
10-May-19 1:15:01 PM AST,612
10-May-19 1:30:01 PM AST,500
10-May-19 1:45:01 PM AST,560
10-May-19 2:00:01 PM AST,548
10-May-19 2:15:01 PM AST,529
10-May-19 2:30:01 PM AST,554
10-May-19 2:45:01 PM AST,228
10-May-19 3:00:02 PM AST,195
10-May-19 3:15:02 PM AST,174
10-May-19 3:30:01 PM AST,331
10-May-19 3:45:02 PM AST,403
10-May-19 4:00:02 PM AST,316
10-May-19 4:15:01 PM AST,282
10-May-19 4:30:01 PM AST,299
10-May-19 4:45:01 PM AST,268
10-May-19 5:00:01 PM AST,196
10-May-19 5:15:01 PM AST,155
10-May-19 5:30:01 PM AST,119
10-May-19 5:45:01 PM AST,80
10-May-19 6:00:02 PM AST,51
10-May-19 6:15:02 PM AST,23
10-May-19 6:30:02 PM AST,5
10-May-19 6:45:01 PM AST,2
10-May-19 7:00:01 PM AST,1
10-May-19 7:15:02 PM AST,0
10-May-19 7:30:01 PM AST,0
10-May-19 7:45:01 PM AST,0
10-May-19 8:00:01 PM AST,0
10-May-19 8:15:02 PM AST,0
10-May-19 8:30:01 PM AST,0
10-May-19 8:45:01 PM AST,0
10-May-19 9:00:02 PM AST,0
10-May-19 9:15:01 PM AST,0
10-May-19 9:30:01 PM AST,0
10-May-19 9:45:01 PM AST,0
10-May-19 10:00:01 PM AST,0
10-May-19 10:15:01 PM AST,0
10-May-19 10:30:02 PM AST,0
10-May-19 10:45:01 PM AST,0
10-May-19 11:00:01 PM AST,0
10-May-19 11:15:01 PM AST,0
10-May-19 11:30:01 PM AST,0
10-May-19 11:45:01 PM AST,0
11-May-19 12:00:01 AM AST,0
11-May-19 12:15:02 AM AST,0
11-May-19 12:30:01 AM AST,0
11-May-19 12:45:01 AM AST,0
11-May-19 1:00:01 AM AST,0
11-May-19 1:15:01 AM AST,0
11-May-19 1:30:03 AM AST,0
11-May-19 1:45:02 AM AST,0
11-May-19 2:00:01 AM AST,0
11-May-19 2:15:02 AM AST,0
11-May-19 2:30:01 AM AST,0
11-May-19 2:45:01 AM AST,0
11-May-19 3:00:01 AM AST,0
11-May-19 3:15:01 AM AST,0
11-May-19 3:30:01 AM AST,0
11-May-19 3:45:01 AM AST,0
11-May-19 4:00:01 AM AST,0
11-May-19 4:15:01 AM AST,0
11-May-19 4:30:01 AM AST,0
11-May-19 4:45:01 AM AST,0
11-May-19 5:00:01 AM AST,0
11-May-19 5:15:02 AM AST,0
11-May-19 5:30:01 AM AST,0
11-May-19 5:45:01 AM AST,4
11-May-19 6:00:01 AM AST,4
11-May-19 6:15:01 AM AST,18
11-May-19 6:30:02 AM AST,44
11-May-19 6:45:02 AM AST,63
11-May-19 7:00:02 AM AST,93
11-May-19 7:15:01 AM AST,128
11-May-19 7:30:01 AM AST,163
11-May-19 7:45:03 AM AST,198
11-May-19 8:00:02 AM AST,236
11-May-19 8:15:02 AM AST,272
11-May-19 8:30:02 AM AST,306
11-May-19 8:45:01 AM AST,331
11-May-19 9:00:01 AM AST,372
11-May-19 9:15:01 AM AST,392
11-May-19 9:30:01 AM AST,416
11-May-19 9:45:02 AM AST,450
11-May-19 10:00:01 AM AST,477
11-May-19 10:15:01 AM AST,496
11-May-19 10:30:01 AM AST,524
11-May-19 10:45:01 AM AST,541
11-May-19 11:00:02 AM AST,552
11-May-19 11:15:01 AM AST,564
11-May-19 11:30:01 AM AST,574
11-May-19 11:45:02 AM AST,561
11-May-19 12:00:01 PM AST,585
11-May-19 12:15:02 PM AST,580
11-May-19 12:30:01 PM AST,583
11-May-19 12:45:01 PM AST,577
11-May-19 1:00:01 PM AST,570
11-May-19 1:15:01 PM AST,569
11-May-19 1:30:02 PM AST,557
11-May-19 1:45:01 PM AST,548
11-May-19 2:00:01 PM AST,532
11-May-19 2:15:02 PM AST,518
11-May-19 2:30:02 PM AST,498
11-May-19 2:45:01 PM AST,473
11-May-19 3:00:01 PM AST,448
11-May-19 3:15:01 PM AST,418
11-May-19 3:30:01 PM AST,385
11-May-19 3:45:01 PM AST,359
11-May-19 4:00:02 PM AST,323
11-May-19 4:15:02 PM AST,293
11-May-19 4:30:02 PM AST,257
11-May-19 4:45:02 PM AST,219
11-May-19 5:00:01 PM AST,178
11-May-19 5:15:01 PM AST,138
11-May-19 5:30:01 PM AST,106
11-May-19 5:45:01 PM AST,73
11-May-19 6:00:01 PM AST,52
11-May-19 6:15:02 PM AST,25
11-May-19 6:30:01 PM AST,8
11-May-19 6:45:02 PM AST,0
11-May-19 7:00:01 PM AST,0
11-May-19 7:15:01 PM AST,0
11-May-19 7:30:02 PM AST,0
11-May-19 7:45:01 PM AST,0
11-May-19 8:00:01 PM AST,0
11-May-19 8:15:01 PM AST,0
11-May-19 8:30:01 PM AST,0
11-May-19 8:45:02 PM AST,0
11-May-19 9:00:02 PM AST,0
11-May-19 9:15:01 PM AST,0
11-May-19 9:30:01 PM AST,0
11-May-19 9:45:01 PM AST,0
11-May-19 10:00:01 PM AST,0
11-May-19 10:15:02 PM AST,0
11-May-19 10:30:01 PM AST,0
11-May-19 10:45:02 PM AST,0
11-May-19 11:00:02 PM AST,0
11-May-19 11:15:01 PM AST,0
11-May-19 11:30:02 PM AST,0
11-May-19 11:45:02 PM AST,0
12-May-19 12:00:01 AM AST,0
12-May-19 12:15:01 AM AST,0
12-May-19 12:30:02 AM AST,0
12-May-19 12:45:02 AM AST,0
12-May-19 1:00:02 AM AST,0
12-May-19 1:15:02 AM AST,0
12-May-19 1:30:02 AM AST,0
12-May-19 1:45:02 AM AST,0
12-May-19 2:00:01 AM AST,0
12-May-19 2:15:01 AM AST,0
12-May-19 2:30:01 AM AST,0
12-May-19 2:45:01 AM AST,0
12-May-19 3:00:01 AM AST,0
12-May-19 3:15:01 AM AST,0
12-May-19 3:30:02 AM AST,0
12-May-19 3:45:01 AM AST,0
12-May-19 4:00:01 AM AST,0
12-May-19 4:15:01 AM AST,0
12-May-19 4:30:01 AM AST,0
12-May-19 4:45:01 AM AST,0
12-May-19 5:00:01 AM AST,0
12-May-19 5:15:01 AM AST,0
12-May-19 5:30:01 AM AST,0
12-May-19 5:45:01 AM AST,3
12-May-19 6:00:01 AM AST,2
12-May-19 6:15:01 AM AST,14
12-May-19 6:30:02 AM AST,37
12-May-19 6:45:03 AM AST,65
12-May-19 7:00:02 AM AST,95
12-May-19 7:15:01 AM AST,125
12-May-19 7:30:01 AM AST,159
12-May-19 7:45:01 AM AST,191
12-May-19 8:00:01 AM AST,215
12-May-19 8:15:02 AM AST,248
12-May-19 8:30:01 AM AST,271
12-May-19 8:45:01 AM AST,304
12-May-19 9:00:02 AM AST,339
12-May-19 9:15:03 AM AST,369
12-May-19 9:30:02 AM AST,402
12-May-19 9:45:02 AM AST,430
12-May-19 10:00:01 AM AST,458
12-May-19 10:15:01 AM AST,471
12-May-19 10:30:02 AM AST,495
12-May-19 10:45:01 AM AST,506
12-May-19 11:00:02 AM AST,522
12-May-19 11:15:01 AM AST,535
12-May-19 11:30:01 AM AST,548
12-May-19 11:45:01 AM AST,551
12-May-19 12:00:01 PM AST,560
12-May-19 12:15:01 PM AST,562
12-May-19 12:30:01 PM AST,557
12-May-19 12:45:01 PM AST,553
12-May-19 1:00:02 PM AST,550
12-May-19 1:15:01 PM AST,551
12-May-19 1:30:02 PM AST,541
12-May-19 1:45:01 PM AST,531
12-May-19 2:00:01 PM AST,516
12-May-19 2:15:01 PM AST,504
12-May-19 2:30:01 PM AST,485
12-May-19 2:45:01 PM AST,450
12-May-19 3:00:01 PM AST,437
12-May-19 3:15:01 PM AST,410
12-May-19 3:30:02 PM AST,387
12-May-19 3:45:03 PM AST,350
12-May-19 4:00:01 PM AST,315
12-May-19 4:15:01 PM AST,282
12-May-19 4:30:01 PM AST,245
12-May-19 4:45:01 PM AST,208
12-May-19 5:00:01 PM AST,172
12-May-19 5:15:02 PM AST,134
12-May-19 5:30:02 PM AST,107
12-May-19 5:45:01 PM AST,83
12-May-19 6:00:02 PM AST,55
12-May-19 6:15:01 PM AST,26
12-May-19 6:30:01 PM AST,5
12-May-19 6:45:02 PM AST,1
12-May-19 7:00:01 PM AST,0
12-May-19 7:15:02 PM AST,0
12-May-19 7:30:02 PM AST,0
12-May-19 7:45:02 PM AST,0
12-May-19 8:00:01 PM AST,0
12-May-19 8:15:01 PM AST,0
12-May-19 8:30:02 PM AST,0
12-May-19 8:45:01 PM AST,0
12-May-19 9:00:01 PM AST,0
12-May-19 9:15:01 PM AST,0
12-May-19 9:30:01 PM AST,0
12-May-19 9:45:01 PM AST,0
12-May-19 10:00:01 PM AST,0
12-May-19 10:15:01 PM AST,0
12-May-19 10:30:01 PM AST,0
12-May-19 10:45:01 PM AST,0
12-May-19 11:00:01 PM AST,0
12-May-19 11:15:02 PM AST,0
12-May-19 11:30:03 PM AST,0
12-May-19 11:45:02 PM AST,0
13-May-19 12:00:01 AM AST,0
13-May-19 12:15:02 AM AST,0
13-May-19 12:30:01 AM AST,0
13-May-19 12:45:02 AM AST,0
13-May-19 1:00:01 AM AST,0
13-May-19 1:15:01 AM AST,0
13-May-19 1:30:01 AM AST,0
13-May-19 1:45:01 AM AST,0
13-May-19 2:00:01 AM AST,0
13-May-19 2:15:01 AM AST,0
13-May-19 2:30:02 AM AST,0
13-May-19 2:45:01 AM AST,0
13-May-19 3:00:01 AM AST,0
13-May-19 3:15:02 AM AST,0
13-May-19 3:30:02 AM AST,0
13-May-19 3:45:01 AM AST,0
13-May-19 4:00:01 AM AST,0
13-May-19 4:15:02 AM AST,0
13-May-19 4:30:01 AM AST,0
13-May-19 4:45:01 AM AST,0
13-May-19 5:00:01 AM AST,0
13-May-19 5:15:01 AM AST,0
13-May-19 5:30:01 AM AST,0
13-May-19 5:45:01 AM AST,0
13-May-19 6:00:01 AM AST,0
13-May-19 6:15:01 AM AST,13
13-May-19 6:30:01 AM AST,41
13-May-19 6:45:01 AM AST,67
13-May-19 7:00:01 AM AST,96
13-May-19 7:15:01 AM AST,129
13-May-19 7:30:01 AM AST,150
13-May-19 7:45:02 AM AST,190
13-May-19 8:00:01 AM AST,215
13-May-19 8:15:01 AM AST,252
13-May-19 8:30:01 AM AST,286
13-May-19 8:45:01 AM AST,322
13-May-19 9:00:01 AM AST,351
13-May-19 9:15:02 AM AST,386
13-May-19 9:30:01 AM AST,421
13-May-19 9:45:01 AM AST,445
13-May-19 10:00:01 AM AST,470
13-May-19 10:15:02 AM AST,478
13-May-19 10:30:01 AM AST,500
13-May-19 10:45:01 AM AST,517
13-May-19 11:00:01 AM AST,523
13-May-19 11:15:01 AM AST,530
13-May-19 11:30:01 AM AST,535
13-May-19 11:45:01 AM AST,545
13-May-19 12:00:02 PM AST,564
13-May-19 12:15:01 PM AST,566
13-May-19 12:30:01 PM AST,573
13-May-19 12:45:01 PM AST,575
13-May-19 1:00:02 PM AST,575
13-May-19 1:15:01 PM AST,570
13-May-19 1:30:01 PM AST,556
13-May-19 1:45:01 PM AST,540
13-May-19 2:00:02 PM AST,523
13-May-19 2:15:01 PM AST,498
13-May-19 2:30:01 PM AST,480
13-May-19 2:45:01 PM AST,460
13-May-19 3:00:01 PM AST,436
13-May-19 3:15:01 PM AST,400
13-May-19 3:30:01 PM AST,370
13-May-19 3:45:01 PM AST,337
13-May-19 4:00:02 PM AST,307
13-May-19 4:15:01 PM AST,266
13-May-19 4:30:01 PM AST,234
13-May-19 4:45:01 PM AST,204
13-May-19 5:00:01 PM AST,168
13-May-19 5:15:01 PM AST,145
13-May-19 5:30:01 PM AST,108
13-May-19 5:45:01 PM AST,77
13-May-19 6:00:01 PM AST,51
13-May-19 6:15:01 PM AST,24
13-May-19 6:30:01 PM AST,5
13-May-19 6:45:01 PM AST,2
13-May-19 7:00:01 PM AST,0
13-May-19 7:15:01 PM AST,0
13-May-19 7:30:01 PM AST,0
13-May-19 7:45:02 PM AST,0
13-May-19 8:00:01 PM AST,0
13-May-19 8:15:02 PM AST,0
13-May-19 8:30:01 PM AST,0
13-May-19 8:45:01 PM AST,0
13-May-19 9:00:01 PM AST,0
13-May-19 9:15:01 PM AST,0
13-May-19 9:30:01 PM AST,0
13-May-19 9:45:01 PM AST,0
13-May-19 10:00:01 PM AST,0
13-May-19 10:15:02 PM AST,0
13-May-19 10:30:02 PM AST,0
13-May-19 10:45:01 PM AST,0
13-May-19 11:00:01 PM AST,0
13-May-19 11:15:02 PM AST,0
13-May-19 11:30:01 PM AST,0
13-May-19 11:45:01 PM AST,0
14-May-19 12:00:01 AM AST,0
14-May-19 12:15:01 AM AST,0
14-May-19 12:30:01 AM AST,0
14-May-19 12:45:01 AM AST,0
14-May-19 1:00:02 AM AST,0
14-May-19 1:15:02 AM AST,0
14-May-19 1:30:01 AM AST,0
14-May-19 1:45:01 AM AST,0
14-May-19 2:00:01 AM AST,0
14-May-19 2:15:01 AM AST,0
14-May-19 2:30:01 AM AST,0
14-May-19 2:45:02 AM AST,0
14-May-19 3:00:02 AM AST,0
14-May-19 3:15:02 AM AST,0
14-May-19 3:30:02 AM AST,0
14-May-19 3:45:02 AM AST,0
14-May-19 4:00:03 AM AST,0
14-May-19 4:15:01 AM AST,0
14-May-19 4:30:01 AM AST,0
14-May-19 4:45:02 AM AST,0
14-May-19 5:00:01 AM AST,0
14-May-19 5:15:01 AM AST,0
14-May-19 5:30:01 AM AST,0
14-May-19 5:45:01 AM AST,0
14-May-19 6:00:01 AM AST,4
14-May-19 6:15:01 AM AST,17
14-May-19 6:30:01 AM AST,44
14-May-19 6:45:01 AM AST,63
14-May-19 7:00:01 AM AST,91
14-May-19 7:15:02 AM AST,114
14-May-19 7:30:02 AM AST,148
14-May-19 7:45:01 AM AST,183
14-May-19 8:00:01 AM AST,215
14-May-19 8:15:01 AM AST,261
14-May-19 8:30:01 AM AST,288
14-May-19 8:45:01 AM AST,303
14-May-19 9:00:02 AM AST,339
14-May-19 9:15:01 AM AST,372
14-May-19 9:30:01 AM AST,400
14-May-19 9:45:01 AM AST,404
14-May-19 10:00:01 AM AST,430
14-May-19 10:15:01 AM AST,461
14-May-19 10:30:01 AM AST,491
14-May-19 10:45:01 AM AST,524
14-May-19 11:00:01 AM AST,464
14-May-19 11:15:01 AM AST,537
14-May-19 11:30:02 AM AST,540
14-May-19 11:45:01 AM AST,550
14-May-19 12:00:01 PM AST,564
14-May-19 12:15:02 PM AST,573
14-May-19 12:30:02 PM AST,549
14-May-19 12:45:01 PM AST,580
14-May-19 1:00:01 PM AST,557
14-May-19 1:15:01 PM AST,540
14-May-19 1:30:01 PM AST,535
14-May-19 1:45:01 PM AST,519
14-May-19 2:00:01 PM AST,498
14-May-19 2:15:01 PM AST,478
14-May-19 2:30:03 PM AST,456
14-May-19 2:45:02 PM AST,437
14-May-19 3:00:01 PM AST,402
14-May-19 3:15:02 PM AST,372
14-May-19 3:30:01 PM AST,347
14-May-19 3:45:01 PM AST,304
14-May-19 4:00:02 PM AST,283
14-May-19 4:15:01 PM AST,249
14-May-19 4:30:01 PM AST,223
14-May-19 4:45:02 PM AST,196
14-May-19 5:00:01 PM AST,164
14-May-19 5:15:02 PM AST,124
14-May-19 5:30:01 PM AST,94
14-May-19 5:45:01 PM AST,65
14-May-19 6:00:02 PM AST,41
14-May-19 6:15:02 PM AST,16
14-May-19 6:30:01 PM AST,3
14-May-19 6:45:02 PM AST,1
14-May-19 7:00:01 PM AST,2
14-May-19 7:15:02 PM AST,0
14-May-19 7:30:01 PM AST,0
14-May-19 7:45:01 PM AST,0
14-May-19 8:00:01 PM AST,0
14-May-19 8:15:01 PM AST,0
14-May-19 8:30:02 PM AST,0
14-May-19 8:45:02 PM AST,0
14-May-19 9:00:02 PM AST,0
14-May-19 9:15:01 PM AST,0
14-May-19 9:30:02 PM AST,0
14-May-19 9:45:01 PM AST,0
14-May-19 10:00:01 PM AST,0
14-May-19 10:15:01 PM AST,0
14-May-19 10:30:01 PM AST,0
14-May-19 10:45:01 PM AST,0
14-May-19 11:00:01 PM AST,0
14-May-19 11:15:01 PM AST,0
14-May-19 11:30:01 PM AST,0
14-May-19 11:45:01 PM AST,0
15-May-19 12:00:01 AM AST,0
15-May-19 12:15:01 AM AST,0
15-May-19 12:30:01 AM AST,0
15-May-19 12:45:02 AM AST,0
15-May-19 1:00:01 AM AST,0
15-May-19 1:15:01 AM AST,0
15-May-19 1:30:01 AM AST,0
15-May-19 1:45:01 AM AST,0
15-May-19 2:00:01 AM AST,0
15-May-19 2:15:01 AM AST,0
15-May-19 2:30:01 AM AST,0
15-May-19 2:45:02 AM AST,0
15-May-19 3:00:01 AM AST,0
15-May-19 3:15:01 AM AST,0
15-May-19 3:30:01 AM AST,0
15-May-19 3:45:01 AM AST,0
15-May-19 4:00:01 AM AST,0
15-May-19 4:15:01 AM AST,0
15-May-19 4:30:01 AM AST,0
15-May-19 4:45:01 AM AST,0
15-May-19 5:00:01 AM AST,0
15-May-19 5:15:01 AM AST,0
15-May-19 5:30:01 AM AST,0
15-May-19 5:45:01 AM AST,3
15-May-19 6:00:02 AM AST,4
15-May-19 6:15:01 AM AST,17
15-May-19 6:30:01 AM AST,41
15-May-19 6:45:01 AM AST,59
15-May-19 7:00:01 AM AST,88
15-May-19 7:15:01 AM AST,116
15-May-19 7:30:01 AM AST,148
15-May-19 7:45:01 AM AST,177
15-May-19 8:00:01 AM AST,212
15-May-19 8:15:01 AM AST,242
15-May-19 8:30:01 AM AST,268
15-May-19 8:45:01 AM AST,305
15-May-19 9:00:01 AM AST,324
15-May-19 9:15:01 AM AST,352
15-May-19 9:30:01 AM AST,385
15-May-19 9:45:01 AM AST,413
15-May-19 10:00:01 AM AST,438
15-May-19 10:15:01 AM AST,469
15-May-19 10:30:01 AM AST,490
15-May-19 10:45:01 AM AST,504
15-May-19 11:00:02 AM AST,512
15-May-19 11:15:01 AM AST,531
15-May-19 11:30:01 AM AST,542
15-May-19 11:45:01 AM AST,547
15-May-19 12:00:01 PM AST,555
15-May-19 12:15:01 PM AST,554
15-May-19 12:30:01 PM AST,560
15-May-19 12:45:01 PM AST,491
15-May-19 1:00:01 PM AST,541
15-May-19 1:15:01 PM AST,560
15-May-19 1:30:01 PM AST,503
15-May-19 1:45:01 PM AST,536
15-May-19 2:00:01 PM AST,514
15-May-19 2:15:01 PM AST,487
15-May-19 2:30:01 PM AST,458
15-May-19 2:45:01 PM AST,432
15-May-19 3:00:01 PM AST,407
15-May-19 3:15:01 PM AST,387
15-May-19 3:30:01 PM AST,361
15-May-19 3:45:01 PM AST,328
15-May-19 4:00:01 PM AST,297
15-May-19 4:15:01 PM AST,276
15-May-19 4:30:01 PM AST,234
15-May-19 4:45:01 PM AST,207
15-May-19 5:00:02 PM AST,183
15-May-19 5:15:01 PM AST,130
15-May-19 5:30:01 PM AST,98
15-May-19 5:45:01 PM AST,81
15-May-19 6:00:01 PM AST,55
15-May-19 6:15:01 PM AST,28
15-May-19 6:30:01 PM AST,5
15-May-19 6:45:02 PM AST,1
15-May-19 7:00:02 PM AST,0
15-May-19 7:15:01 PM AST,0
15-May-19 7:30:01 PM AST,0
15-May-19 7:45:02 PM AST,0
15-May-19 8:00:01 PM AST,0
15-May-19 8:15:01 PM AST,0
15-May-19 8:30:01 PM AST,0
15-May-19 8:45:01 PM AST,0
15-May-19 9:00:01 PM AST,0
15-May-19 9:15:01 PM AST,0
15-May-19 9:30:01 PM AST,0
15-May-19 9:45:01 PM AST,0
15-May-19 10:00:01 PM AST,0
15-May-19 10:15:02 PM AST,0
15-May-19 10:30:02 PM AST,0
15-May-19 10:45:01 PM AST,0
15-May-19 11:00:01 PM AST,0
15-May-19 11:15:01 PM AST,0
15-May-19 11:30:02 PM AST,0
15-May-19 11:45:01 PM AST,0
16-May-19 12:00:01 AM AST,0
16-May-19 12:15:01 AM AST,0
16-May-19 12:30:01 AM AST,0
16-May-19 12:45:01 AM AST,0
16-May-19 1:00:01 AM AST,0
16-May-19 1:15:01 AM AST,0
16-May-19 1:30:01 AM AST,0
16-May-19 1:45:02 AM AST,0
16-May-19 2:00:02 AM AST,0
16-May-19 2:15:01 AM AST,0
16-May-19 2:30:01 AM AST,0
16-May-19 2:45:01 AM AST,0
16-May-19 3:00:01 AM AST,0
16-May-19 3:15:01 AM AST,0
16-May-19 3:30:01 AM AST,0
16-May-19 3:45:02 AM AST,0
16-May-19 4:00:01 AM AST,0
16-May-19 4:15:01 AM AST,0
16-May-19 4:30:02 AM AST,0
16-May-19 4:45:02 AM AST,0
16-May-19 5:00:01 AM AST,0
16-May-19 5:15:01 AM AST,0
16-May-19 5:30:01 AM AST,0
16-May-19 5:45:02 AM AST,2
16-May-19 6:00:01 AM AST,0
16-May-19 6:15:02 AM AST,9
16-May-19 6:30:02 AM AST,39
16-May-19 6:45:01 AM AST,67
16-May-19 7:00:02 AM AST,93
16-May-19 7:15:01 AM AST,127
16-May-19 7:30:01 AM AST,158
16-May-19 7:45:01 AM AST,184
16-May-19 8:00:02 AM AST,222
16-May-19 8:15:01 AM AST,241
16-May-19 8:30:01 AM AST,334
16-May-19 8:45:01 AM AST,326
16-May-19 9:00:01 AM AST,347
16-May-19 9:15:02 AM AST,361
16-May-19 9:30:01 AM AST,397
16-May-19 9:45:01 AM AST,424
16-May-19 10:00:01 AM AST,445
16-May-19 10:15:01 AM AST,470
16-May-19 10:30:02 AM AST,436
16-May-19 10:45:01 AM AST,447
16-May-19 11:00:01 AM AST,476
16-May-19 11:15:01 AM AST,549
16-May-19 11:30:01 AM AST,404
16-May-19 11:45:01 AM AST,542
16-May-19 12:00:01 PM AST,374
16-May-19 12:15:01 PM AST,608
16-May-19 12:30:02 PM AST,428
16-May-19 12:45:02 PM AST,478
16-May-19 1:00:01 PM AST,367
16-May-19 1:15:02 PM AST,548
16-May-19 1:30:01 PM AST,377
16-May-19 1:45:02 PM AST,526
16-May-19 2:00:01 PM AST,488
16-May-19 2:15:01 PM AST,515
16-May-19 2:30:01 PM AST,295
16-May-19 2:45:01 PM AST,401.5
16-May-19 3:00:02 PM AST,460
16-May-19 3:15:01 PM AST,428
16-May-19 3:30:01 PM AST,380
16-May-19 3:45:01 PM AST,166
16-May-19 4:00:01 PM AST,341
16-May-19 4:15:01 PM AST,188
16-May-19 4:30:01 PM AST,262
16-May-19 4:45:01 PM AST,243
16-May-19 5:00:01 PM AST,103
16-May-19 5:15:01 PM AST,83
16-May-19 5:30:02 PM AST,127
16-May-19 5:45:01 PM AST,99
16-May-19 6:00:01 PM AST,59
16-May-19 6:15:01 PM AST,28
16-May-19 6:30:01 PM AST,4
16-May-19 6:45:02 PM AST,0
16-May-19 7:00:02 PM AST,1
16-May-19 7:15:01 PM AST,0
16-May-19 7:30:01 PM AST,0
16-May-19 7:45:01 PM AST,0
16-May-19 8:00:01 PM AST,0
16-May-19 8:15:01 PM AST,0
16-May-19 8:30:01 PM AST,0
16-May-19 8:45:01 PM AST,0
16-May-19 9:00:01 PM AST,0
16-May-19 9:15:02 PM AST,0
16-May-19 9:30:01 PM AST,0
16-May-19 9:45:01 PM AST,0
16-May-19 10:00:01 PM AST,0
16-May-19 10:15:01 PM AST,0
16-May-19 10:30:01 PM AST,0
16-May-19 10:45:01 PM AST,0
16-May-19 11:00:01 PM AST,0
16-May-19 11:15:02 PM AST,0
16-May-19 11:30:01 PM AST,0
16-May-19 11:45:01 PM AST,0
17-May-19 12:00:01 AM AST,0
17-May-19 12:15:02 AM AST,0
17-May-19 12:30:01 AM AST,0
17-May-19 12:45:01 AM AST,0
17-May-19 1:00:01 AM AST,0
17-May-19 1:15:01 AM AST,0
17-May-19 1:30:01 AM AST,0
17-May-19 1:45:01 AM AST,0
17-May-19 2:00:01 AM AST,0
17-May-19 2:15:01 AM AST,0
17-May-19 2:30:01 AM AST,0
17-May-19 2:45:01 AM AST,0
17-May-19 3:00:01 AM AST,0
17-May-19 3:15:01 AM AST,0
17-May-19 3:30:02 AM AST,0
17-May-19 3:45:01 AM AST,0
17-May-19 4:00:02 AM AST,0
17-May-19 4:15:01 AM AST,0
17-May-19 4:30:01 AM AST,0
17-May-19 4:45:01 AM AST,0
17-May-19 5:00:01 AM AST,0
17-May-19 5:15:01 AM AST,0
17-May-19 5:30:01 AM AST,0
17-May-19 5:45:01 AM AST,0
17-May-19 6:00:01 AM AST,0
17-May-19 6:15:01 AM AST,18
17-May-19 6:30:01 AM AST,41
17-May-19 6:45:01 AM AST,68
17-May-19 7:00:01 AM AST,97
17-May-19 7:15:01 AM AST,122
17-May-19 7:30:01 AM AST,148
17-May-19 7:45:01 AM AST,178
17-May-19 8:00:01 AM AST,211
17-May-19 8:15:01 AM AST,244
17-May-19 8:30:02 AM AST,197
17-May-19 8:45:01 AM AST,326
17-May-19 9:00:01 AM AST,328
17-May-19 9:15:02 AM AST,356
17-May-19 9:30:01 AM AST,408
17-May-19 9:45:01 AM AST,412
17-May-19 10:00:01 AM AST,461
17-May-19 10:15:01 AM AST,476
17-May-19 10:30:01 AM AST,499
17-May-19 10:45:01 AM AST,515
17-May-19 11:00:01 AM AST,540
17-May-19 11:15:01 AM AST,557
17-May-19 11:30:02 AM AST,555
17-May-19 11:45:01 AM AST,574
17-May-19 12:00:02 PM AST,574
17-May-19 12:15:02 PM AST,575
17-May-19 12:30:01 PM AST,583
17-May-19 12:45:01 PM AST,575
17-May-19 1:00:01 PM AST,580
17-May-19 1:15:01 PM AST,597
17-May-19 1:30:01 PM AST,544
17-May-19 1:45:01 PM AST,530
17-May-19 2:00:02 PM AST,518
17-May-19 2:15:02 PM AST,502
17-May-19 2:30:01 PM AST,475
17-May-19 2:45:02 PM AST,459
17-May-19 3:00:01 PM AST,438
17-May-19 3:15:01 PM AST,408
17-May-19 3:30:01 PM AST,381
17-May-19 3:45:01 PM AST,349
17-May-19 4:00:01 PM AST,322
17-May-19 4:15:01 PM AST,287
17-May-19 4:30:01 PM AST,255
17-May-19 4:45:01 PM AST,220
17-May-19 5:00:01 PM AST,191
17-May-19 5:15:01 PM AST,152
17-May-19 5:30:01 PM AST,116
17-May-19 5:45:02 PM AST,84
17-May-19 6:00:01 PM AST,52
17-May-19 6:15:01 PM AST,29
17-May-19 6:30:01 PM AST,7
17-May-19 6:45:01 PM AST,0
17-May-19 7:00:02 PM AST,0
17-May-19 7:15:01 PM AST,0
17-May-19 7:30:01 PM AST,0
17-May-19 7:45:02 PM AST,0
17-May-19 8:00:02 PM AST,0
17-May-19 8:15:02 PM AST,0
17-May-19 8:30:02 PM AST,0
17-May-19 8:45:02 PM AST,0
17-May-19 9:00:02 PM AST,0
17-May-19 9:15:02 PM AST,0
17-May-19 9:30:02 PM AST,0
17-May-19 9:45:02 PM AST,0
17-May-19 10:00:02 PM AST,0
17-May-19 10:15:01 PM AST,0
17-May-19 10:30:01 PM AST,0
17-May-19 10:45:01 PM AST,0
17-May-19 11:00:02 PM AST,0
17-May-19 11:15:02 PM AST,0
17-May-19 11:30:02 PM AST,0
17-May-19 11:45:02 PM AST,0
18-May-19 12:00:02 AM AST,0
18-May-19 12:15:01 AM AST,0
18-May-19 12:30:01 AM AST,0
18-May-19 12:45:02 AM AST,0
18-May-19 1:00:02 AM AST,0
18-May-19 1:15:01 AM AST,0
18-May-19 1:30:02 AM AST,0
18-May-19 1:45:01 AM AST,0
18-May-19 2:00:01 AM AST,0
18-May-19 2:15:01 AM AST,0
18-May-19 2:30:01 AM AST,0
18-May-19 2:45:01 AM AST,0
18-May-19 3:00:01 AM AST,0
18-May-19 3:15:01 AM AST,0
18-May-19 3:30:03 AM AST,0
18-May-19 3:45:02 AM AST,0
18-May-19 4:00:01 AM AST,0
18-May-19 4:15:02 AM AST,0
18-May-19 4:30:02 AM AST,0
18-May-19 4:45:02 AM AST,0
18-May-19 5:00:02 AM AST,0
18-May-19 5:15:02 AM AST,0
18-May-19 5:30:02 AM AST,0
18-May-19 5:45:02 AM AST,2
18-May-19 6:00:02 AM AST,5
18-May-19 6:15:02 AM AST,20
18-May-19 6:30:02 AM AST,45
18-May-19 6:45:01 AM AST,67
18-May-19 7:00:02 AM AST,89
18-May-19 7:15:01 AM AST,119
18-May-19 7:30:01 AM AST,153
18-May-19 7:45:01 AM AST,189
18-May-19 8:00:01 AM AST,223
18-May-19 8:15:01 AM AST,256
18-May-19 8:30:02 AM AST,291
18-May-19 8:45:01 AM AST,327
18-May-19 9:00:01 AM AST,327
18-May-19 9:15:02 AM AST,387
18-May-19 9:30:01 AM AST,407
18-May-19 9:45:03 AM AST,433
18-May-19 10:00:02 AM AST,461
18-May-19 10:15:01 AM AST,485
18-May-19 10:30:02 AM AST,505
18-May-19 10:45:01 AM AST,524
18-May-19 11:00:01 AM AST,534
18-May-19 11:15:01 AM AST,541
18-May-19 11:30:01 AM AST,558
18-May-19 11:45:01 AM AST,563
18-May-19 12:00:01 PM AST,567
18-May-19 12:15:01 PM AST,566
18-May-19 12:30:01 PM AST,570
18-May-19 12:45:01 PM AST,564
18-May-19 1:00:01 PM AST,559
18-May-19 1:15:01 PM AST,553
18-May-19 1:30:01 PM AST,545
18-May-19 1:45:01 PM AST,536
18-May-19 2:00:01 PM AST,487
18-May-19 2:15:01 PM AST,503
18-May-19 2:30:01 PM AST,484
18-May-19 2:45:01 PM AST,464
18-May-19 3:00:01 PM AST,439
18-May-19 3:15:01 PM AST,409
18-May-19 3:30:02 PM AST,379
18-May-19 3:45:01 PM AST,344
18-May-19 4:00:01 PM AST,320
18-May-19 4:15:01 PM AST,293
18-May-19 4:30:02 PM AST,256
18-May-19 4:45:02 PM AST,223
18-May-19 5:00:01 PM AST,184
18-May-19 5:15:01 PM AST,147
18-May-19 5:30:01 PM AST,110
18-May-19 5:45:01 PM AST,75
18-May-19 6:00:01 PM AST,48
18-May-19 6:15:01 PM AST,28
18-May-19 6:30:01 PM AST,7
18-May-19 6:45:02 PM AST,0
18-May-19 7:00:01 PM AST,0
18-May-19 7:15:01 PM AST,0
18-May-19 7:30:01 PM AST,0
18-May-19 7:45:01 PM AST,0
18-May-19 8:00:01 PM AST,0
18-May-19 8:15:01 PM AST,0
18-May-19 8:30:02 PM AST,0
18-May-19 8:45:02 PM AST,0
18-May-19 9:00:02 PM AST,0
18-May-19 9:15:01 PM AST,0
18-May-19 9:30:01 PM AST,0
18-May-19 9:45:01 PM AST,0
18-May-19 10:00:01 PM AST,0
18-May-19 10:15:02 PM AST,0
18-May-19 10:30:01 PM AST,0
18-May-19 10:45:01 PM AST,0
18-May-19 11:00:01 PM AST,0
18-May-19 11:15:01 PM AST,0
18-May-19 11:30:02 PM AST,0
18-May-19 11:45:01 PM AST,0
19-May-19 12:00:01 AM AST,0
19-May-19 12:15:01 AM AST,0
19-May-19 12:30:01 AM AST,0
19-May-19 12:45:01 AM AST,0
19-May-19 1:00:01 AM AST,0
19-May-19 1:15:02 AM AST,0
19-May-19 1:30:01 AM AST,0
19-May-19 1:45:02 AM AST,0
19-May-19 2:00:01 AM AST,0
19-May-19 2:15:01 AM AST,0
19-May-19 2:30:01 AM AST,0
19-May-19 2:45:01 AM AST,0
19-May-19 3:00:01 AM AST,0
19-May-19 3:15:01 AM AST,0
19-May-19 3:30:01 AM AST,0
19-May-19 3:45:01 AM AST,0
19-May-19 4:00:01 AM AST,0
19-May-19 4:15:01 AM AST,0
19-May-19 4:30:01 AM AST,0
19-May-19 4:45:02 AM AST,0
19-May-19 5:00:02 AM AST,0
19-May-19 5:15:02 AM AST,0
19-May-19 5:30:02 AM AST,0
19-May-19 5:45:02 AM AST,0
19-May-19 6:00:01 AM AST,4
19-May-19 6:15:01 AM AST,13
19-May-19 6:30:01 AM AST,42
19-May-19 6:45:01 AM AST,70
19-May-19 7:00:01 AM AST,96
19-May-19 7:15:02 AM AST,127
19-May-19 7:30:01 AM AST,159
19-May-19 7:45:01 AM AST,196
19-May-19 8:00:01 AM AST,224
19-May-19 8:15:01 AM AST,258
19-May-19 8:30:01 AM AST,283
19-May-19 8:45:02 AM AST,318
19-May-19 9:00:01 AM AST,357
19-May-19 9:15:01 AM AST,383
19-May-19 9:30:01 AM AST,420
19-May-19 9:45:01 AM AST,450
19-May-19 10:00:01 AM AST,481
19-May-19 10:15:01 AM AST,500
19-May-19 10:30:01 AM AST,518
19-May-19 10:45:01 AM AST,528
19-May-19 11:00:01 AM AST,547
19-May-19 11:15:02 AM AST,557
19-May-19 11:30:03 AM AST,571
19-May-19 11:45:01 AM AST,578
19-May-19 12:00:02 PM AST,589
19-May-19 12:15:02 PM AST,583
19-May-19 12:30:01 PM AST,583
19-May-19 12:45:01 PM AST,583
19-May-19 1:00:01 PM AST,579
19-May-19 1:15:01 PM AST,565
19-May-19 1:30:01 PM AST,561
19-May-19 1:45:01 PM AST,552
19-May-19 2:00:01 PM AST,535
19-May-19 2:15:01 PM AST,523
19-May-19 2:30:01 PM AST,503
19-May-19 2:45:02 PM AST,478
19-May-19 3:00:02 PM AST,453
19-May-19 3:15:02 PM AST,427
19-May-19 3:30:02 PM AST,409
19-May-19 3:45:02 PM AST,375
19-May-19 4:00:02 PM AST,337
19-May-19 4:15:01 PM AST,303
19-May-19 4:30:01 PM AST,262
19-May-19 4:45:01 PM AST,225
19-May-19 5:00:01 PM AST,182
19-May-19 5:15:02 PM AST,157
19-May-19 5:30:02 PM AST,118
19-May-19 5:45:02 PM AST,94
19-May-19 6:00:01 PM AST,63
19-May-19 6:15:02 PM AST,33
19-May-19 6:30:01 PM AST,7
19-May-19 6:45:01 PM AST,0
19-May-19 7:00:01 PM AST,3
19-May-19 7:15:02 PM AST,0
19-May-19 7:30:02 PM AST,0
19-May-19 7:45:01 PM AST,0
19-May-19 8:00:02 PM AST,0
19-May-19 8:15:01 PM AST,0
19-May-19 8:30:01 PM AST,0
19-May-19 8:45:01 PM AST,0
19-May-19 9:00:01 PM AST,0
19-May-19 9:15:02 PM AST,0
19-May-19 9:30:02 PM AST,0
19-May-19 9:45:01 PM AST,0
19-May-19 10:00:02 PM AST,0
19-May-19 10:15:01 PM AST,0
19-May-19 10:30:02 PM AST,0
19-May-19 10:45:00 PM AST,0
19-May-19 11:00:00 PM AST,0
19-May-19 11:15:01 PM AST,0
19-May-19 11:30:01 PM AST,0
19-May-19 11:45:01 PM AST,0
20-May-19 12:00:02 AM AST,0
20-May-19 12:15:01 AM AST,0
20-May-19 12:30:02 AM AST,0
20-May-19 12:45:01 AM AST,0
20-May-19 1:00:01 AM AST,0
20-May-19 1:15:01 AM AST,0
20-May-19 1:30:02 AM AST,0
20-May-19 1:45:02 AM AST,0
20-May-19 2:00:01 AM AST,0
20-May-19 2:15:02 AM AST,0
20-May-19 2:30:01 AM AST,0
20-May-19 2:45:01 AM AST,0
20-May-19 3:00:01 AM AST,0
20-May-19 3:15:01 AM AST,0
20-May-19 3:30:01 AM AST,0
20-May-19 3:45:01 AM AST,0
20-May-19 4:00:01 AM AST,0
20-May-19 4:15:01 AM AST,0
20-May-19 4:30:02 AM AST,0
20-May-19 4:45:01 AM AST,0
20-May-19 5:00:01 AM AST,0
20-May-19 5:15:01 AM AST,0
20-May-19 5:30:02 AM AST,0
20-May-19 5:45:01 AM AST,5
20-May-19 6:00:01 AM AST,1
20-May-19 6:15:01 AM AST,20
20-May-19 6:30:01 AM AST,49
20-May-19 6:45:01 AM AST,77
20-May-19 7:00:02 AM AST,99
20-May-19 7:15:01 AM AST,131
20-May-19 7:30:01 AM AST,154
20-May-19 7:45:01 AM AST,192
20-May-19 8:00:01 AM AST,223
20-May-19 8:15:01 AM AST,258
20-May-19 8:30:01 AM AST,291
20-May-19 8:45:01 AM AST,331
20-May-19 9:00:01 AM AST,362
20-May-19 9:15:01 AM AST,393
20-May-19 9:30:01 AM AST,420
20-May-19 9:45:01 AM AST,442
20-May-19 10:00:01 AM AST,471
20-May-19 10:15:01 AM AST,492
20-May-19 10:30:01 AM AST,511
20-May-19 10:45:02 AM AST,525
20-May-19 11:00:01 AM AST,542
20-May-19 11:15:01 AM AST,559
20-May-19 11:30:01 AM AST,569
20-May-19 11:45:01 AM AST,579
20-May-19 12:00:01 PM AST,587
20-May-19 12:15:01 PM AST,588
20-May-19 12:30:01 PM AST,591
20-May-19 12:45:01 PM AST,589
20-May-19 1:00:01 PM AST,580
20-May-19 1:15:00 PM AST,574
20-May-19 1:30:01 PM AST,564
20-May-19 1:45:01 PM AST,552
20-May-19 2:00:01 PM AST,541
20-May-19 2:15:01 PM AST,525
20-May-19 2:30:01 PM AST,510
20-May-19 2:45:02 PM AST,485
20-May-19 3:00:01 PM AST,468
20-May-19 3:15:02 PM AST,435
20-May-19 3:30:02 PM AST,403
20-May-19 3:45:01 PM AST,370
20-May-19 4:00:01 PM AST,334
20-May-19 4:15:01 PM AST,310
20-May-19 4:30:02 PM AST,271
20-May-19 4:45:01 PM AST,246
20-May-19 5:00:01 PM AST,206
20-May-19 5:15:01 PM AST,166
20-May-19 5:30:01 PM AST,128
20-May-19 5:45:01 PM AST,91
20-May-19 6:00:01 PM AST,60
20-May-19 6:15:01 PM AST,30
20-May-19 6:30:01 PM AST,13
20-May-19 6:45:01 PM AST,0
20-May-19 7:00:02 PM AST,0
20-May-19 7:15:01 PM AST,0
20-May-19 7:30:02 PM AST,0
20-May-19 7:45:01 PM AST,0
20-May-19 8:00:01 PM AST,0
20-May-19 8:15:01 PM AST,0
20-May-19 8:30:01 PM AST,0
20-May-19 8:45:01 PM AST,0
20-May-19 9:00:02 PM AST,0
20-May-19 9:15:02 PM AST,0
20-May-19 9:30:01 PM AST,0
20-May-19 9:45:01 PM AST,0
20-May-19 10:00:01 PM AST,0
20-May-19 10:15:01 PM AST,0
20-May-19 10:30:01 PM AST,0
20-May-19 10:45:01 PM AST,0
20-May-19 11:00:02 PM AST,0
20-May-19 11:15:01 PM AST,0
20-May-19 11:30:01 PM AST,0
20-May-19 11:45:01 PM AST,0
21-May-19 12:00:02 AM AST,0
21-May-19 12:15:01 AM AST,0
21-May-19 12:30:02 AM AST,0
21-May-19 12:45:01 AM AST,0
21-May-19 1:00:02 AM AST,0
21-May-19 1:15:01 AM AST,0
21-May-19 1:30:01 AM AST,0
21-May-19 1:45:01 AM AST,0
21-May-19 2:00:01 AM AST,0
21-May-19 2:15:01 AM AST,0
21-May-19 2:30:01 AM AST,0
21-May-19 2:45:01 AM AST,0
21-May-19 3:00:02 AM AST,0
21-May-19 3:15:02 AM AST,0
21-May-19 3:30:01 AM AST,0
21-May-19 3:45:01 AM AST,0
21-May-19 4:00:01 AM AST,0
21-May-19 4:15:01 AM AST,0
21-May-19 4:30:01 AM AST,0
21-May-19 4:45:01 AM AST,0
21-May-19 5:00:02 AM AST,0
21-May-19 5:15:02 AM AST,0
21-May-19 5:30:01 AM AST,0
21-May-19 5:45:01 AM AST,0
21-May-19 6:00:01 AM AST,6
21-May-19 6:15:01 AM AST,15
21-May-19 6:30:02 AM AST,36
21-May-19 6:45:02 AM AST,60
21-May-19 7:00:01 AM AST,103
21-May-19 7:15:02 AM AST,132
21-May-19 7:30:01 AM AST,162
21-May-19 7:45:02 AM AST,201
21-May-19 8:00:01 AM AST,237
21-May-19 8:15:01 AM AST,270
21-May-19 8:30:01 AM AST,293
21-May-19 8:45:01 AM AST,331
21-May-19 9:00:02 AM AST,359
21-May-19 9:15:02 AM AST,397
21-May-19 9:30:02 AM AST,424
21-May-19 9:45:01 AM AST,451
21-May-19 10:00:01 AM AST,480
21-May-19 10:15:01 AM AST,500
21-May-19 10:30:01 AM AST,525
21-May-19 10:45:01 AM AST,539
21-May-19 11:00:01 AM AST,553
21-May-19 11:15:01 AM AST,558
21-May-19 11:30:01 AM AST,573
21-May-19 11:45:01 AM AST,583
21-May-19 12:00:01 PM AST,589
21-May-19 12:15:01 PM AST,593
21-May-19 12:30:01 PM AST,594
21-May-19 12:45:01 PM AST,591
21-May-19 1:00:01 PM AST,584
21-May-19 1:15:02 PM AST,574
21-May-19 1:30:02 PM AST,568
21-May-19 1:45:01 PM AST,555
21-May-19 2:00:01 PM AST,545
21-May-19 2:15:01 PM AST,526
21-May-19 2:30:01 PM AST,507
21-May-19 2:45:01 PM AST,486
21-May-19 3:00:01 PM AST,462
21-May-19 3:15:01 PM AST,439
21-May-19 3:30:01 PM AST,405
21-May-19 3:45:01 PM AST,382
21-May-19 4:00:01 PM AST,346
21-May-19 4:15:01 PM AST,312
21-May-19 4:30:03 PM AST,272
21-May-19 4:45:02 PM AST,233
21-May-19 5:00:01 PM AST,196
21-May-19 5:15:02 PM AST,154
21-May-19 5:30:01 PM AST,118
21-May-19 5:45:02 PM AST,90
21-May-19 6:00:01 PM AST,58
21-May-19 6:15:01 PM AST,40
21-May-19 6:30:01 PM AST,15
21-May-19 6:45:01 PM AST,0
21-May-19 7:00:01 PM AST,0
21-May-19 7:15:01 PM AST,0
21-May-19 7:30:01 PM AST,0
21-May-19 7:45:01 PM AST,0
21-May-19 8:00:02 PM AST,0
21-May-19 8:15:01 PM AST,0
21-May-19 8:30:01 PM AST,0
21-May-19 8:45:01 PM AST,0
21-May-19 9:00:01 PM AST,0
21-May-19 9:15:01 PM AST,0
21-May-19 9:30:01 PM AST,0
21-May-19 9:45:01 PM AST,0
21-May-19 10:00:01 PM AST,0
21-May-19 10:15:01 PM AST,0
21-May-19 10:30:01 PM AST,0
21-May-19 10:45:02 PM AST,0
21-May-19 11:00:02 PM AST,0
21-May-19 11:15:01 PM AST,0
21-May-19 11:30:03 PM AST,0
21-May-19 11:45:02 PM AST,0
22-May-19 12:00:02 AM AST,0
22-May-19 12:15:01 AM AST,0
22-May-19 12:30:01 AM AST,0
22-May-19 12:45:01 AM AST,0
22-May-19 1:00:01 AM AST,0
22-May-19 1:15:01 AM AST,0
22-May-19 1:30:01 AM AST,0
22-May-19 1:45:01 AM AST,0
22-May-19 2:00:02 AM AST,0
22-May-19 2:15:01 AM AST,0
22-May-19 2:30:02 AM AST,0
22-May-19 2:45:02 AM AST,0
22-May-19 3:00:01 AM AST,0
22-May-19 3:15:02 AM AST,0
22-May-19 3:30:02 AM AST,0
22-May-19 3:45:01 AM AST,0
22-May-19 4:00:01 AM AST,0
22-May-19 4:15:01 AM AST,0
22-May-19 4:30:01 AM AST,0
22-May-19 4:45:02 AM AST,0
22-May-19 5:00:01 AM AST,0
22-May-19 5:15:02 AM AST,0
22-May-19 5:30:02 AM AST,0
22-May-19 5:45:01 AM AST,5
22-May-19 6:00:01 AM AST,3
22-May-19 6:15:01 AM AST,21
22-May-19 6:30:02 AM AST,46
22-May-19 6:45:01 AM AST,72
22-May-19 7:00:02 AM AST,104
22-May-19 7:15:01 AM AST,130
22-May-19 7:30:02 AM AST,159
22-May-19 7:45:01 AM AST,195
22-May-19 8:00:01 AM AST,224
22-May-19 8:15:01 AM AST,246
22-May-19 8:30:01 AM AST,291
22-May-19 8:45:01 AM AST,324
22-May-19 9:00:01 AM AST,325
22-May-19 9:15:02 AM AST,393
22-May-19 9:30:01 AM AST,424
22-May-19 9:45:01 AM AST,449
22-May-19 10:00:01 AM AST,476
22-May-19 10:15:02 AM AST,494
22-May-19 10:30:02 AM AST,513
22-May-19 10:45:01 AM AST,530
22-May-19 11:00:02 AM AST,546
22-May-19 11:15:01 AM AST,562
22-May-19 11:30:01 AM AST,569
22-May-19 11:45:01 AM AST,575
22-May-19 12:00:01 PM AST,579
22-May-19 12:15:01 PM AST,589
22-May-19 12:30:01 PM AST,586
22-May-19 12:45:01 PM AST,580
22-May-19 1:00:01 PM AST,579
22-May-19 1:15:01 PM AST,569
22-May-19 1:30:01 PM AST,561
22-May-19 1:45:01 PM AST,549
22-May-19 2:00:01 PM AST,530
22-May-19 2:15:01 PM AST,518
22-May-19 2:30:01 PM AST,502
22-May-19 2:45:01 PM AST,487
22-May-19 3:00:02 PM AST,459
22-May-19 3:15:01 PM AST,429
22-May-19 3:30:01 PM AST,398
22-May-19 3:45:01 PM AST,363
22-May-19 4:00:02 PM AST,328
22-May-19 4:15:01 PM AST,301
22-May-19 4:30:01 PM AST,254
22-May-19 4:45:02 PM AST,223
22-May-19 5:00:02 PM AST,185
22-May-19 5:15:02 PM AST,160
22-May-19 5:30:02 PM AST,123
22-May-19 5:45:02 PM AST,113
22-May-19 6:00:01 PM AST,39
22-May-19 6:15:01 PM AST,16
22-May-19 6:30:01 PM AST,16
22-May-19 6:45:01 PM AST,0
22-May-19 7:00:01 PM AST,1
22-May-19 7:15:01 PM AST,0
22-May-19 7:30:01 PM AST,0
22-May-19 7:45:01 PM AST,0
22-May-19 8:00:01 PM AST,0
22-May-19 8:15:02 PM AST,0
22-May-19 8:30:01 PM AST,0
22-May-19 8:45:01 PM AST,0
22-May-19 9:00:01 PM AST,0
22-May-19 9:15:01 PM AST,0
22-May-19 9:30:01 PM AST,0
22-May-19 9:45:02 PM AST,0
22-May-19 10:00:02 PM AST,0
22-May-19 10:15:01 PM AST,0
22-May-19 10:30:01 PM AST,0
22-May-19 10:45:01 PM AST,0
22-May-19 11:00:01 PM AST,0
22-May-19 11:15:02 PM AST,0
22-May-19 11:30:01 PM AST,0
22-May-19 11:45:02 PM AST,0
23-May-19 12:00:01 AM AST,0
23-May-19 12:15:02 AM AST,0
23-May-19 12:30:02 AM AST,0
23-May-19 12:45:01 AM AST,0
23-May-19 1:00:01 AM AST,0
23-May-19 1:15:01 AM AST,0
23-May-19 1:30:01 AM AST,0
23-May-19 1:45:01 AM AST,0
23-May-19 2:00:01 AM AST,0
23-May-19 2:15:02 AM AST,0
23-May-19 2:30:01 AM AST,0
23-May-19 2:45:01 AM AST,0
23-May-19 3:00:02 AM AST,0
23-May-19 3:15:02 AM AST,0
23-May-19 3:30:01 AM AST,0
23-May-19 3:45:01 AM AST,0
23-May-19 4:00:02 AM AST,0
23-May-19 4:15:02 AM AST,0
23-May-19 4:30:02 AM AST,0
23-May-19 4:45:01 AM AST,0
23-May-19 5:00:01 AM AST,0
23-May-19 5:15:02 AM AST,0
23-May-19 5:30:02 AM AST,0
23-May-19 5:45:01 AM AST,0
23-May-19 6:00:01 AM AST,8
23-May-19 6:15:01 AM AST,29
23-May-19 6:30:02 AM AST,50
23-May-19 6:45:03 AM AST,78
23-May-19 7:00:01 AM AST,97
23-May-19 7:15:02 AM AST,124
23-May-19 7:30:02 AM AST,156
23-May-19 7:45:02 AM AST,187
23-May-19 8:00:02 AM AST,215
23-May-19 8:15:03 AM AST,250
23-May-19 8:30:02 AM AST,271
23-May-19 8:45:01 AM AST,300
23-May-19 9:00:02 AM AST,342
23-May-19 9:15:01 AM AST,339
23-May-19 9:30:01 AM AST,393
23-May-19 9:45:01 AM AST,418
23-May-19 10:00:01 AM AST,456
23-May-19 10:15:01 AM AST,477
23-May-19 10:30:01 AM AST,504
23-May-19 10:45:01 AM AST,523
23-May-19 11:00:01 AM AST,532
23-May-19 11:15:01 AM AST,550
23-May-19 11:30:02 AM AST,557
23-May-19 11:45:01 AM AST,571
23-May-19 12:00:01 PM AST,572
23-May-19 12:15:01 PM AST,576
23-May-19 12:30:01 PM AST,574
23-May-19 12:45:02 PM AST,580
23-May-19 1:00:01 PM AST,570
23-May-19 1:15:01 PM AST,557
23-May-19 1:30:02 PM AST,554
23-May-19 1:45:01 PM AST,542
23-May-19 2:00:01 PM AST,532
23-May-19 2:15:01 PM AST,511
23-May-19 2:30:02 PM AST,492
23-May-19 2:45:02 PM AST,486
23-May-19 3:00:01 PM AST,482
23-May-19 3:15:02 PM AST,366
23-May-19 3:30:01 PM AST,461
23-May-19 3:45:01 PM AST,258
23-May-19 4:00:01 PM AST,381
23-May-19 4:15:01 PM AST,329
23-May-19 4:30:01 PM AST,300
23-May-19 4:45:01 PM AST,108
23-May-19 5:00:02 PM AST,183
23-May-19 5:15:02 PM AST,153
23-May-19 5:30:01 PM AST,134
23-May-19 5:45:01 PM AST,75
23-May-19 6:00:01 PM AST,57
23-May-19 6:15:01 PM AST,37
23-May-19 6:30:01 PM AST,18
23-May-19 6:45:01 PM AST,0
23-May-19 7:00:01 PM AST,2
23-May-19 7:15:01 PM AST,0
23-May-19 7:30:01 PM AST,0
23-May-19 7:45:01 PM AST,0
23-May-19 8:00:01 PM AST,0
23-May-19 8:15:02 PM AST,0
23-May-19 8:30:01 PM AST,0
23-May-19 8:45:01 PM AST,0
23-May-19 9:00:01 PM AST,0
23-May-19 9:15:01 PM AST,0
23-May-19 9:30:01 PM AST,0
23-May-19 9:45:01 PM AST,0
23-May-19 10:00:01 PM AST,0
23-May-19 10:15:01 PM AST,0
23-May-19 10:30:01 PM AST,0
23-May-19 10:45:01 PM AST,0
23-May-19 11:00:01 PM AST,0
23-May-19 11:15:01 PM AST,0
23-May-19 11:30:02 PM AST,0
23-May-19 11:45:01 PM AST,0
24-May-19 12:00:01 AM AST,0
24-May-19 12:15:02 AM AST,0
24-May-19 12:30:01 AM AST,0
24-May-19 12:45:01 AM AST,0
24-May-19 1:00:01 AM AST,0
24-May-19 1:15:02 AM AST,0
24-May-19 1:30:01 AM AST,0
24-May-19 1:45:01 AM AST,0
24-May-19 2:00:01 AM AST,0
24-May-19 2:15:01 AM AST,0
24-May-19 2:30:01 AM AST,0
24-May-19 2:45:01 AM AST,0
24-May-19 3:00:01 AM AST,0
24-May-19 3:15:02 AM AST,0
24-May-19 3:30:01 AM AST,0
24-May-19 3:45:01 AM AST,0
24-May-19 4:00:02 AM AST,0
24-May-19 4:15:01 AM AST,0
24-May-19 4:30:01 AM AST,0
24-May-19 4:45:01 AM AST,0
24-May-19 5:00:01 AM AST,0
24-May-19 5:15:01 AM AST,0
24-May-19 5:30:01 AM AST,0
24-May-19 5:45:01 AM AST,2
24-May-19 6:00:02 AM AST,4
24-May-19 6:15:02 AM AST,19
24-May-19 6:30:02 AM AST,46
24-May-19 6:45:02 AM AST,74
24-May-19 7:00:02 AM AST,101
24-May-19 7:15:02 AM AST,133
24-May-19 7:30:02 AM AST,170
24-May-19 7:45:02 AM AST,200
24-May-19 8:00:02 AM AST,230
24-May-19 8:15:02 AM AST,260
24-May-19 8:30:02 AM AST,288
24-May-19 8:45:02 AM AST,331
24-May-19 9:00:02 AM AST,367
24-May-19 9:15:02 AM AST,394
24-May-19 9:30:01 AM AST,429
24-May-19 9:45:01 AM AST,452
24-May-19 10:00:01 AM AST,482
24-May-19 10:15:01 AM AST,497
24-May-19 10:30:01 AM AST,517
24-May-19 10:45:01 AM AST,531
24-May-19 11:00:01 AM AST,543
24-May-19 11:15:01 AM AST,556
24-May-19 11:30:02 AM AST,560
24-May-19 11:45:02 AM AST,574
24-May-19 12:00:01 PM AST,582
24-May-19 12:15:01 PM AST,577
24-May-19 12:30:01 PM AST,578
24-May-19 12:45:01 PM AST,579
24-May-19 1:00:02 PM AST,576
24-May-19 1:15:01 PM AST,563
24-May-19 1:30:02 PM AST,556
24-May-19 1:45:01 PM AST,557
24-May-19 2:00:01 PM AST,533
24-May-19 2:15:01 PM AST,512
24-May-19 2:30:01 PM AST,494
24-May-19 2:45:01 PM AST,470
24-May-19 3:00:01 PM AST,436
24-May-19 3:15:01 PM AST,423
24-May-19 3:30:01 PM AST,392
24-May-19 3:45:02 PM AST,362
24-May-19 4:00:02 PM AST,328
24-May-19 4:15:02 PM AST,292
24-May-19 4:30:02 PM AST,252
24-May-19 4:45:01 PM AST,215
24-May-19 5:00:01 PM AST,182
24-May-19 5:15:01 PM AST,151
24-May-19 5:30:02 PM AST,125
24-May-19 5:45:01 PM AST,90
24-May-19 6:00:01 PM AST,60
24-May-19 6:15:02 PM AST,35
24-May-19 6:30:01 PM AST,9
24-May-19 6:45:02 PM AST,0
24-May-19 7:00:01 PM AST,0
24-May-19 7:15:01 PM AST,0
24-May-19 7:30:02 PM AST,0
24-May-19 7:45:02 PM AST,0
24-May-19 8:00:01 PM AST,0
24-May-19 8:15:01 PM AST,0
24-May-19 8:30:01 PM AST,0
24-May-19 8:45:01 PM AST,0
24-May-19 9:00:01 PM AST,0
24-May-19 9:15:01 PM AST,0
24-May-19 9:30:01 PM AST,0
24-May-19 9:45:02 PM AST,0
24-May-19 10:00:01 PM AST,0
24-May-19 10:15:02 PM AST,0
24-May-19 10:30:02 PM AST,0
24-May-19 10:45:01 PM AST,0
24-May-19 11:00:01 PM AST,0
24-May-19 11:15:01 PM AST,0
24-May-19 11:30:01 PM AST,0
24-May-19 11:45:02 PM AST,0
25-May-19 12:00:01 AM AST,0
25-May-19 12:15:01 AM AST,0
25-May-19 12:30:01 AM AST,0
25-May-19 12:45:01 AM AST,0
25-May-19 1:00:01 AM AST,0
25-May-19 1:15:01 AM AST,0
25-May-19 1:30:01 AM AST,0
25-May-19 1:45:01 AM AST,0
25-May-19 2:00:01 AM AST,0
25-May-19 2:15:01 AM AST,0
25-May-19 2:30:01 AM AST,0
25-May-19 2:45:02 AM AST,0
25-May-19 3:00:02 AM AST,0
25-May-19 3:15:02 AM AST,0
25-May-19 3:30:02 AM AST,0
25-May-19 3:45:02 AM AST,0
25-May-19 4:00:02 AM AST,0
25-May-19 4:15:02 AM AST,0
25-May-19 4:30:02 AM AST,0
25-May-19 4:45:02 AM AST,0
25-May-19 5:00:02 AM AST,0
25-May-19 5:15:02 AM AST,0
25-May-19 5:30:03 AM AST,0
25-May-19 5:45:02 AM AST,3
25-May-19 6:00:01 AM AST,14
25-May-19 6:15:02 AM AST,34
25-May-19 6:30:01 AM AST,54
25-May-19 6:45:01 AM AST,79
25-May-19 7:00:02 AM AST,98
25-May-19 7:15:02 AM AST,132
25-May-19 7:30:02 AM AST,155
25-May-19 7:45:02 AM AST,190
25-May-19 8:00:02 AM AST,224
25-May-19 8:15:01 AM AST,255
25-May-19 8:30:01 AM AST,283
25-May-19 8:45:01 AM AST,330
25-May-19 9:00:01 AM AST,366
25-May-19 9:15:01 AM AST,404
25-May-19 9:30:01 AM AST,269
25-May-19 9:45:01 AM AST,236
25-May-19 10:00:02 AM AST,211
25-May-19 10:15:01 AM AST,344
25-May-19 10:30:01 AM AST,300
25-May-19 10:45:01 AM AST,455
25-May-19 11:00:02 AM AST,516
25-May-19 11:15:02 AM AST,661
25-May-19 11:30:02 AM AST,431
25-May-19 11:45:02 AM AST,350
25-May-19 12:00:02 PM AST,412
25-May-19 12:15:01 PM AST,296
25-May-19 12:30:02 PM AST,339
25-May-19 12:45:01 PM AST,240
25-May-19 1:00:01 PM AST,192
25-May-19 1:15:01 PM AST,171
25-May-19 1:30:01 PM AST,167
25-May-19 1:45:01 PM AST,194
25-May-19 2:00:02 PM AST,333
25-May-19 2:15:01 PM AST,567
25-May-19 2:30:01 PM AST,534
25-May-19 2:45:02 PM AST,493
25-May-19 3:00:01 PM AST,432
25-May-19 3:15:01 PM AST,423
25-May-19 3:30:01 PM AST,391
25-May-19 3:45:01 PM AST,361
25-May-19 4:00:01 PM AST,329
25-May-19 4:15:02 PM AST,297
25-May-19 4:30:01 PM AST,263
25-May-19 4:45:01 PM AST,217
25-May-19 5:00:01 PM AST,190
25-May-19 5:15:01 PM AST,149
25-May-19 5:30:01 PM AST,127
25-May-19 5:45:01 PM AST,81
25-May-19 6:00:01 PM AST,38
25-May-19 6:15:02 PM AST,17
25-May-19 6:30:01 PM AST,2
25-May-19 6:45:01 PM AST,0
25-May-19 7:00:01 PM AST,3
25-May-19 7:15:01 PM AST,0
25-May-19 7:30:02 PM AST,0
25-May-19 7:45:01 PM AST,0
25-May-19 8:00:01 PM AST,0
25-May-19 8:15:01 PM AST,0
25-May-19 8:30:01 PM AST,0
25-May-19 8:45:01 PM AST,0
25-May-19 9:00:01 PM AST,0
25-May-19 9:15:01 PM AST,0
25-May-19 9:30:01 PM AST,0
25-May-19 9:45:01 PM AST,0
25-May-19 10:00:01 PM AST,0
25-May-19 10:15:02 PM AST,0
25-May-19 10:30:01 PM AST,0
25-May-19 10:45:01 PM AST,0
25-May-19 11:00:01 PM AST,0
25-May-19 11:15:01 PM AST,0
25-May-19 11:30:01 PM AST,0
25-May-19 11:45:01 PM AST,0
26-May-19 12:00:01 AM AST,0
26-May-19 12:15:01 AM AST,0
26-May-19 12:30:02 AM AST,0
26-May-19 12:45:01 AM AST,0
26-May-19 1:00:01 AM AST,0
26-May-19 1:15:02 AM AST,0
26-May-19 1:30:01 AM AST,0
26-May-19 1:45:02 AM AST,0
26-May-19 2:00:01 AM AST,0
26-May-19 2:15:01 AM AST,0
26-May-19 2:30:01 AM AST,0
26-May-19 2:45:02 AM AST,0
26-May-19 3:00:01 AM AST,0
26-May-19 3:15:01 AM AST,0
26-May-19 3:30:01 AM AST,0
26-May-19 3:45:01 AM AST,0
26-May-19 4:00:02 AM AST,0
26-May-19 4:15:01 AM AST,0
26-May-19 4:30:01 AM AST,0
26-May-19 4:45:02 AM AST,0
26-May-19 5:00:02 AM AST,0
26-May-19 5:15:01 AM AST,0
26-May-19 5:30:01 AM AST,0
26-May-19 5:45:02 AM AST,0
26-May-19 6:00:01 AM AST,4
26-May-19 6:15:01 AM AST,15
26-May-19 6:30:01 AM AST,44
26-May-19 6:45:01 AM AST,70
26-May-19 7:00:01 AM AST,98
26-May-19 7:15:01 AM AST,128
26-May-19 7:30:01 AM AST,165
26-May-19 7:45:01 AM AST,197
26-May-19 8:00:01 AM AST,230
26-May-19 8:15:01 AM AST,258
26-May-19 8:30:01 AM AST,294
26-May-19 8:45:02 AM AST,316
26-May-19 9:00:02 AM AST,334
26-May-19 9:15:01 AM AST,367
26-May-19 9:30:01 AM AST,394
26-May-19 9:45:01 AM AST,419
26-May-19 10:00:01 AM AST,443
26-May-19 10:15:02 AM AST,468
26-May-19 10:30:01 AM AST,485
26-May-19 10:45:02 AM AST,500
26-May-19 11:00:02 AM AST,510
26-May-19 11:15:02 AM AST,524
26-May-19 11:30:02 AM AST,538
26-May-19 11:45:01 AM AST,536
26-May-19 12:00:01 PM AST,542
26-May-19 12:15:02 PM AST,547
26-May-19 12:30:01 PM AST,543
26-May-19 12:45:01 PM AST,541
26-May-19 1:00:02 PM AST,537
26-May-19 1:15:02 PM AST,529
26-May-19 1:30:02 PM AST,516
26-May-19 1:45:00 PM AST,536
26-May-19 2:00:01 PM AST,536
26-May-19 2:15:01 PM AST,536
26-May-19 2:30:01 PM AST,536
26-May-19 2:45:01 PM AST,536
26-May-19 3:00:01 PM AST,536
26-May-19 3:15:02 PM AST,536
26-May-19 3:30:01 PM AST,380
26-May-19 3:45:01 PM AST,353
26-May-19 4:00:01 PM AST,317
26-May-19 4:15:01 PM AST,281
26-May-19 4:30:01 PM AST,248
26-May-19 4:45:01 PM AST,213
26-May-19 5:00:02 PM AST,175
26-May-19 5:15:02 PM AST,147
26-May-19 5:30:01 PM AST,111
26-May-19 5:45:01 PM AST,90
26-May-19 6:00:01 PM AST,61
26-May-19 6:15:01 PM AST,34
26-May-19 6:30:01 PM AST,11
26-May-19 6:45:01 PM AST,0
26-May-19 7:00:01 PM AST,0
26-May-19 7:15:01 PM AST,0
26-May-19 7:30:01 PM AST,0
26-May-19 7:45:01 PM AST,0
26-May-19 8:00:01 PM AST,0
26-May-19 8:15:01 PM AST,0
26-May-19 8:30:01 PM AST,0
26-May-19 8:45:01 PM AST,0
26-May-19 9:00:01 PM AST,0
26-May-19 9:15:01 PM AST,0
26-May-19 9:30:03 PM AST,0
26-May-19 9:45:01 PM AST,0
26-May-19 10:00:01 PM AST,0
26-May-19 10:15:01 PM AST,0
26-May-19 10:30:01 PM AST,0
26-May-19 10:45:01 PM AST,0
26-May-19 11:00:01 PM AST,0
26-May-19 11:15:01 PM AST,0
26-May-19 11:30:01 PM AST,0
26-May-19 11:45:01 PM AST,0
27-May-19 12:00:01 AM AST,0
27-May-19 12:15:01 AM AST,0
27-May-19 12:30:01 AM AST,0
27-May-19 12:45:01 AM AST,0
27-May-19 1:00:01 AM AST,0
27-May-19 1:15:01 AM AST,0
27-May-19 1:30:01 AM AST,0
27-May-19 1:45:01 AM AST,0
27-May-19 2:00:01 AM AST,0
27-May-19 2:15:01 AM AST,0
27-May-19 2:30:01 AM AST,0
27-May-19 2:45:01 AM AST,0
27-May-19 3:00:01 AM AST,0
27-May-19 3:15:01 AM AST,0
27-May-19 3:30:01 AM AST,0
27-May-19 3:45:02 AM AST,0
27-May-19 4:00:03 AM AST,0
27-May-19 4:15:01 AM AST,0
27-May-19 4:30:02 AM AST,0
27-May-19 4:45:01 AM AST,0
27-May-19 5:00:01 AM AST,0
27-May-19 5:15:01 AM AST,0
27-May-19 5:30:01 AM AST,0
27-May-19 5:45:01 AM AST,2
27-May-19 6:00:01 AM AST,5
27-May-19 6:15:01 AM AST,24
27-May-19 6:30:01 AM AST,51
27-May-19 6:45:01 AM AST,72
27-May-19 7:00:01 AM AST,100
27-May-19 7:15:01 AM AST,120
27-May-19 7:30:01 AM AST,148
27-May-19 7:45:01 AM AST,174
27-May-19 8:00:01 AM AST,205
27-May-19 8:15:01 AM AST,232
27-May-19 8:30:02 AM AST,262
27-May-19 8:45:01 AM AST,297
27-May-19 9:00:01 AM AST,319
27-May-19 9:15:01 AM AST,348
27-May-19 9:30:01 AM AST,366
27-May-19 9:45:01 AM AST,391
27-May-19 10:00:01 AM AST,422
27-May-19 10:15:01 AM AST,444
27-May-19 10:30:02 AM AST,463
27-May-19 10:45:01 AM AST,484
27-May-19 11:00:02 AM AST,497
27-May-19 11:15:01 AM AST,508
27-May-19 11:30:01 AM AST,519
27-May-19 11:45:01 AM AST,526
27-May-19 12:00:01 PM AST,528
27-May-19 12:15:01 PM AST,528
27-May-19 12:30:02 PM AST,535
27-May-19 12:45:01 PM AST,535
27-May-19 1:00:01 PM AST,534
27-May-19 1:15:02 PM AST,518
27-May-19 1:30:01 PM AST,518
27-May-19 1:45:02 PM AST,507
27-May-19 2:00:01 PM AST,503
27-May-19 2:15:01 PM AST,486
27-May-19 2:30:01 PM AST,466
27-May-19 2:45:01 PM AST,442
27-May-19 3:00:02 PM AST,419
27-May-19 3:15:01 PM AST,391
27-May-19 3:30:01 PM AST,361
27-May-19 3:45:01 PM AST,338
27-May-19 4:00:01 PM AST,308
27-May-19 4:15:02 PM AST,278
27-May-19 4:30:01 PM AST,249
27-May-19 4:45:01 PM AST,215
27-May-19 5:00:01 PM AST,175
27-May-19 5:15:01 PM AST,143
27-May-19 5:30:01 PM AST,106
27-May-19 5:45:01 PM AST,76
27-May-19 6:00:01 PM AST,52
27-May-19 6:15:01 PM AST,30
27-May-19 6:30:01 PM AST,14
27-May-19 6:45:02 PM AST,0
27-May-19 7:00:01 PM AST,0
27-May-19 7:15:02 PM AST,0
27-May-19 7:30:01 PM AST,0
27-May-19 7:45:01 PM AST,0
27-May-19 8:00:02 PM AST,0
27-May-19 8:15:01 PM AST,0
27-May-19 8:30:01 PM AST,0
27-May-19 8:45:01 PM AST,0
27-May-19 9:00:02 PM AST,0
27-May-19 9:15:01 PM AST,0
27-May-19 9:30:01 PM AST,0
27-May-19 9:45:01 PM AST,0
27-May-19 10:00:01 PM AST,0
27-May-19 10:15:01 PM AST,0
27-May-19 10:30:01 PM AST,0
27-May-19 10:45:01 PM AST,0
27-May-19 11:00:02 PM AST,0
27-May-19 11:15:01 PM AST,0
27-May-19 11:30:01 PM AST,0
27-May-19 11:45:01 PM AST,0
28-May-19 12:00:02 AM AST,0
28-May-19 12:15:01 AM AST,0
28-May-19 12:30:01 AM AST,0
28-May-19 12:45:01 AM AST,0
28-May-19 1:00:01 AM AST,0
28-May-19 1:15:01 AM AST,0
28-May-19 1:30:01 AM AST,0
28-May-19 1:45:01 AM AST,0
28-May-19 2:00:01 AM AST,0
28-May-19 2:15:01 AM AST,0
28-May-19 2:30:01 AM AST,0
28-May-19 2:45:01 AM AST,0
28-May-19 3:00:01 AM AST,0
28-May-19 3:15:02 AM AST,0
28-May-19 3:30:01 AM AST,0
28-May-19 3:45:01 AM AST,0
28-May-19 4:00:01 AM AST,0
28-May-19 4:15:01 AM AST,0
28-May-19 4:30:01 AM AST,0
28-May-19 4:45:01 AM AST,0
28-May-19 5:00:02 AM AST,0
28-May-19 5:15:01 AM AST,0
28-May-19 5:30:01 AM AST,0
28-May-19 5:45:01 AM AST,0
28-May-19 6:00:01 AM AST,3
28-May-19 6:15:01 AM AST,25
28-May-19 6:30:01 AM AST,59
28-May-19 6:45:01 AM AST,87
28-May-19 7:00:01 AM AST,118
28-May-19 7:15:01 AM AST,93
28-May-19 7:30:01 AM AST,147
28-May-19 7:45:01 AM AST,147
28-May-19 8:00:01 AM AST,104
28-May-19 8:15:01 AM AST,208
28-May-19 8:30:01 AM AST,143
28-May-19 8:45:01 AM AST,264
28-May-19 9:00:01 AM AST,307
28-May-19 9:15:01 AM AST,333
28-May-19 9:30:01 AM AST,354
28-May-19 9:45:01 AM AST,380
28-May-19 10:00:01 AM AST,404
28-May-19 10:15:01 AM AST,423
28-May-19 10:30:01 AM AST,439
28-May-19 10:45:01 AM AST,463
28-May-19 11:00:01 AM AST,478
28-May-19 11:15:01 AM AST,490
28-May-19 11:30:02 AM AST,502
28-May-19 11:45:01 AM AST,514
28-May-19 12:00:01 PM AST,509
28-May-19 12:15:01 PM AST,514
28-May-19 12:30:01 PM AST,521
28-May-19 12:45:02 PM AST,522
28-May-19 1:00:01 PM AST,523
28-May-19 1:15:01 PM AST,511
28-May-19 1:30:01 PM AST,510
28-May-19 1:45:02 PM AST,506
28-May-19 2:00:01 PM AST,492
28-May-19 2:15:01 PM AST,478
28-May-19 2:30:02 PM AST,457
28-May-19 2:45:01 PM AST,447
28-May-19 3:00:01 PM AST,420
28-May-19 3:15:01 PM AST,399
28-May-19 3:30:02 PM AST,370
28-May-19 3:45:01 PM AST,338
28-May-19 4:00:01 PM AST,312
28-May-19 4:15:01 PM AST,279
28-May-19 4:30:01 PM AST,252
28-May-19 4:45:01 PM AST,216
28-May-19 5:00:01 PM AST,190
28-May-19 5:15:01 PM AST,158
28-May-19 5:30:01 PM AST,121
28-May-19 5:45:01 PM AST,86
28-May-19 6:00:02 PM AST,60
28-May-19 6:15:01 PM AST,33
28-May-19 6:30:01 PM AST,11
28-May-19 6:45:02 PM AST,0
28-May-19 7:00:02 PM AST,0
28-May-19 7:15:02 PM AST,0
28-May-19 7:30:01 PM AST,0
28-May-19 7:45:02 PM AST,0
28-May-19 8:00:01 PM AST,0
28-May-19 8:15:01 PM AST,0
28-May-19 8:30:01 PM AST,0
28-May-19 8:45:01 PM AST,0
28-May-19 9:00:01 PM AST,0
28-May-19 9:15:01 PM AST,0
28-May-19 9:30:01 PM AST,0
28-May-19 9:45:01 PM AST,0
28-May-19 10:00:01 PM AST,0
28-May-19 10:15:01 PM AST,0
28-May-19 10:30:01 PM AST,0
28-May-19 10:45:01 PM AST,0
28-May-19 11:00:01 PM AST,0
28-May-19 11:15:02 PM AST,0
28-May-19 11:30:01 PM AST,0
28-May-19 11:45:01 PM AST,0
29-May-19 12:00:01 AM AST,0
29-May-19 12:15:01 AM AST,0
29-May-19 12:30:01 AM AST,0
29-May-19 12:45:01 AM AST,0
29-May-19 1:00:02 AM AST,0
29-May-19 1:15:01 AM AST,0
29-May-19 1:30:01 AM AST,0
29-May-19 1:45:01 AM AST,0
29-May-19 2:00:01 AM AST,0
29-May-19 2:15:02 AM AST,0
29-May-19 2:30:01 AM AST,0
29-May-19 2:45:01 AM AST,0
29-May-19 3:00:01 AM AST,0
29-May-19 3:15:01 AM AST,0
29-May-19 3:30:01 AM AST,0
29-May-19 3:45:01 AM AST,0
29-May-19 4:00:02 AM AST,0
29-May-19 4:15:01 AM AST,0
29-May-19 4:30:01 AM AST,0
29-May-19 4:45:01 AM AST,0
29-May-19 5:00:01 AM AST,0
29-May-19 5:15:01 AM AST,0
29-May-19 5:30:01 AM AST,0
29-May-19 5:45:01 AM AST,3
29-May-19 6:00:01 AM AST,0
29-May-19 6:15:02 AM AST,0
29-May-19 6:30:01 AM AST,6
29-May-19 6:45:01 AM AST,43
29-May-19 7:00:02 AM AST,91
29-May-19 7:15:01 AM AST,115
29-May-19 7:30:01 AM AST,140
29-May-19 7:45:01 AM AST,170
29-May-19 8:00:01 AM AST,194
29-May-19 8:15:01 AM AST,223
29-May-19 8:30:01 AM AST,246
29-May-19 8:45:01 AM AST,276
29-May-19 9:00:01 AM AST,303
29-May-19 9:15:01 AM AST,331
29-May-19 9:30:02 AM AST,354
29-May-19 9:45:01 AM AST,377
29-May-19 10:00:02 AM AST,402
29-May-19 10:15:01 AM AST,422
29-May-19 10:30:01 AM AST,443
29-May-19 10:45:01 AM AST,452
29-May-19 11:00:02 AM AST,463
29-May-19 11:15:01 AM AST,476
29-May-19 11:30:01 AM AST,492
29-May-19 11:45:01 AM AST,502
29-May-19 12:00:01 PM AST,508
29-May-19 12:15:01 PM AST,512
29-May-19 12:30:01 PM AST,519
29-May-19 12:45:01 PM AST,524
29-May-19 1:00:01 PM AST,519
29-May-19 1:15:01 PM AST,516
29-May-19 1:30:01 PM AST,508
29-May-19 1:45:01 PM AST,501
29-May-19 2:00:01 PM AST,487
29-May-19 2:15:01 PM AST,474
29-May-19 2:30:01 PM AST,457
29-May-19 2:45:01 PM AST,439
29-May-19 3:00:02 PM AST,415
29-May-19 3:15:01 PM AST,394
29-May-19 3:30:01 PM AST,366
29-May-19 3:45:01 PM AST,340
29-May-19 4:00:01 PM AST,306
29-May-19 4:15:01 PM AST,282
29-May-19 4:30:01 PM AST,245
29-May-19 4:45:01 PM AST,207
29-May-19 5:00:01 PM AST,173
29-May-19 5:15:02 PM AST,152
29-May-19 5:30:01 PM AST,86
29-May-19 5:45:01 PM AST,110
29-May-19 6:00:01 PM AST,91
29-May-19 6:15:01 PM AST,6
29-May-19 6:30:01 PM AST,11
29-May-19 6:45:01 PM AST,0
29-May-19 7:00:02 PM AST,0
29-May-19 7:15:01 PM AST,0
29-May-19 7:30:01 PM AST,0
29-May-19 7:45:01 PM AST,0
29-May-19 8:00:01 PM AST,0
29-May-19 8:15:01 PM AST,0
29-May-19 8:30:01 PM AST,0
29-May-19 8:45:01 PM AST,0
29-May-19 9:00:01 PM AST,0
29-May-19 9:15:01 PM AST,0
29-May-19 9:30:01 PM AST,0
29-May-19 9:45:02 PM AST,0
29-May-19 10:00:01 PM AST,0
29-May-19 10:15:01 PM AST,0
29-May-19 10:30:02 PM AST,0
29-May-19 10:45:02 PM AST,0
29-May-19 11:00:01 PM AST,0
29-May-19 11:15:01 PM AST,0
29-May-19 11:30:01 PM AST,0
29-May-19 11:45:01 PM AST,0
30-May-19 12:00:01 AM AST,0
30-May-19 12:15:01 AM AST,0
30-May-19 12:30:01 AM AST,0
30-May-19 12:45:01 AM AST,0
30-May-19 1:00:01 AM AST,0
30-May-19 1:15:01 AM AST,0
30-May-19 1:30:02 AM AST,0
30-May-19 1:45:01 AM AST,0
30-May-19 2:00:01 AM AST,0
30-May-19 2:15:01 AM AST,0
30-May-19 2:30:01 AM AST,0
30-May-19 2:45:01 AM AST,0
30-May-19 3:00:01 AM AST,0
30-May-19 3:15:01 AM AST,0
30-May-19 3:30:01 AM AST,0
30-May-19 3:45:02 AM AST,0
30-May-19 4:00:01 AM AST,0
30-May-19 4:15:01 AM AST,0
30-May-19 4:30:01 AM AST,0
30-May-19 4:45:01 AM AST,0
30-May-19 5:00:01 AM AST,0
30-May-19 5:15:01 AM AST,0
30-May-19 5:30:01 AM AST,0
30-May-19 5:45:01 AM AST,3
30-May-19 6:00:01 AM AST,0
30-May-19 6:15:01 AM AST,13
30-May-19 6:30:01 AM AST,45
30-May-19 6:45:01 AM AST,78
30-May-19 7:00:01 AM AST,94
30-May-19 7:15:01 AM AST,116
30-May-19 7:30:01 AM AST,142
30-May-19 7:45:01 AM AST,172
30-May-19 8:00:01 AM AST,202
30-May-19 8:15:01 AM AST,260
30-May-19 8:30:01 AM AST,320
30-May-19 8:45:01 AM AST,308
30-May-19 9:00:02 AM AST,182
30-May-19 9:15:02 AM AST,148
30-May-19 9:30:02 AM AST,293
30-May-19 9:45:01 AM AST,437
30-May-19 10:00:01 AM AST,411
30-May-19 10:15:01 AM AST,405
30-May-19 10:30:03 AM AST,441
30-May-19 10:45:01 AM AST,522
30-May-19 11:00:01 AM AST,516
30-May-19 11:15:02 AM AST,531
30-May-19 11:30:01 AM AST,546
30-May-19 11:45:01 AM AST,550
30-May-19 12:00:01 PM AST,558
30-May-19 12:15:01 PM AST,574
30-May-19 12:30:00 PM AST,412
30-May-19 12:45:01 PM AST,572
30-May-19 1:00:00 PM AST,554
30-May-19 1:15:01 PM AST,532
30-May-19 1:30:01 PM AST,548
30-May-19 1:45:01 PM AST,534
30-May-19 2:00:01 PM AST,528
30-May-19 2:15:01 PM AST,523
30-May-19 2:30:01 PM AST,504
30-May-19 2:45:01 PM AST,486
30-May-19 3:00:01 PM AST,399
30-May-19 3:15:01 PM AST,431
30-May-19 3:30:01 PM AST,207
30-May-19 3:45:01 PM AST,174
30-May-19 4:00:01 PM AST,159
30-May-19 4:15:01 PM AST,138
30-May-19 4:30:01 PM AST,127
30-May-19 4:45:03 PM AST,109
30-May-19 5:00:01 PM AST,45
30-May-19 5:15:01 PM AST,42
30-May-19 5:30:01 PM AST,51
30-May-19 5:45:01 PM AST,37
30-May-19 6:00:01 PM AST,24
30-May-19 6:15:01 PM AST,13
30-May-19 6:30:01 PM AST,3
30-May-19 6:45:01 PM AST,0
30-May-19 7:00:01 PM AST,0
30-May-19 7:15:01 PM AST,0
30-May-19 7:30:02 PM AST,0
30-May-19 7:45:01 PM AST,0
30-May-19 8:00:01 PM AST,0
30-May-19 8:15:01 PM AST,0
30-May-19 8:30:01 PM AST,0
30-May-19 8:45:02 PM AST,0
30-May-19 9:00:01 PM AST,0
30-May-19 9:15:02 PM AST,0
30-May-19 9:30:01 PM AST,0
30-May-19 9:45:01 PM AST,0
30-May-19 10:00:01 PM AST,0
30-May-19 10:15:01 PM AST,0
30-May-19 10:30:01 PM AST,0
30-May-19 10:45:01 PM AST,0
30-May-19 11:00:01 PM AST,0
30-May-19 11:15:01 PM AST,0
30-May-19 11:30:01 PM AST,0
30-May-19 11:45:01 PM AST,0
31-May-19 12:00:01 AM AST,0
31-May-19 12:15:01 AM AST,0
31-May-19 12:30:01 AM AST,0
31-May-19 12:45:01 AM AST,0
31-May-19 1:00:02 AM AST,0
31-May-19 1:15:02 AM AST,0
31-May-19 1:30:01 AM AST,0
31-May-19 1:45:01 AM AST,0
31-May-19 2:00:01 AM AST,0
31-May-19 2:15:01 AM AST,0
31-May-19 2:30:01 AM AST,0
31-May-19 2:45:01 AM AST,0
31-May-19 3:00:01 AM AST,0
31-May-19 3:15:02 AM AST,0
31-May-19 3:30:01 AM AST,0
31-May-19 3:45:01 AM AST,0
31-May-19 4:00:01 AM AST,0
31-May-19 4:15:01 AM AST,0
31-May-19 4:30:01 AM AST,0
31-May-19 4:45:01 AM AST,0
31-May-19 5:00:02 AM AST,0
31-May-19 5:15:01 AM AST,0
31-May-19 5:30:01 AM AST,0
31-May-19 5:45:02 AM AST,0
31-May-19 6:00:01 AM AST,1
31-May-19 6:15:01 AM AST,13
31-May-19 6:30:01 AM AST,33
31-May-19 6:45:01 AM AST,44
31-May-19 7:00:01 AM AST,76
31-May-19 7:15:01 AM AST,122
31-May-19 7:30:01 AM AST,143
31-May-19 7:45:01 AM AST,169
31-May-19 8:00:01 AM AST,192
31-May-19 8:15:01 AM AST,223
31-May-19 8:30:01 AM AST,248
31-May-19 8:45:02 AM AST,287
31-May-19 9:00:01 AM AST,330
31-May-19 9:15:01 AM AST,356
31-May-19 9:30:01 AM AST,361
31-May-19 9:45:01 AM AST,411
31-May-19 10:00:01 AM AST,421
31-May-19 10:15:01 AM AST,434
31-May-19 10:30:01 AM AST,450
31-May-19 10:45:01 AM AST,488
31-May-19 11:00:01 AM AST,499
31-May-19 11:15:01 AM AST,518
31-May-19 11:30:01 AM AST,515
31-May-19 11:45:01 AM AST,528
31-May-19 12:00:01 PM AST,537
31-May-19 12:15:01 PM AST,535
31-May-19 12:30:02 PM AST,545
31-May-19 12:45:01 PM AST,543
31-May-19 1:00:01 PM AST,546
31-May-19 1:15:02 PM AST,537
31-May-19 1:30:01 PM AST,527
31-May-19 1:45:01 PM AST,526
31-May-19 2:00:01 PM AST,514
31-May-19 2:15:01 PM AST,499
31-May-19 2:30:01 PM AST,407
31-May-19 2:45:01 PM AST,466
31-May-19 3:00:02 PM AST,417
31-May-19 3:15:01 PM AST,401
31-May-19 3:30:01 PM AST,376
31-May-19 3:45:01 PM AST,355
31-May-19 4:00:01 PM AST,420
31-May-19 4:15:01 PM AST,277
31-May-19 4:30:01 PM AST,260
31-May-19 4:45:01 PM AST,296
31-May-19 5:00:01 PM AST,60
31-May-19 5:15:01 PM AST,72
31-May-19 5:30:01 PM AST,99
31-May-19 5:45:01 PM AST,81
31-May-19 6:00:01 PM AST,66
31-May-19 6:15:01 PM AST,48
31-May-19 6:30:01 PM AST,41
31-May-19 6:45:01 PM AST,14
31-May-19 7:00:01 PM AST,0
31-May-19 7:15:01 PM AST,0
31-May-19 7:30:01 PM AST,0
31-May-19 7:45:01 PM AST,0
31-May-19 8:00:01 PM AST,0
31-May-19 8:15:01 PM AST,0
31-May-19 8:30:01 PM AST,0
31-May-19 8:45:02 PM AST,0
31-May-19 9:00:01 PM AST,0
31-May-19 9:15:01 PM AST,0
31-May-19 9:30:02 PM AST,0
31-May-19 9:45:01 PM AST,0
31-May-19 10:00:01 PM AST,0
31-May-19 10:15:01 PM AST,0
31-May-19 10:30:02 PM AST,0
31-May-19 10:45:01 PM AST,0
31-May-19 11:00:01 PM AST,0
31-May-19 11:15:01 PM AST,0
31-May-19 11:30:01 PM AST,0
31-May-19 11:45:01 PM AST,0
01-Jun-19 12:00:01 AM AST,0
01-Jun-19 12:15:01 AM AST,0
01-Jun-19 12:30:01 AM AST,0
01-Jun-19 12:45:01 AM AST,0
01-Jun-19 1:00:01 AM AST,0
01-Jun-19 1:15:01 AM AST,0
01-Jun-19 1:30:01 AM AST,0
01-Jun-19 1:45:02 AM AST,0
01-Jun-19 2:00:01 AM AST,0
01-Jun-19 2:15:01 AM AST,0
01-Jun-19 2:30:01 AM AST,0
01-Jun-19 2:45:01 AM AST,0
01-Jun-19 3:00:02 AM AST,0
01-Jun-19 3:15:01 AM AST,0
01-Jun-19 3:30:02 AM AST,0
01-Jun-19 3:45:02 AM AST,0
01-Jun-19 4:00:01 AM AST,0
01-Jun-19 4:15:01 AM AST,0
01-Jun-19 4:30:01 AM AST,0
01-Jun-19 4:45:01 AM AST,0
01-Jun-19 5:00:02 AM AST,0
01-Jun-19 5:15:01 AM AST,0
01-Jun-19 5:30:01 AM AST,0
01-Jun-19 5:45:02 AM AST,2
01-Jun-19 6:00:02 AM AST,6
01-Jun-19 6:15:01 AM AST,21
01-Jun-19 6:30:01 AM AST,44
01-Jun-19 6:45:01 AM AST,70
01-Jun-19 7:00:02 AM AST,91
01-Jun-19 7:15:01 AM AST,119
01-Jun-19 7:30:01 AM AST,153
01-Jun-19 7:45:02 AM AST,185
01-Jun-19 8:00:01 AM AST,219
01-Jun-19 8:15:01 AM AST,211
01-Jun-19 8:30:01 AM AST,287
01-Jun-19 8:45:01 AM AST,317
01-Jun-19 9:00:01 AM AST,340
01-Jun-19 9:15:01 AM AST,390
01-Jun-19 9:30:01 AM AST,401
01-Jun-19 9:45:01 AM AST,418
01-Jun-19 10:00:02 AM AST,442
01-Jun-19 10:15:01 AM AST,467
01-Jun-19 10:30:01 AM AST,490
01-Jun-19 10:45:01 AM AST,503
01-Jun-19 11:00:01 AM AST,525
01-Jun-19 11:15:01 AM AST,546
01-Jun-19 11:30:01 AM AST,526
01-Jun-19 11:45:02 AM AST,555
01-Jun-19 12:00:01 PM AST,563
01-Jun-19 12:15:01 PM AST,544
01-Jun-19 12:30:01 PM AST,545
01-Jun-19 12:45:01 PM AST,553
01-Jun-19 1:00:01 PM AST,543
01-Jun-19 1:15:01 PM AST,549
01-Jun-19 1:30:01 PM AST,537
01-Jun-19 1:45:01 PM AST,531
01-Jun-19 2:00:02 PM AST,525
01-Jun-19 2:15:02 PM AST,436
01-Jun-19 2:30:01 PM AST,480
01-Jun-19 2:45:01 PM AST,466
01-Jun-19 3:00:01 PM AST,433
01-Jun-19 3:15:01 PM AST,400
01-Jun-19 3:30:01 PM AST,366
01-Jun-19 3:45:02 PM AST,336
01-Jun-19 4:00:01 PM AST,306
01-Jun-19 4:15:01 PM AST,275
01-Jun-19 4:30:01 PM AST,247
01-Jun-19 4:45:01 PM AST,210
01-Jun-19 5:00:02 PM AST,189
01-Jun-19 5:15:01 PM AST,151
01-Jun-19 5:30:01 PM AST,118
01-Jun-19 5:45:02 PM AST,88
01-Jun-19 6:00:01 PM AST,72
01-Jun-19 6:15:01 PM AST,72
01-Jun-19 6:30:01 PM AST,36
01-Jun-19 6:45:01 PM AST,8
01-Jun-19 7:00:01 PM AST,0
01-Jun-19 7:15:01 PM AST,0
01-Jun-19 7:30:01 PM AST,0
01-Jun-19 7:45:01 PM AST,0
01-Jun-19 8:00:01 PM AST,0
01-Jun-19 8:15:01 PM AST,0
01-Jun-19 8:30:01 PM AST,0
01-Jun-19 8:45:01 PM AST,0
01-Jun-19 9:00:01 PM AST,0
01-Jun-19 9:15:01 PM AST,0
01-Jun-19 9:30:01 PM AST,0
01-Jun-19 9:45:01 PM AST,0
01-Jun-19 10:00:01 PM AST,0
01-Jun-19 10:15:02 PM AST,0
01-Jun-19 10:30:01 PM AST,0
01-Jun-19 10:45:01 PM AST,0
01-Jun-19 11:00:01 PM AST,0
01-Jun-19 11:15:01 PM AST,0
01-Jun-19 11:30:02 PM AST,0
01-Jun-19 11:45:01 PM AST,0
02-Jun-19 12:00:01 AM AST,0
02-Jun-19 12:15:01 AM AST,0
02-Jun-19 12:30:02 AM AST,0
02-Jun-19 12:45:01 AM AST,0
02-Jun-19 1:00:01 AM AST,0
02-Jun-19 1:15:01 AM AST,0
02-Jun-19 1:30:01 AM AST,0
02-Jun-19 1:45:01 AM AST,0
02-Jun-19 2:00:01 AM AST,0
02-Jun-19 2:15:01 AM AST,0
02-Jun-19 2:30:01 AM AST,0
02-Jun-19 2:45:01 AM AST,0
02-Jun-19 3:00:01 AM AST,0
02-Jun-19 3:15:01 AM AST,0
02-Jun-19 3:30:01 AM AST,0
02-Jun-19 3:45:01 AM AST,0
02-Jun-19 4:00:01 AM AST,0
02-Jun-19 4:15:01 AM AST,0
02-Jun-19 4:30:02 AM AST,0
02-Jun-19 4:45:01 AM AST,0
02-Jun-19 5:00:01 AM AST,0
02-Jun-19 5:15:02 AM AST,0
02-Jun-19 5:30:01 AM AST,0
02-Jun-19 5:45:01 AM AST,0
02-Jun-19 6:00:02 AM AST,0
02-Jun-19 6:15:01 AM AST,10
02-Jun-19 6:30:01 AM AST,26
02-Jun-19 6:45:01 AM AST,29
02-Jun-19 7:00:02 AM AST,62
02-Jun-19 7:15:01 AM AST,65
02-Jun-19 7:30:01 AM AST,90
02-Jun-19 7:45:01 AM AST,79
02-Jun-19 8:00:01 AM AST,101
02-Jun-19 8:15:01 AM AST,98
02-Jun-19 8:30:01 AM AST,105
02-Jun-19 8:45:02 AM AST,132
02-Jun-19 9:00:01 AM AST,171
02-Jun-19 9:15:01 AM AST,229
02-Jun-19 9:30:01 AM AST,175
02-Jun-19 9:45:01 AM AST,183
02-Jun-19 10:00:01 AM AST,460
02-Jun-19 10:15:01 AM AST,428
02-Jun-19 10:30:01 AM AST,424
02-Jun-19 10:45:01 AM AST,457
02-Jun-19 11:00:02 AM AST,499
02-Jun-19 11:15:01 AM AST,511
02-Jun-19 11:30:01 AM AST,518
02-Jun-19 11:45:01 AM AST,517
02-Jun-19 12:00:02 PM AST,544
02-Jun-19 12:15:01 PM AST,531
02-Jun-19 12:30:01 PM AST,532
02-Jun-19 12:45:01 PM AST,537
02-Jun-19 1:00:02 PM AST,415
02-Jun-19 1:15:01 PM AST,477
02-Jun-19 1:30:02 PM AST,263
02-Jun-19 1:45:01 PM AST,232
02-Jun-19 2:00:01 PM AST,124
02-Jun-19 2:15:02 PM AST,157
02-Jun-19 2:30:01 PM AST,125
02-Jun-19 2:45:01 PM AST,114
02-Jun-19 3:00:02 PM AST,121
02-Jun-19 3:15:02 PM AST,161
02-Jun-19 3:30:01 PM AST,144
02-Jun-19 3:45:01 PM AST,102
02-Jun-19 4:00:01 PM AST,99
02-Jun-19 4:15:01 PM AST,141
02-Jun-19 4:30:01 PM AST,127
02-Jun-19 4:45:01 PM AST,109
02-Jun-19 5:00:02 PM AST,94
02-Jun-19 5:15:01 PM AST,68
02-Jun-19 5:30:01 PM AST,84
02-Jun-19 5:45:01 PM AST,78
02-Jun-19 6:00:01 PM AST,67
02-Jun-19 6:15:01 PM AST,24
02-Jun-19 6:30:01 PM AST,10
02-Jun-19 6:45:01 PM AST,0
02-Jun-19 7:00:01 PM AST,1
02-Jun-19 7:15:02 PM AST,0
02-Jun-19 7:30:01 PM AST,0
02-Jun-19 7:45:01 PM AST,0
02-Jun-19 8:00:01 PM AST,0
02-Jun-19 8:15:01 PM AST,0
02-Jun-19 8:30:01 PM AST,0
02-Jun-19 8:45:01 PM AST,0
02-Jun-19 9:00:01 PM AST,0
02-Jun-19 9:15:01 PM AST,0
02-Jun-19 9:30:01 PM AST,0
02-Jun-19 9:45:02 PM AST,0
02-Jun-19 10:00:02 PM AST,0
02-Jun-19 10:15:01 PM AST,0
02-Jun-19 10:30:01 PM AST,0
02-Jun-19 10:45:01 PM AST,0
02-Jun-19 11:00:01 PM AST,0
02-Jun-19 11:15:01 PM AST,0
02-Jun-19 11:30:03 PM AST,0
02-Jun-19 11:45:01 PM AST,0
03-Jun-19 12:00:01 AM AST,0
03-Jun-19 12:15:02 AM AST,0
03-Jun-19 12:30:02 AM AST,0
03-Jun-19 12:45:02 AM AST,0
03-Jun-19 1:00:01 AM AST,0
03-Jun-19 1:15:01 AM AST,0
03-Jun-19 1:30:01 AM AST,0
03-Jun-19 1:45:01 AM AST,0
03-Jun-19 2:00:01 AM AST,0
03-Jun-19 2:15:01 AM AST,0
03-Jun-19 2:30:02 AM AST,0
03-Jun-19 2:45:01 AM AST,0
03-Jun-19 3:00:01 AM AST,0
03-Jun-19 3:15:01 AM AST,0
03-Jun-19 3:30:01 AM AST,0
03-Jun-19 3:45:01 AM AST,0
03-Jun-19 4:00:01 AM AST,0
03-Jun-19 4:15:01 AM AST,0
03-Jun-19 4:30:01 AM AST,0
03-Jun-19 4:45:01 AM AST,0
03-Jun-19 5:00:01 AM AST,0
03-Jun-19 5:15:02 AM AST,0
03-Jun-19 5:30:01 AM AST,0
03-Jun-19 5:45:02 AM AST,0
03-Jun-19 6:00:01 AM AST,4
03-Jun-19 6:15:01 AM AST,21
03-Jun-19 6:30:01 AM AST,40
03-Jun-19 6:45:01 AM AST,64
03-Jun-19 7:00:01 AM AST,81
03-Jun-19 7:15:01 AM AST,105
03-Jun-19 7:30:01 AM AST,132
03-Jun-19 7:45:01 AM AST,158
03-Jun-19 8:00:01 AM AST,189
03-Jun-19 8:15:01 AM AST,215
03-Jun-19 8:30:01 AM AST,247
03-Jun-19 8:45:01 AM AST,281
03-Jun-19 9:00:01 AM AST,307
03-Jun-19 9:15:01 AM AST,341
03-Jun-19 9:30:01 AM AST,360
03-Jun-19 9:45:01 AM AST,388
03-Jun-19 10:00:01 AM AST,412
03-Jun-19 10:15:01 AM AST,439
03-Jun-19 10:30:01 AM AST,456
03-Jun-19 10:45:01 AM AST,469
03-Jun-19 11:00:01 AM AST,486
03-Jun-19 11:15:02 AM AST,500
03-Jun-19 11:30:01 AM AST,504
03-Jun-19 11:45:01 AM AST,514
03-Jun-19 12:00:02 PM AST,520
03-Jun-19 12:15:02 PM AST,522
03-Jun-19 12:30:01 PM AST,526
03-Jun-19 12:45:01 PM AST,520
03-Jun-19 1:00:01 PM AST,514
03-Jun-19 1:15:01 PM AST,501
03-Jun-19 1:30:01 PM AST,492
03-Jun-19 1:45:01 PM AST,505
03-Jun-19 2:00:02 PM AST,477
03-Jun-19 2:15:02 PM AST,474
03-Jun-19 2:30:02 PM AST,441
03-Jun-19 2:45:01 PM AST,422
03-Jun-19 3:00:01 PM AST,399
03-Jun-19 3:15:01 PM AST,370
03-Jun-19 3:30:01 PM AST,347
03-Jun-19 3:45:01 PM AST,315
03-Jun-19 4:00:01 PM AST,298
03-Jun-19 4:15:01 PM AST,261
03-Jun-19 4:30:01 PM AST,219
03-Jun-19 4:45:02 PM AST,130
03-Jun-19 5:00:01 PM AST,91
03-Jun-19 5:15:01 PM AST,84
03-Jun-19 5:30:01 PM AST,87
03-Jun-19 5:45:02 PM AST,74
03-Jun-19 6:00:01 PM AST,54
03-Jun-19 6:15:01 PM AST,32
03-Jun-19 6:30:01 PM AST,9
03-Jun-19 6:45:01 PM AST,0
03-Jun-19 7:00:01 PM AST,0
03-Jun-19 7:15:01 PM AST,0
03-Jun-19 7:30:01 PM AST,0
03-Jun-19 7:45:01 PM AST,0
03-Jun-19 8:00:01 PM AST,0
03-Jun-19 8:15:01 PM AST,0
03-Jun-19 8:30:01 PM AST,0
03-Jun-19 8:45:01 PM AST,0
03-Jun-19 9:00:01 PM AST,0
03-Jun-19 9:15:02 PM AST,0
03-Jun-19 9:30:02 PM AST,0
03-Jun-19 9:45:02 PM AST,0
03-Jun-19 10:00:02 PM AST,0
03-Jun-19 10:15:02 PM AST,0
03-Jun-19 10:30:01 PM AST,0
03-Jun-19 10:45:01 PM AST,0
03-Jun-19 11:00:02 PM AST,0
03-Jun-19 11:15:01 PM AST,0
03-Jun-19 11:30:01 PM AST,0
03-Jun-19 11:45:01 PM AST,0
04-Jun-19 12:00:01 AM AST,0
04-Jun-19 12:15:02 AM AST,0
04-Jun-19 12:30:02 AM AST,0
04-Jun-19 12:45:02 AM AST,0
04-Jun-19 1:00:01 AM AST,0
04-Jun-19 1:15:02 AM AST,0
04-Jun-19 1:30:02 AM AST,0
04-Jun-19 1:45:01 AM AST,0
04-Jun-19 2:00:01 AM AST,0
04-Jun-19 2:15:02 AM AST,0
04-Jun-19 2:30:01 AM AST,0
04-Jun-19 2:45:01 AM AST,0
04-Jun-19 3:00:01 AM AST,0
04-Jun-19 3:15:01 AM AST,0
04-Jun-19 3:30:01 AM AST,0
04-Jun-19 3:45:01 AM AST,0
04-Jun-19 4:00:01 AM AST,0
04-Jun-19 4:15:01 AM AST,0
04-Jun-19 4:30:01 AM AST,0
04-Jun-19 4:45:01 AM AST,0
04-Jun-19 5:00:01 AM AST,0
04-Jun-19 5:15:01 AM AST,0
04-Jun-19 5:30:02 AM AST,0
04-Jun-19 5:45:01 AM AST,0
04-Jun-19 6:00:01 AM AST,0
04-Jun-19 6:15:01 AM AST,14
04-Jun-19 6:30:01 AM AST,38
04-Jun-19 6:45:01 AM AST,68
04-Jun-19 7:00:01 AM AST,93
04-Jun-19 7:15:02 AM AST,117
04-Jun-19 7:30:01 AM AST,140
04-Jun-19 7:45:01 AM AST,156
04-Jun-19 8:00:01 AM AST,183
04-Jun-19 8:15:02 AM AST,139
04-Jun-19 8:30:01 AM AST,91
04-Jun-19 8:45:01 AM AST,139
04-Jun-19 9:00:01 AM AST,302
04-Jun-19 9:15:02 AM AST,317
04-Jun-19 9:30:01 AM AST,349
04-Jun-19 9:45:01 AM AST,376
04-Jun-19 10:00:01 AM AST,406
04-Jun-19 10:15:01 AM AST,428
04-Jun-19 10:30:02 AM AST,444
04-Jun-19 10:45:02 AM AST,456
04-Jun-19 11:00:01 AM AST,480
04-Jun-19 11:15:02 AM AST,519
04-Jun-19 11:30:01 AM AST,418
04-Jun-19 11:45:01 AM AST,568
04-Jun-19 12:00:01 PM AST,422
04-Jun-19 12:15:01 PM AST,371
04-Jun-19 12:30:01 PM AST,368
04-Jun-19 12:45:01 PM AST,538
04-Jun-19 1:00:01 PM AST,502
04-Jun-19 1:15:02 PM AST,493
04-Jun-19 1:30:01 PM AST,484
04-Jun-19 1:45:01 PM AST,483
04-Jun-19 2:00:01 PM AST,465
04-Jun-19 2:15:01 PM AST,457
04-Jun-19 2:30:01 PM AST,467
04-Jun-19 2:45:01 PM AST,448
04-Jun-19 3:00:01 PM AST,395
04-Jun-19 3:15:01 PM AST,369
04-Jun-19 3:30:02 PM AST,358
04-Jun-19 3:45:01 PM AST,335
04-Jun-19 4:00:01 PM AST,317
04-Jun-19 4:15:01 PM AST,290
04-Jun-19 4:30:01 PM AST,216
04-Jun-19 4:45:01 PM AST,234
04-Jun-19 5:00:02 PM AST,201
04-Jun-19 5:15:01 PM AST,168
04-Jun-19 5:30:02 PM AST,142
04-Jun-19 5:45:01 PM AST,100
04-Jun-19 6:00:01 PM AST,78
04-Jun-19 6:15:01 PM AST,50
04-Jun-19 6:30:02 PM AST,28
04-Jun-19 6:45:01 PM AST,7
04-Jun-19 7:00:01 PM AST,1
04-Jun-19 7:15:01 PM AST,0
04-Jun-19 7:30:01 PM AST,0
04-Jun-19 7:45:01 PM AST,0
04-Jun-19 8:00:01 PM AST,0
04-Jun-19 8:15:01 PM AST,0
04-Jun-19 8:30:01 PM AST,0
04-Jun-19 8:45:02 PM AST,0
04-Jun-19 9:00:01 PM AST,0
04-Jun-19 9:15:01 PM AST,0
04-Jun-19 9:30:01 PM AST,0
04-Jun-19 9:45:01 PM AST,0
04-Jun-19 10:00:01 PM AST,0
04-Jun-19 10:15:01 PM AST,0
04-Jun-19 10:30:01 PM AST,0
04-Jun-19 10:45:01 PM AST,0
04-Jun-19 11:00:01 PM AST,0
04-Jun-19 11:15:01 PM AST,0
04-Jun-19 11:30:01 PM AST,0
04-Jun-19 11:45:01 PM AST,0
05-Jun-19 12:00:01 AM AST,0
05-Jun-19 12:15:02 AM AST,0
05-Jun-19 12:30:01 AM AST,0
05-Jun-19 12:45:01 AM AST,0
05-Jun-19 1:00:01 AM AST,0
05-Jun-19 1:15:01 AM AST,0
05-Jun-19 1:30:02 AM AST,0
05-Jun-19 1:45:01 AM AST,0
05-Jun-19 2:00:01 AM AST,0
05-Jun-19 2:15:01 AM AST,0
05-Jun-19 2:30:01 AM AST,0
05-Jun-19 2:45:01 AM AST,0
05-Jun-19 3:00:02 AM AST,0
05-Jun-19 3:15:01 AM AST,0
05-Jun-19 3:30:01 AM AST,0
05-Jun-19 3:45:01 AM AST,0
05-Jun-19 4:00:01 AM AST,0
05-Jun-19 4:15:01 AM AST,0
05-Jun-19 4:30:01 AM AST,0
05-Jun-19 4:45:01 AM AST,0
05-Jun-19 5:00:01 AM AST,0
05-Jun-19 5:15:01 AM AST,0
05-Jun-19 5:30:01 AM AST,0
05-Jun-19 5:45:01 AM AST,4
05-Jun-19 6:00:01 AM AST,5
05-Jun-19 6:15:02 AM AST,28
05-Jun-19 6:30:01 AM AST,54
05-Jun-19 6:45:02 AM AST,66
05-Jun-19 7:00:02 AM AST,90
05-Jun-19 7:15:01 AM AST,98
05-Jun-19 7:30:01 AM AST,112
05-Jun-19 7:45:01 AM AST,102
05-Jun-19 8:00:01 AM AST,177
05-Jun-19 8:15:02 AM AST,211
05-Jun-19 8:30:01 AM AST,237
05-Jun-19 8:45:01 AM AST,265
05-Jun-19 9:00:01 AM AST,302
05-Jun-19 9:15:01 AM AST,326
05-Jun-19 9:30:01 AM AST,350
05-Jun-19 9:45:01 AM AST,369
05-Jun-19 10:00:02 AM AST,387
05-Jun-19 10:15:01 AM AST,403
05-Jun-19 10:30:01 AM AST,429
05-Jun-19 10:45:01 AM AST,442
05-Jun-19 11:00:01 AM AST,456
05-Jun-19 11:15:01 AM AST,474
05-Jun-19 11:30:01 AM AST,484
05-Jun-19 11:45:01 AM AST,486
05-Jun-19 12:00:02 PM AST,502
05-Jun-19 12:15:01 PM AST,503
05-Jun-19 12:30:01 PM AST,501
05-Jun-19 12:45:01 PM AST,507
05-Jun-19 1:00:02 PM AST,504
05-Jun-19 1:15:01 PM AST,498
05-Jun-19 1:30:01 PM AST,493
05-Jun-19 1:45:01 PM AST,477
05-Jun-19 2:00:01 PM AST,456
05-Jun-19 2:15:01 PM AST,451
05-Jun-19 2:30:01 PM AST,434
05-Jun-19 2:45:01 PM AST,421
05-Jun-19 3:00:02 PM AST,396
05-Jun-19 3:15:02 PM AST,368
05-Jun-19 3:30:01 PM AST,338
05-Jun-19 3:45:01 PM AST,309
05-Jun-19 4:00:01 PM AST,278
05-Jun-19 4:15:01 PM AST,250
05-Jun-19 4:30:01 PM AST,215
05-Jun-19 4:45:01 PM AST,176
05-Jun-19 5:00:01 PM AST,152
05-Jun-19 5:15:02 PM AST,119
05-Jun-19 5:30:02 PM AST,96
05-Jun-19 5:45:02 PM AST,72
05-Jun-19 6:00:02 PM AST,50
05-Jun-19 6:15:01 PM AST,29
05-Jun-19 6:30:01 PM AST,10
05-Jun-19 6:45:01 PM AST,0
05-Jun-19 7:00:02 PM AST,0
05-Jun-19 7:15:01 PM AST,0
05-Jun-19 7:30:02 PM AST,0
05-Jun-19 7:45:01 PM AST,0
05-Jun-19 8:00:01 PM AST,0
05-Jun-19 8:15:01 PM AST,0
05-Jun-19 8:30:01 PM AST,0
05-Jun-19 8:45:01 PM AST,0
05-Jun-19 9:00:01 PM AST,0
05-Jun-19 9:15:01 PM AST,0
05-Jun-19 9:30:01 PM AST,0
05-Jun-19 9:45:02 PM AST,0
05-Jun-19 10:00:01 PM AST,0
05-Jun-19 10:15:01 PM AST,0
05-Jun-19 10:30:01 PM AST,0
05-Jun-19 10:45:01 PM AST,0
05-Jun-19 11:00:01 PM AST,0
05-Jun-19 11:15:02 PM AST,0
05-Jun-19 11:30:02 PM AST,0
05-Jun-19 11:45:01 PM AST,0
06-Jun-19 12:00:01 AM AST,0
06-Jun-19 12:15:01 AM AST,0
06-Jun-19 12:30:01 AM AST,0
06-Jun-19 12:45:01 AM AST,0
06-Jun-19 1:00:01 AM AST,0
06-Jun-19 1:15:01 AM AST,0
06-Jun-19 1:30:01 AM AST,0
06-Jun-19 1:45:01 AM AST,0
06-Jun-19 2:00:01 AM AST,0
06-Jun-19 2:15:01 AM AST,0
06-Jun-19 2:30:01 AM AST,0
06-Jun-19 2:45:01 AM AST,0
06-Jun-19 3:00:01 AM AST,0
06-Jun-19 3:15:01 AM AST,0
06-Jun-19 3:30:01 AM AST,0
06-Jun-19 3:45:01 AM AST,0
06-Jun-19 4:00:01 AM AST,0
06-Jun-19 4:15:01 AM AST,0
06-Jun-19 4:30:02 AM AST,0
06-Jun-19 4:45:01 AM AST,0
06-Jun-19 5:00:01 AM AST,0
06-Jun-19 5:15:01 AM AST,0
06-Jun-19 5:30:01 AM AST,0
06-Jun-19 5:45:01 AM AST,2
06-Jun-19 6:00:01 AM AST,2
06-Jun-19 6:15:01 AM AST,17
06-Jun-19 6:30:02 AM AST,44
06-Jun-19 6:45:01 AM AST,69
06-Jun-19 7:00:02 AM AST,95
06-Jun-19 7:15:01 AM AST,121
06-Jun-19 7:30:01 AM AST,145
06-Jun-19 7:45:01 AM AST,171
06-Jun-19 8:00:01 AM AST,201
06-Jun-19 8:15:01 AM AST,222
06-Jun-19 8:30:01 AM AST,249
06-Jun-19 8:45:01 AM AST,276
06-Jun-19 9:00:01 AM AST,311
06-Jun-19 9:15:01 AM AST,344
06-Jun-19 9:30:01 AM AST,371
06-Jun-19 9:45:01 AM AST,399
06-Jun-19 10:00:01 AM AST,426
06-Jun-19 10:15:01 AM AST,446
06-Jun-19 10:30:01 AM AST,464
06-Jun-19 10:45:01 AM AST,481
06-Jun-19 11:00:01 AM AST,489
06-Jun-19 11:15:01 AM AST,500
06-Jun-19 11:30:01 AM AST,513
06-Jun-19 11:45:01 AM AST,516
06-Jun-19 12:00:02 PM AST,519
06-Jun-19 12:15:01 PM AST,523
06-Jun-19 12:30:02 PM AST,526
06-Jun-19 12:45:01 PM AST,523
06-Jun-19 1:00:01 PM AST,521
06-Jun-19 1:15:01 PM AST,518
06-Jun-19 1:30:01 PM AST,444.5
06-Jun-19 1:45:01 PM AST,499
06-Jun-19 2:00:02 PM AST,482
06-Jun-19 2:15:02 PM AST,471
06-Jun-19 2:30:02 PM AST,455
06-Jun-19 2:45:02 PM AST,434
06-Jun-19 3:00:02 PM AST,409
06-Jun-19 3:15:01 PM AST,377
06-Jun-19 3:30:02 PM AST,352
06-Jun-19 3:45:01 PM AST,324
06-Jun-19 4:00:01 PM AST,292
06-Jun-19 4:15:01 PM AST,262
06-Jun-19 4:30:01 PM AST,228
06-Jun-19 4:45:01 PM AST,193
06-Jun-19 5:00:01 PM AST,161
06-Jun-19 5:15:01 PM AST,129
06-Jun-19 5:30:01 PM AST,92
06-Jun-19 5:45:02 PM AST,69
06-Jun-19 6:00:02 PM AST,43
06-Jun-19 6:15:02 PM AST,24
06-Jun-19 6:30:02 PM AST,11
06-Jun-19 6:45:02 PM AST,5
06-Jun-19 7:00:01 PM AST,0
06-Jun-19 7:15:02 PM AST,0
06-Jun-19 7:30:02 PM AST,0
06-Jun-19 7:45:01 PM AST,0
06-Jun-19 8:00:01 PM AST,0
06-Jun-19 8:15:02 PM AST,0
06-Jun-19 8:30:01 PM AST,0
06-Jun-19 8:45:01 PM AST,0
06-Jun-19 9:00:01 PM AST,0
06-Jun-19 9:15:02 PM AST,0
06-Jun-19 9:30:01 PM AST,0
06-Jun-19 9:45:02 PM AST,0
06-Jun-19 10:00:01 PM AST,0
06-Jun-19 10:15:01 PM AST,0
06-Jun-19 10:30:02 PM AST,0
06-Jun-19 10:45:01 PM AST,0
06-Jun-19 11:00:01 PM AST,0
06-Jun-19 11:15:02 PM AST,0
06-Jun-19 11:30:01 PM AST,0
06-Jun-19 11:45:01 PM AST,0
07-Jun-19 12:00:01 AM AST,0
07-Jun-19 12:15:01 AM AST,0
07-Jun-19 12:30:01 AM AST,0
07-Jun-19 12:45:01 AM AST,0
07-Jun-19 1:00:01 AM AST,0
07-Jun-19 1:15:01 AM AST,0
07-Jun-19 1:30:01 AM AST,0
07-Jun-19 1:45:01 AM AST,0
07-Jun-19 2:00:01 AM AST,0
07-Jun-19 2:15:01 AM AST,0
07-Jun-19 2:30:01 AM AST,0
07-Jun-19 2:45:01 AM AST,0
07-Jun-19 3:00:01 AM AST,0
07-Jun-19 3:15:02 AM AST,0
07-Jun-19 3:30:01 AM AST,0
07-Jun-19 3:45:01 AM AST,0
07-Jun-19 4:00:01 AM AST,0
07-Jun-19 4:15:01 AM AST,0
07-Jun-19 4:30:01 AM AST,0
07-Jun-19 4:45:01 AM AST,0
07-Jun-19 5:00:01 AM AST,0
07-Jun-19 5:15:01 AM AST,0
07-Jun-19 5:30:01 AM AST,0
07-Jun-19 5:45:01 AM AST,0
07-Jun-19 6:00:01 AM AST,11
07-Jun-19 6:15:01 AM AST,33
07-Jun-19 6:30:01 AM AST,53
07-Jun-19 6:45:01 AM AST,78
07-Jun-19 7:00:01 AM AST,100
07-Jun-19 7:15:01 AM AST,122
07-Jun-19 7:30:01 AM AST,139
07-Jun-19 7:45:01 AM AST,141
07-Jun-19 8:00:01 AM AST,182
07-Jun-19 8:15:01 AM AST,218
07-Jun-19 8:30:02 AM AST,236
07-Jun-19 8:45:01 AM AST,265
07-Jun-19 9:00:02 AM AST,298
07-Jun-19 9:15:01 AM AST,324
07-Jun-19 9:30:02 AM AST,344
07-Jun-19 9:45:01 AM AST,375
07-Jun-19 10:00:01 AM AST,394
07-Jun-19 10:15:01 AM AST,413
07-Jun-19 10:30:01 AM AST,433
07-Jun-19 10:45:01 AM AST,460
07-Jun-19 11:00:01 AM AST,473
07-Jun-19 11:15:01 AM AST,488
07-Jun-19 11:30:02 AM AST,496
07-Jun-19 11:45:01 AM AST,506
07-Jun-19 12:00:02 PM AST,510
07-Jun-19 12:15:02 PM AST,521
07-Jun-19 12:30:01 PM AST,522
07-Jun-19 12:45:01 PM AST,519
07-Jun-19 1:00:01 PM AST,516
07-Jun-19 1:15:01 PM AST,510
07-Jun-19 1:30:01 PM AST,503
07-Jun-19 1:45:01 PM AST,494
07-Jun-19 2:00:01 PM AST,481
07-Jun-19 2:15:01 PM AST,461
07-Jun-19 2:30:01 PM AST,448
07-Jun-19 2:45:01 PM AST,427
07-Jun-19 3:00:01 PM AST,406
07-Jun-19 3:15:01 PM AST,377
07-Jun-19 3:30:02 PM AST,353
07-Jun-19 3:45:01 PM AST,319
07-Jun-19 4:00:01 PM AST,287
07-Jun-19 4:15:01 PM AST,248
07-Jun-19 4:30:01 PM AST,221
07-Jun-19 4:45:01 PM AST,194
07-Jun-19 5:00:01 PM AST,167
07-Jun-19 5:15:01 PM AST,143
07-Jun-19 5:30:01 PM AST,43
07-Jun-19 5:45:01 PM AST,68
07-Jun-19 6:00:01 PM AST,67
07-Jun-19 6:15:01 PM AST,42
07-Jun-19 6:30:01 PM AST,14
07-Jun-19 6:45:01 PM AST,0
07-Jun-19 7:00:01 PM AST,0
07-Jun-19 7:15:01 PM AST,0
07-Jun-19 7:30:01 PM AST,0
07-Jun-19 7:45:01 PM AST,0
07-Jun-19 8:00:01 PM AST,0
07-Jun-19 8:15:02 PM AST,0
07-Jun-19 8:30:02 PM AST,0
07-Jun-19 8:45:01 PM AST,0
07-Jun-19 9:00:01 PM AST,0
07-Jun-19 9:15:01 PM AST,0
07-Jun-19 9:30:01 PM AST,0
07-Jun-19 9:45:01 PM AST,0
07-Jun-19 10:00:01 PM AST,0
07-Jun-19 10:15:01 PM AST,0
07-Jun-19 10:30:01 PM AST,0
07-Jun-19 10:45:01 PM AST,0
07-Jun-19 11:00:01 PM AST,0
07-Jun-19 11:15:01 PM AST,0
07-Jun-19 11:30:01 PM AST,0
07-Jun-19 11:45:02 PM AST,0
08-Jun-19 12:00:01 AM AST,0
08-Jun-19 12:15:01 AM AST,0
08-Jun-19 12:30:02 AM AST,0
08-Jun-19 12:45:01 AM AST,0
08-Jun-19 1:00:01 AM AST,0
08-Jun-19 1:15:01 AM AST,0
08-Jun-19 1:30:01 AM AST,0
08-Jun-19 1:45:02 AM AST,0
08-Jun-19 2:00:01 AM AST,0
08-Jun-19 2:15:01 AM AST,0
08-Jun-19 2:30:02 AM AST,0
08-Jun-19 2:45:01 AM AST,0
08-Jun-19 3:00:01 AM AST,0
08-Jun-19 3:15:01 AM AST,0
08-Jun-19 3:30:01 AM AST,0
08-Jun-19 3:45:01 AM AST,0
08-Jun-19 4:00:01 AM AST,0
08-Jun-19 4:15:01 AM AST,0
08-Jun-19 4:30:01 AM AST,0
08-Jun-19 4:45:01 AM AST,0
08-Jun-19 5:00:01 AM AST,0
08-Jun-19 5:15:01 AM AST,0
08-Jun-19 5:30:01 AM AST,0
08-Jun-19 5:45:02 AM AST,0
08-Jun-19 6:00:01 AM AST,12
08-Jun-19 6:15:01 AM AST,36
08-Jun-19 6:30:01 AM AST,51
08-Jun-19 6:45:02 AM AST,65
08-Jun-19 7:00:01 AM AST,98
08-Jun-19 7:15:01 AM AST,116
08-Jun-19 7:30:01 AM AST,131
08-Jun-19 7:45:02 AM AST,146
08-Jun-19 8:00:02 AM AST,180
08-Jun-19 8:15:01 AM AST,197
08-Jun-19 8:30:01 AM AST,227
08-Jun-19 8:45:01 AM AST,248
08-Jun-19 9:00:01 AM AST,279
08-Jun-19 9:15:02 AM AST,309
08-Jun-19 9:30:02 AM AST,343
08-Jun-19 9:45:02 AM AST,370
08-Jun-19 10:00:01 AM AST,401
08-Jun-19 10:15:01 AM AST,425
08-Jun-19 10:30:02 AM AST,442
08-Jun-19 10:45:02 AM AST,454
08-Jun-19 11:00:02 AM AST,464
08-Jun-19 11:15:01 AM AST,472
08-Jun-19 11:30:02 AM AST,489
08-Jun-19 11:45:02 AM AST,504
08-Jun-19 12:00:01 PM AST,514
08-Jun-19 12:15:01 PM AST,514
08-Jun-19 12:30:01 PM AST,519
08-Jun-19 12:45:01 PM AST,510
08-Jun-19 1:00:01 PM AST,511
08-Jun-19 1:15:01 PM AST,513
08-Jun-19 1:30:01 PM AST,502
08-Jun-19 1:45:01 PM AST,494
08-Jun-19 2:00:01 PM AST,482
08-Jun-19 2:15:01 PM AST,462
08-Jun-19 2:30:01 PM AST,447
08-Jun-19 2:45:01 PM AST,418
08-Jun-19 3:00:01 PM AST,397
08-Jun-19 3:15:01 PM AST,363
08-Jun-19 3:30:01 PM AST,341
08-Jun-19 3:45:01 PM AST,316
08-Jun-19 4:00:02 PM AST,291
08-Jun-19 4:15:01 PM AST,265
08-Jun-19 4:30:01 PM AST,229
08-Jun-19 4:45:01 PM AST,195
08-Jun-19 5:00:02 PM AST,166
08-Jun-19 5:15:01 PM AST,134
08-Jun-19 5:30:01 PM AST,103
08-Jun-19 5:45:01 PM AST,84
08-Jun-19 6:00:01 PM AST,82
08-Jun-19 6:15:01 PM AST,49
08-Jun-19 6:30:01 PM AST,25
08-Jun-19 6:45:01 PM AST,6
08-Jun-19 7:00:01 PM AST,2
08-Jun-19 7:15:01 PM AST,0
08-Jun-19 7:30:01 PM AST,0
08-Jun-19 7:45:01 PM AST,0
08-Jun-19 8:00:01 PM AST,0
08-Jun-19 8:15:01 PM AST,0
08-Jun-19 8:30:01 PM AST,0
08-Jun-19 8:45:01 PM AST,0
08-Jun-19 9:00:01 PM AST,0
08-Jun-19 9:15:01 PM AST,0
08-Jun-19 9:30:01 PM AST,0
08-Jun-19 9:45:01 PM AST,0
08-Jun-19 10:00:01 PM AST,0
08-Jun-19 10:15:01 PM AST,0
08-Jun-19 10:30:02 PM AST,0
08-Jun-19 10:45:01 PM AST,0
08-Jun-19 11:00:02 PM AST,0
08-Jun-19 11:15:01 PM AST,0
08-Jun-19 11:30:01 PM AST,0
08-Jun-19 11:45:01 PM AST,0
09-Jun-19 12:00:01 AM AST,0
09-Jun-19 12:15:01 AM AST,0
09-Jun-19 12:30:02 AM AST,0
09-Jun-19 12:45:01 AM AST,0
09-Jun-19 1:00:01 AM AST,0
09-Jun-19 1:15:01 AM AST,0
09-Jun-19 1:30:01 AM AST,0
09-Jun-19 1:45:01 AM AST,0
09-Jun-19 2:00:01 AM AST,0
09-Jun-19 2:15:01 AM AST,0
09-Jun-19 2:30:01 AM AST,0
09-Jun-19 2:45:01 AM AST,0
09-Jun-19 3:00:01 AM AST,0
09-Jun-19 3:15:01 AM AST,0
09-Jun-19 3:30:01 AM AST,0
09-Jun-19 3:45:01 AM AST,0
09-Jun-19 4:00:01 AM AST,0
09-Jun-19 4:15:02 AM AST,0
09-Jun-19 4:30:01 AM AST,0
09-Jun-19 4:45:01 AM AST,0
09-Jun-19 5:00:02 AM AST,0
09-Jun-19 5:15:01 AM AST,0
09-Jun-19 5:30:01 AM AST,0
09-Jun-19 5:45:01 AM AST,0
09-Jun-19 6:00:01 AM AST,0
09-Jun-19 6:15:01 AM AST,14
09-Jun-19 6:30:01 AM AST,30
09-Jun-19 6:45:01 AM AST,45
09-Jun-19 7:00:01 AM AST,65
09-Jun-19 7:15:01 AM AST,97
09-Jun-19 7:30:02 AM AST,132
09-Jun-19 7:45:01 AM AST,187
09-Jun-19 8:00:01 AM AST,211
09-Jun-19 8:15:01 AM AST,246
09-Jun-19 8:30:01 AM AST,234
09-Jun-19 8:45:02 AM AST,238
09-Jun-19 9:00:01 AM AST,283
09-Jun-19 9:15:01 AM AST,149
09-Jun-19 9:30:01 AM AST,150
09-Jun-19 9:45:01 AM AST,351
09-Jun-19 10:00:02 AM AST,219
09-Jun-19 10:15:02 AM AST,402
09-Jun-19 10:30:01 AM AST,342
09-Jun-19 10:45:01 AM AST,351
09-Jun-19 11:00:01 AM AST,504
09-Jun-19 11:15:01 AM AST,438
09-Jun-19 11:30:01 AM AST,511
09-Jun-19 11:45:01 AM AST,485
09-Jun-19 12:00:01 PM AST,544
09-Jun-19 12:15:01 PM AST,539
09-Jun-19 12:30:01 PM AST,537
09-Jun-19 12:45:01 PM AST,545
09-Jun-19 1:00:02 PM AST,538
09-Jun-19 1:15:02 PM AST,521
09-Jun-19 1:30:01 PM AST,367
09-Jun-19 1:45:01 PM AST,274
09-Jun-19 2:00:01 PM AST,272
09-Jun-19 2:15:01 PM AST,549
09-Jun-19 2:30:01 PM AST,183
09-Jun-19 2:45:01 PM AST,357
09-Jun-19 3:00:01 PM AST,402
09-Jun-19 3:15:01 PM AST,453
09-Jun-19 3:30:01 PM AST,274
09-Jun-19 3:45:01 PM AST,304
09-Jun-19 4:00:01 PM AST,283
09-Jun-19 4:15:01 PM AST,241
09-Jun-19 4:30:01 PM AST,304
09-Jun-19 4:45:01 PM AST,167
09-Jun-19 5:00:01 PM AST,131
09-Jun-19 5:15:01 PM AST,109
09-Jun-19 5:30:01 PM AST,129
09-Jun-19 5:45:01 PM AST,74
09-Jun-19 6:00:01 PM AST,44
09-Jun-19 6:15:02 PM AST,32
09-Jun-19 6:30:01 PM AST,14
09-Jun-19 6:45:01 PM AST,0
09-Jun-19 7:00:01 PM AST,0
09-Jun-19 7:15:01 PM AST,0
09-Jun-19 7:30:01 PM AST,0
09-Jun-19 7:45:02 PM AST,0
09-Jun-19 8:00:01 PM AST,0
09-Jun-19 8:15:01 PM AST,0
09-Jun-19 8:30:01 PM AST,0
09-Jun-19 8:45:01 PM AST,0
09-Jun-19 9:00:01 PM AST,0
09-Jun-19 9:15:01 PM AST,0
09-Jun-19 9:30:01 PM AST,0
09-Jun-19 9:45:01 PM AST,0
09-Jun-19 10:00:01 PM AST,0
09-Jun-19 10:15:01 PM AST,0
09-Jun-19 10:30:01 PM AST,0
09-Jun-19 10:45:01 PM AST,0
09-Jun-19 11:00:01 PM AST,0
09-Jun-19 11:15:01 PM AST,0
09-Jun-19 11:30:01 PM AST,0
09-Jun-19 11:45:02 PM AST,0
10-Jun-19 12:00:01 AM AST,0
10-Jun-19 12:15:01 AM AST,0
10-Jun-19 12:30:02 AM AST,0
10-Jun-19 12:45:01 AM AST,0
10-Jun-19 1:00:01 AM AST,0
10-Jun-19 1:15:02 AM AST,0
10-Jun-19 1:30:02 AM AST,0
10-Jun-19 1:45:01 AM AST,0
10-Jun-19 2:00:01 AM AST,0
10-Jun-19 2:15:01 AM AST,0
10-Jun-19 2:30:01 AM AST,0
10-Jun-19 2:45:01 AM AST,0
10-Jun-19 3:00:01 AM AST,0
10-Jun-19 3:15:01 AM AST,0
10-Jun-19 3:30:02 AM AST,0
10-Jun-19 3:45:01 AM AST,0
10-Jun-19 4:00:01 AM AST,0
10-Jun-19 4:15:02 AM AST,0
10-Jun-19 4:30:01 AM AST,0
10-Jun-19 4:45:01 AM AST,0
10-Jun-19 5:00:01 AM AST,0
10-Jun-19 5:15:02 AM AST,0
10-Jun-19 5:30:02 AM AST,0
10-Jun-19 5:45:01 AM AST,1
10-Jun-19 6:00:01 AM AST,3
10-Jun-19 6:15:01 AM AST,16
10-Jun-19 6:30:01 AM AST,49
10-Jun-19 6:45:01 AM AST,55
10-Jun-19 7:00:01 AM AST,89
10-Jun-19 7:15:01 AM AST,130
10-Jun-19 7:30:01 AM AST,102
10-Jun-19 7:45:02 AM AST,153
10-Jun-19 8:00:02 AM AST,233
10-Jun-19 8:15:01 AM AST,173
10-Jun-19 8:30:02 AM AST,255
10-Jun-19 8:45:01 AM AST,276
10-Jun-19 9:00:02 AM AST,309
10-Jun-19 9:15:02 AM AST,341
10-Jun-19 9:30:02 AM AST,376
10-Jun-19 9:45:02 AM AST,296
10-Jun-19 10:00:01 AM AST,447
10-Jun-19 10:15:01 AM AST,312
10-Jun-19 10:30:01 AM AST,340
10-Jun-19 10:45:01 AM AST,342
10-Jun-19 11:00:01 AM AST,522
10-Jun-19 11:15:01 AM AST,452
10-Jun-19 11:30:01 AM AST,521
10-Jun-19 11:45:02 AM AST,392
10-Jun-19 12:00:01 PM AST,597
10-Jun-19 12:15:01 PM AST,530
10-Jun-19 12:30:01 PM AST,616
10-Jun-19 12:45:01 PM AST,481
10-Jun-19 1:00:02 PM AST,565
10-Jun-19 1:15:01 PM AST,560
10-Jun-19 1:30:01 PM AST,366
10-Jun-19 1:45:01 PM AST,519
10-Jun-19 2:00:01 PM AST,505
10-Jun-19 2:15:01 PM AST,500
10-Jun-19 2:30:01 PM AST,508
10-Jun-19 2:45:01 PM AST,453
10-Jun-19 3:00:01 PM AST,438
10-Jun-19 3:15:01 PM AST,446
10-Jun-19 3:30:01 PM AST,226
10-Jun-19 3:45:01 PM AST,366
10-Jun-19 4:00:01 PM AST,277
10-Jun-19 4:15:01 PM AST,170
10-Jun-19 4:30:02 PM AST,133
10-Jun-19 4:45:01 PM AST,205
10-Jun-19 5:00:01 PM AST,227
10-Jun-19 5:15:01 PM AST,218
10-Jun-19 5:30:01 PM AST,169
10-Jun-19 5:45:01 PM AST,100
10-Jun-19 6:00:01 PM AST,69
10-Jun-19 6:15:01 PM AST,41
10-Jun-19 6:30:01 PM AST,26
10-Jun-19 6:45:01 PM AST,5
10-Jun-19 7:00:02 PM AST,0
10-Jun-19 7:15:01 PM AST,0
10-Jun-19 7:30:02 PM AST,0
10-Jun-19 7:45:01 PM AST,0
10-Jun-19 8:00:01 PM AST,0
10-Jun-19 8:15:01 PM AST,0
10-Jun-19 8:30:01 PM AST,0
10-Jun-19 8:45:01 PM AST,0
10-Jun-19 9:00:01 PM AST,0
10-Jun-19 9:15:01 PM AST,0
10-Jun-19 9:30:01 PM AST,0
10-Jun-19 9:45:01 PM AST,0
10-Jun-19 10:00:01 PM AST,0
10-Jun-19 10:15:01 PM AST,0
10-Jun-19 10:30:02 PM AST,0
10-Jun-19 10:45:01 PM AST,0
10-Jun-19 11:00:01 PM AST,0
10-Jun-19 11:15:01 PM AST,0
10-Jun-19 11:30:01 PM AST,0
10-Jun-19 11:45:01 PM AST,0
11-Jun-19 12:00:01 AM AST,0
11-Jun-19 12:15:01 AM AST,0
11-Jun-19 12:30:02 AM AST,0
11-Jun-19 12:45:02 AM AST,0
11-Jun-19 1:00:01 AM AST,0
11-Jun-19 1:15:01 AM AST,0
11-Jun-19 1:30:01 AM AST,0
11-Jun-19 1:45:01 AM AST,0
11-Jun-19 2:00:01 AM AST,0
11-Jun-19 2:15:02 AM AST,0
11-Jun-19 2:30:02 AM AST,0
11-Jun-19 2:45:02 AM AST,0
11-Jun-19 3:00:02 AM AST,0
11-Jun-19 3:15:02 AM AST,0
11-Jun-19 3:30:02 AM AST,0
11-Jun-19 3:45:02 AM AST,0
11-Jun-19 4:00:02 AM AST,0
11-Jun-19 4:15:02 AM AST,0
11-Jun-19 4:30:02 AM AST,0
11-Jun-19 4:45:01 AM AST,0
11-Jun-19 5:00:01 AM AST,0
11-Jun-19 5:15:01 AM AST,0
11-Jun-19 5:30:01 AM AST,0
11-Jun-19 5:45:01 AM AST,0
11-Jun-19 6:00:01 AM AST,1
11-Jun-19 6:15:01 AM AST,15
11-Jun-19 6:30:01 AM AST,34
11-Jun-19 6:45:02 AM AST,47
11-Jun-19 7:00:02 AM AST,62
11-Jun-19 7:15:02 AM AST,80
11-Jun-19 7:30:02 AM AST,133
11-Jun-19 7:45:02 AM AST,89
11-Jun-19 8:00:02 AM AST,77
11-Jun-19 8:15:01 AM AST,155
11-Jun-19 8:30:02 AM AST,268
11-Jun-19 8:45:01 AM AST,236
11-Jun-19 9:00:01 AM AST,189
11-Jun-19 9:15:01 AM AST,120
11-Jun-19 9:30:01 AM AST,177
11-Jun-19 9:45:01 AM AST,180
11-Jun-19 10:00:02 AM AST,195
11-Jun-19 10:15:01 AM AST,215
11-Jun-19 10:30:01 AM AST,272
11-Jun-19 10:45:01 AM AST,446
11-Jun-19 11:00:01 AM AST,389
11-Jun-19 11:15:01 AM AST,477
11-Jun-19 11:30:01 AM AST,517
11-Jun-19 11:45:01 AM AST,562
11-Jun-19 12:00:01 PM AST,449
11-Jun-19 12:15:01 PM AST,549
11-Jun-19 12:30:01 PM AST,570
11-Jun-19 12:45:01 PM AST,535
11-Jun-19 1:00:01 PM AST,532
11-Jun-19 1:15:01 PM AST,526
11-Jun-19 1:30:01 PM AST,513
11-Jun-19 1:45:01 PM AST,496
11-Jun-19 2:00:01 PM AST,487
11-Jun-19 2:15:01 PM AST,467
11-Jun-19 2:30:01 PM AST,449
11-Jun-19 2:45:01 PM AST,439
11-Jun-19 3:00:01 PM AST,417
11-Jun-19 3:15:01 PM AST,399
11-Jun-19 3:30:01 PM AST,368
11-Jun-19 3:45:01 PM AST,352
11-Jun-19 4:00:01 PM AST,106
11-Jun-19 4:15:01 PM AST,156
11-Jun-19 4:30:01 PM AST,112
11-Jun-19 4:45:01 PM AST,177
11-Jun-19 5:00:01 PM AST,144
11-Jun-19 5:15:01 PM AST,155
11-Jun-19 5:30:01 PM AST,123
11-Jun-19 5:45:01 PM AST,101
11-Jun-19 6:00:01 PM AST,79
11-Jun-19 6:15:01 PM AST,58
11-Jun-19 6:30:01 PM AST,40
11-Jun-19 6:45:01 PM AST,18
11-Jun-19 7:00:01 PM AST,0
11-Jun-19 7:15:01 PM AST,0
11-Jun-19 7:30:01 PM AST,0
11-Jun-19 7:45:01 PM AST,0
11-Jun-19 8:00:01 PM AST,0
11-Jun-19 8:15:01 PM AST,0
11-Jun-19 8:30:01 PM AST,0
11-Jun-19 8:45:01 PM AST,0
11-Jun-19 9:00:01 PM AST,0
11-Jun-19 9:15:01 PM AST,0
11-Jun-19 9:30:01 PM AST,0
11-Jun-19 9:45:02 PM AST,0
11-Jun-19 10:00:01 PM AST,0
11-Jun-19 10:15:01 PM AST,0
11-Jun-19 10:30:01 PM AST,0
11-Jun-19 10:45:02 PM AST,0
11-Jun-19 11:00:01 PM AST,0
11-Jun-19 11:15:01 PM AST,0
11-Jun-19 11:30:01 PM AST,0
11-Jun-19 11:45:01 PM AST,0
12-Jun-19 12:00:01 AM AST,0
12-Jun-19 12:15:01 AM AST,0
12-Jun-19 12:30:01 AM AST,0
12-Jun-19 12:45:01 AM AST,0
12-Jun-19 1:00:01 AM AST,0
12-Jun-19 1:15:01 AM AST,0
12-Jun-19 1:30:01 AM AST,0
12-Jun-19 1:45:01 AM AST,0
12-Jun-19 2:00:01 AM AST,0
12-Jun-19 2:15:01 AM AST,0
12-Jun-19 2:30:02 AM AST,0
12-Jun-19 2:45:01 AM AST,0
12-Jun-19 3:00:01 AM AST,0
12-Jun-19 3:15:01 AM AST,0
12-Jun-19 3:30:01 AM AST,0
12-Jun-19 3:45:02 AM AST,0
12-Jun-19 4:00:01 AM AST,0
12-Jun-19 4:15:01 AM AST,0
12-Jun-19 4:30:01 AM AST,0
12-Jun-19 4:45:01 AM AST,0
12-Jun-19 5:00:02 AM AST,0
12-Jun-19 5:15:01 AM AST,0
12-Jun-19 5:30:01 AM AST,0
12-Jun-19 5:45:01 AM AST,4
12-Jun-19 6:00:01 AM AST,0
12-Jun-19 6:15:01 AM AST,5
12-Jun-19 6:30:01 AM AST,15
12-Jun-19 6:45:01 AM AST,19
12-Jun-19 7:00:01 AM AST,34
12-Jun-19 7:15:01 AM AST,58
12-Jun-19 7:30:01 AM AST,69
12-Jun-19 7:45:01 AM AST,127
12-Jun-19 8:00:01 AM AST,83
12-Jun-19 8:15:01 AM AST,114
12-Jun-19 8:30:01 AM AST,188
12-Jun-19 8:45:01 AM AST,222
12-Jun-19 9:00:01 AM AST,323
12-Jun-19 9:15:01 AM AST,410
12-Jun-19 9:30:01 AM AST,303
12-Jun-19 9:45:01 AM AST,358
12-Jun-19 10:00:01 AM AST,435
12-Jun-19 10:15:01 AM AST,448
12-Jun-19 10:30:01 AM AST,477
12-Jun-19 10:45:01 AM AST,474
12-Jun-19 11:00:01 AM AST,488
12-Jun-19 11:15:01 AM AST,505
12-Jun-19 11:30:02 AM AST,512
12-Jun-19 11:45:01 AM AST,517
12-Jun-19 12:00:01 PM AST,527
12-Jun-19 12:15:01 PM AST,529
12-Jun-19 12:30:01 PM AST,532
12-Jun-19 12:45:02 PM AST,534
12-Jun-19 1:00:01 PM AST,528
12-Jun-19 1:15:01 PM AST,521
12-Jun-19 1:30:02 PM AST,511
12-Jun-19 1:45:01 PM AST,501
12-Jun-19 2:00:01 PM AST,489
12-Jun-19 2:15:01 PM AST,473
12-Jun-19 2:30:01 PM AST,455
12-Jun-19 2:45:01 PM AST,438
12-Jun-19 3:00:02 PM AST,416
12-Jun-19 3:15:01 PM AST,389
12-Jun-19 3:30:01 PM AST,362
12-Jun-19 3:45:02 PM AST,331
12-Jun-19 4:00:01 PM AST,306
12-Jun-19 4:15:01 PM AST,276
12-Jun-19 4:30:01 PM AST,240
12-Jun-19 4:45:01 PM AST,220
12-Jun-19 5:00:01 PM AST,183
12-Jun-19 5:15:01 PM AST,151
12-Jun-19 5:30:01 PM AST,118
12-Jun-19 5:45:01 PM AST,88
12-Jun-19 6:00:01 PM AST,62
12-Jun-19 6:15:01 PM AST,37
12-Jun-19 6:30:01 PM AST,13
12-Jun-19 6:45:01 PM AST,3
12-Jun-19 7:00:01 PM AST,1
12-Jun-19 7:15:01 PM AST,3
12-Jun-19 7:30:01 PM AST,0
12-Jun-19 7:45:01 PM AST,0
12-Jun-19 8:00:02 PM AST,0
12-Jun-19 8:15:01 PM AST,0
12-Jun-19 8:30:01 PM AST,0
12-Jun-19 8:45:01 PM AST,0
12-Jun-19 9:00:01 PM AST,0
12-Jun-19 9:15:01 PM AST,0
12-Jun-19 9:30:01 PM AST,0
12-Jun-19 9:45:01 PM AST,0
12-Jun-19 10:00:01 PM AST,0
12-Jun-19 10:15:01 PM AST,0
12-Jun-19 10:30:01 PM AST,0
12-Jun-19 10:45:01 PM AST,0
12-Jun-19 11:00:01 PM AST,0
12-Jun-19 11:15:01 PM AST,0
12-Jun-19 11:30:01 PM AST,0
12-Jun-19 11:45:01 PM AST,0
13-Jun-19 12:00:01 AM AST,0
13-Jun-19 12:15:01 AM AST,0
13-Jun-19 12:30:01 AM AST,0
13-Jun-19 12:45:01 AM AST,0
13-Jun-19 1:00:01 AM AST,0
13-Jun-19 1:15:02 AM AST,0
13-Jun-19 1:30:01 AM AST,0
13-Jun-19 1:45:01 AM AST,0
13-Jun-19 2:00:01 AM AST,0
13-Jun-19 2:15:01 AM AST,0
13-Jun-19 2:30:02 AM AST,0
13-Jun-19 2:45:01 AM AST,0
13-Jun-19 3:00:01 AM AST,0
13-Jun-19 3:15:01 AM AST,0
13-Jun-19 3:30:01 AM AST,0
13-Jun-19 3:45:01 AM AST,0
13-Jun-19 4:00:02 AM AST,0
13-Jun-19 4:15:01 AM AST,0
13-Jun-19 4:30:01 AM AST,0
13-Jun-19 4:45:01 AM AST,0
13-Jun-19 5:00:01 AM AST,0
13-Jun-19 5:15:02 AM AST,0
13-Jun-19 5:30:01 AM AST,0
13-Jun-19 5:45:01 AM AST,0
13-Jun-19 6:00:01 AM AST,4
13-Jun-19 6:15:02 AM AST,18
13-Jun-19 6:30:01 AM AST,26
13-Jun-19 6:45:01 AM AST,41
13-Jun-19 7:00:01 AM AST,68
13-Jun-19 7:15:01 AM AST,98
13-Jun-19 7:30:02 AM AST,137
13-Jun-19 7:45:01 AM AST,134
13-Jun-19 8:00:01 AM AST,142
13-Jun-19 8:15:01 AM AST,197
13-Jun-19 8:30:01 AM AST,253
13-Jun-19 8:45:01 AM AST,283
13-Jun-19 9:00:01 AM AST,319
13-Jun-19 9:15:01 AM AST,355
13-Jun-19 9:30:01 AM AST,381
13-Jun-19 9:45:01 AM AST,404
13-Jun-19 10:00:02 AM AST,431
13-Jun-19 10:15:02 AM AST,452
13-Jun-19 10:30:01 AM AST,471
13-Jun-19 10:45:01 AM AST,482
13-Jun-19 11:00:01 AM AST,507
13-Jun-19 11:15:01 AM AST,519
13-Jun-19 11:30:01 AM AST,532
13-Jun-19 11:45:01 AM AST,540
13-Jun-19 12:00:01 PM AST,541
13-Jun-19 12:15:01 PM AST,549
13-Jun-19 12:30:01 PM AST,551
13-Jun-19 12:45:02 PM AST,549
13-Jun-19 1:00:01 PM AST,544
13-Jun-19 1:15:02 PM AST,540
13-Jun-19 1:30:02 PM AST,538
13-Jun-19 1:45:01 PM AST,525
13-Jun-19 2:00:01 PM AST,514
13-Jun-19 2:15:02 PM AST,495
13-Jun-19 2:30:02 PM AST,474
13-Jun-19 2:45:01 PM AST,455
13-Jun-19 3:00:02 PM AST,436
13-Jun-19 3:15:01 PM AST,409
13-Jun-19 3:30:01 PM AST,386
13-Jun-19 3:45:02 PM AST,357
13-Jun-19 4:00:01 PM AST,327
13-Jun-19 4:15:01 PM AST,293
13-Jun-19 4:30:01 PM AST,258
13-Jun-19 4:45:02 PM AST,223
13-Jun-19 5:00:02 PM AST,182
13-Jun-19 5:15:01 PM AST,148
13-Jun-19 5:30:01 PM AST,120
13-Jun-19 5:45:01 PM AST,87
13-Jun-19 6:00:01 PM AST,67
13-Jun-19 6:15:01 PM AST,42
13-Jun-19 6:30:01 PM AST,18
13-Jun-19 6:45:02 PM AST,2
13-Jun-19 7:00:01 PM AST,2
13-Jun-19 7:15:01 PM AST,0
13-Jun-19 7:30:01 PM AST,0
13-Jun-19 7:45:01 PM AST,0
13-Jun-19 8:00:01 PM AST,0
13-Jun-19 8:15:01 PM AST,0
13-Jun-19 8:30:02 PM AST,0
13-Jun-19 8:45:02 PM AST,0
13-Jun-19 9:00:01 PM AST,0
13-Jun-19 9:15:01 PM AST,0
13-Jun-19 9:30:02 PM AST,0
13-Jun-19 9:45:01 PM AST,0
13-Jun-19 10:00:02 PM AST,0
13-Jun-19 10:15:01 PM AST,0
13-Jun-19 10:30:01 PM AST,0
13-Jun-19 10:45:01 PM AST,0
13-Jun-19 11:00:01 PM AST,0
13-Jun-19 11:15:01 PM AST,0
13-Jun-19 11:30:01 PM AST,0
13-Jun-19 11:45:01 PM AST,0
14-Jun-19 12:00:02 AM AST,0
14-Jun-19 12:15:02 AM AST,0
14-Jun-19 12:30:01 AM AST,0
14-Jun-19 12:45:02 AM AST,0
14-Jun-19 1:00:01 AM AST,0
14-Jun-19 1:15:01 AM AST,0
14-Jun-19 1:30:01 AM AST,0
14-Jun-19 1:45:02 AM AST,0
14-Jun-19 2:00:01 AM AST,0
14-Jun-19 2:15:02 AM AST,0
14-Jun-19 2:30:01 AM AST,0
14-Jun-19 2:45:01 AM AST,0
14-Jun-19 3:00:01 AM AST,0
14-Jun-19 3:15:02 AM AST,0
14-Jun-19 3:30:02 AM AST,0
14-Jun-19 3:45:01 AM AST,0
14-Jun-19 4:00:01 AM AST,0
14-Jun-19 4:15:01 AM AST,0
14-Jun-19 4:30:01 AM AST,0
14-Jun-19 4:45:01 AM AST,0
14-Jun-19 5:00:01 AM AST,0
14-Jun-19 5:15:01 AM AST,0
14-Jun-19 5:30:01 AM AST,0
14-Jun-19 5:45:01 AM AST,1
14-Jun-19 6:00:01 AM AST,12
14-Jun-19 6:15:01 AM AST,29
14-Jun-19 6:30:01 AM AST,58
14-Jun-19 6:45:01 AM AST,74
14-Jun-19 7:00:01 AM AST,98
14-Jun-19 7:15:01 AM AST,124
14-Jun-19 7:30:01 AM AST,151
14-Jun-19 7:45:01 AM AST,179
14-Jun-19 8:00:01 AM AST,206
14-Jun-19 8:15:01 AM AST,236
14-Jun-19 8:30:01 AM AST,262
14-Jun-19 8:45:02 AM AST,284
14-Jun-19 9:00:01 AM AST,314
14-Jun-19 9:15:01 AM AST,341
14-Jun-19 9:30:01 AM AST,375
14-Jun-19 9:45:01 AM AST,403
14-Jun-19 10:00:01 AM AST,424
14-Jun-19 10:15:01 AM AST,448
14-Jun-19 10:30:01 AM AST,469
14-Jun-19 10:45:02 AM AST,485
14-Jun-19 11:00:01 AM AST,506
14-Jun-19 11:15:01 AM AST,518
14-Jun-19 11:30:01 AM AST,531
14-Jun-19 11:45:01 AM AST,535
14-Jun-19 12:00:01 PM AST,544
14-Jun-19 12:15:01 PM AST,547
14-Jun-19 12:30:01 PM AST,551
14-Jun-19 12:45:01 PM AST,542
14-Jun-19 1:00:02 PM AST,537
14-Jun-19 1:15:01 PM AST,524
14-Jun-19 1:30:01 PM AST,522
14-Jun-19 1:45:01 PM AST,519
14-Jun-19 2:00:01 PM AST,498
14-Jun-19 2:15:01 PM AST,483
14-Jun-19 2:30:01 PM AST,468
14-Jun-19 2:45:01 PM AST,453
14-Jun-19 3:00:01 PM AST,430
14-Jun-19 3:15:01 PM AST,405
14-Jun-19 3:30:01 PM AST,372
14-Jun-19 3:45:01 PM AST,346
14-Jun-19 4:00:01 PM AST,317
14-Jun-19 4:15:01 PM AST,288
14-Jun-19 4:30:02 PM AST,248
14-Jun-19 4:45:01 PM AST,221
14-Jun-19 5:00:01 PM AST,187
14-Jun-19 5:15:02 PM AST,155
14-Jun-19 5:30:01 PM AST,120
14-Jun-19 5:45:01 PM AST,91
14-Jun-19 6:00:01 PM AST,62
14-Jun-19 6:15:01 PM AST,36
14-Jun-19 6:30:01 PM AST,15
14-Jun-19 6:45:01 PM AST,1
14-Jun-19 7:00:01 PM AST,2
14-Jun-19 7:15:01 PM AST,2
14-Jun-19 7:30:01 PM AST,0
14-Jun-19 7:45:01 PM AST,0
14-Jun-19 8:00:01 PM AST,0
14-Jun-19 8:15:01 PM AST,0
14-Jun-19 8:30:01 PM AST,0
14-Jun-19 8:45:02 PM AST,0
14-Jun-19 9:00:01 PM AST,0
14-Jun-19 9:15:01 PM AST,0
14-Jun-19 9:30:02 PM AST,0
14-Jun-19 9:45:01 PM AST,0
14-Jun-19 10:00:01 PM AST,0
14-Jun-19 10:15:01 PM AST,0
14-Jun-19 10:30:01 PM AST,0
14-Jun-19 10:45:01 PM AST,0
14-Jun-19 11:00:01 PM AST,0
14-Jun-19 11:15:02 PM AST,0
14-Jun-19 11:30:01 PM AST,0
14-Jun-19 11:45:01 PM AST,0
15-Jun-19 12:00:01 AM AST,0
15-Jun-19 12:15:01 AM AST,0
15-Jun-19 12:30:01 AM AST,0
15-Jun-19 12:45:01 AM AST,0
15-Jun-19 1:00:01 AM AST,0
15-Jun-19 1:15:01 AM AST,0
15-Jun-19 1:30:01 AM AST,0
15-Jun-19 1:45:01 AM AST,0
15-Jun-19 2:00:01 AM AST,0
15-Jun-19 2:15:01 AM AST,0
15-Jun-19 2:30:01 AM AST,0
15-Jun-19 2:45:01 AM AST,0
15-Jun-19 3:00:01 AM AST,0
15-Jun-19 3:15:01 AM AST,0
15-Jun-19 3:30:01 AM AST,0
15-Jun-19 3:45:02 AM AST,0
15-Jun-19 4:00:01 AM AST,0
15-Jun-19 4:15:01 AM AST,0
15-Jun-19 4:30:01 AM AST,0
15-Jun-19 4:45:01 AM AST,0
15-Jun-19 5:00:02 AM AST,0
15-Jun-19 5:15:01 AM AST,0
15-Jun-19 5:30:02 AM AST,0
15-Jun-19 5:45:01 AM AST,2
15-Jun-19 6:00:01 AM AST,9
15-Jun-19 6:15:01 AM AST,25
15-Jun-19 6:30:02 AM AST,46
15-Jun-19 6:45:01 AM AST,74
15-Jun-19 7:00:01 AM AST,98
15-Jun-19 7:15:01 AM AST,126
15-Jun-19 7:30:02 AM AST,146
15-Jun-19 7:45:01 AM AST,178
15-Jun-19 8:00:02 AM AST,203
15-Jun-19 8:15:01 AM AST,231
15-Jun-19 8:30:01 AM AST,258
15-Jun-19 8:45:02 AM AST,287
15-Jun-19 9:00:02 AM AST,328
15-Jun-19 9:15:02 AM AST,261
15-Jun-19 9:30:02 AM AST,291
15-Jun-19 9:45:01 AM AST,307
15-Jun-19 10:00:02 AM AST,325
15-Jun-19 10:15:01 AM AST,342
15-Jun-19 10:30:01 AM AST,349
15-Jun-19 10:45:01 AM AST,367
15-Jun-19 11:00:01 AM AST,379
15-Jun-19 11:15:01 AM AST,420
15-Jun-19 11:30:01 AM AST,393
15-Jun-19 11:45:02 AM AST,526
15-Jun-19 12:00:01 PM AST,530
15-Jun-19 12:15:01 PM AST,532
15-Jun-19 12:30:01 PM AST,536
15-Jun-19 12:45:01 PM AST,536
15-Jun-19 1:00:01 PM AST,533
15-Jun-19 1:15:01 PM AST,526
15-Jun-19 1:30:01 PM AST,519
15-Jun-19 1:45:01 PM AST,510
15-Jun-19 2:00:01 PM AST,500
15-Jun-19 2:15:01 PM AST,482
15-Jun-19 2:30:01 PM AST,465
15-Jun-19 2:45:01 PM AST,443
15-Jun-19 3:00:01 PM AST,419
15-Jun-19 3:15:01 PM AST,400
15-Jun-19 3:30:01 PM AST,375
15-Jun-19 3:45:01 PM AST,354
15-Jun-19 4:00:02 PM AST,327
15-Jun-19 4:15:01 PM AST,289
15-Jun-19 4:30:01 PM AST,258
15-Jun-19 4:45:01 PM AST,226
15-Jun-19 5:00:01 PM AST,185
15-Jun-19 5:15:01 PM AST,150
15-Jun-19 5:30:02 PM AST,116
15-Jun-19 5:45:01 PM AST,93
15-Jun-19 6:00:02 PM AST,66
15-Jun-19 6:15:01 PM AST,47
15-Jun-19 6:30:01 PM AST,23
15-Jun-19 6:45:01 PM AST,5
15-Jun-19 7:00:01 PM AST,1
15-Jun-19 7:15:01 PM AST,0
15-Jun-19 7:30:01 PM AST,0
15-Jun-19 7:45:01 PM AST,0
15-Jun-19 8:00:01 PM AST,0
15-Jun-19 8:15:01 PM AST,0
15-Jun-19 8:30:01 PM AST,0
15-Jun-19 8:45:01 PM AST,0
15-Jun-19 9:00:01 PM AST,0
15-Jun-19 9:15:01 PM AST,0
15-Jun-19 9:30:01 PM AST,0
15-Jun-19 9:45:01 PM AST,0
15-Jun-19 10:00:01 PM AST,0
15-Jun-19 10:15:01 PM AST,0
15-Jun-19 10:30:01 PM AST,0
15-Jun-19 10:45:01 PM AST,0
15-Jun-19 11:00:01 PM AST,0
15-Jun-19 11:15:01 PM AST,0
15-Jun-19 11:30:01 PM AST,0
15-Jun-19 11:45:01 PM AST,0
16-Jun-19 12:00:01 AM AST,0
16-Jun-19 12:15:02 AM AST,0
16-Jun-19 12:30:01 AM AST,0
16-Jun-19 12:45:01 AM AST,0
16-Jun-19 1:00:01 AM AST,0
16-Jun-19 1:15:01 AM AST,0
16-Jun-19 1:30:02 AM AST,0
16-Jun-19 1:45:01 AM AST,0
16-Jun-19 2:00:01 AM AST,0
16-Jun-19 2:15:01 AM AST,0
16-Jun-19 2:30:01 AM AST,0
16-Jun-19 2:45:01 AM AST,0
16-Jun-19 3:00:01 AM AST,0
16-Jun-19 3:15:01 AM AST,0
16-Jun-19 3:30:01 AM AST,0
16-Jun-19 3:45:02 AM AST,0
16-Jun-19 4:00:02 AM AST,0
16-Jun-19 4:15:02 AM AST,0
16-Jun-19 4:30:02 AM AST,0
16-Jun-19 4:45:01 AM AST,0
16-Jun-19 5:00:01 AM AST,0
16-Jun-19 5:15:01 AM AST,0
16-Jun-19 5:30:02 AM AST,0
16-Jun-19 5:45:02 AM AST,5
16-Jun-19 6:00:01 AM AST,0
16-Jun-19 6:15:01 AM AST,13
16-Jun-19 6:30:01 AM AST,38
16-Jun-19 6:45:01 AM AST,54
16-Jun-19 7:00:01 AM AST,67
16-Jun-19 7:15:01 AM AST,60
16-Jun-19 7:30:01 AM AST,96
16-Jun-19 7:45:01 AM AST,79
16-Jun-19 8:00:01 AM AST,84
16-Jun-19 8:15:01 AM AST,93
16-Jun-19 8:30:02 AM AST,127
16-Jun-19 8:45:01 AM AST,146
16-Jun-19 9:00:01 AM AST,352
16-Jun-19 9:15:01 AM AST,373
16-Jun-19 9:30:01 AM AST,176
16-Jun-19 9:45:01 AM AST,357
16-Jun-19 10:00:01 AM AST,314
16-Jun-19 10:15:01 AM AST,305
16-Jun-19 10:30:01 AM AST,260
16-Jun-19 10:45:01 AM AST,467
16-Jun-19 11:00:01 AM AST,327
16-Jun-19 11:15:01 AM AST,541
16-Jun-19 11:30:01 AM AST,232
16-Jun-19 11:45:01 AM AST,273
16-Jun-19 12:00:01 PM AST,441
16-Jun-19 12:15:02 PM AST,194
16-Jun-19 12:30:01 PM AST,285
16-Jun-19 12:45:02 PM AST,547
16-Jun-19 1:00:01 PM AST,527
16-Jun-19 1:15:02 PM AST,240
16-Jun-19 1:30:01 PM AST,529
16-Jun-19 1:45:01 PM AST,501
16-Jun-19 2:00:01 PM AST,487
16-Jun-19 2:15:01 PM AST,489
16-Jun-19 2:30:01 PM AST,464
16-Jun-19 2:45:01 PM AST,479
16-Jun-19 3:00:01 PM AST,394
16-Jun-19 3:15:01 PM AST,250
16-Jun-19 3:30:01 PM AST,186
16-Jun-19 3:45:01 PM AST,246
16-Jun-19 4:00:01 PM AST,345
16-Jun-19 4:15:01 PM AST,143
16-Jun-19 4:30:02 PM AST,249
16-Jun-19 4:45:01 PM AST,147
16-Jun-19 5:00:01 PM AST,103
16-Jun-19 5:15:02 PM AST,106
16-Jun-19 5:30:01 PM AST,75
16-Jun-19 5:45:01 PM AST,49
16-Jun-19 6:00:01 PM AST,34
16-Jun-19 6:15:01 PM AST,38
16-Jun-19 6:30:01 PM AST,11
16-Jun-19 6:45:01 PM AST,0
16-Jun-19 7:00:01 PM AST,1
16-Jun-19 7:15:02 PM AST,0
16-Jun-19 7:30:01 PM AST,0
16-Jun-19 7:45:01 PM AST,0
16-Jun-19 8:00:01 PM AST,0
16-Jun-19 8:15:01 PM AST,0
16-Jun-19 8:30:01 PM AST,0
16-Jun-19 8:45:01 PM AST,0
16-Jun-19 9:00:01 PM AST,0
16-Jun-19 9:15:01 PM AST,0
16-Jun-19 9:30:01 PM AST,0
16-Jun-19 9:45:01 PM AST,0
16-Jun-19 10:00:01 PM AST,0
16-Jun-19 10:15:02 PM AST,0
16-Jun-19 10:30:01 PM AST,0
16-Jun-19 10:45:01 PM AST,0
16-Jun-19 11:00:01 PM AST,0
16-Jun-19 11:15:01 PM AST,0
16-Jun-19 11:30:02 PM AST,0
16-Jun-19 11:45:01 PM AST,0
17-Jun-19 12:00:01 AM AST,0
17-Jun-19 12:15:02 AM AST,0
17-Jun-19 12:30:01 AM AST,0
17-Jun-19 12:45:01 AM AST,0
17-Jun-19 1:00:01 AM AST,0
17-Jun-19 1:15:01 AM AST,0
17-Jun-19 1:30:01 AM AST,0
17-Jun-19 1:45:01 AM AST,0
17-Jun-19 2:00:01 AM AST,0
17-Jun-19 2:15:02 AM AST,0
17-Jun-19 2:30:02 AM AST,0
17-Jun-19 2:45:01 AM AST,0
17-Jun-19 3:00:01 AM AST,0
17-Jun-19 3:15:01 AM AST,0
17-Jun-19 3:30:02 AM AST,0
17-Jun-19 3:45:01 AM AST,0
17-Jun-19 4:00:01 AM AST,0
17-Jun-19 4:15:02 AM AST,0
17-Jun-19 4:30:01 AM AST,0
17-Jun-19 4:45:01 AM AST,0
17-Jun-19 5:00:02 AM AST,0
17-Jun-19 5:15:01 AM AST,0
17-Jun-19 5:30:01 AM AST,0
17-Jun-19 5:45:01 AM AST,8
17-Jun-19 6:00:01 AM AST,0
17-Jun-19 6:15:01 AM AST,4
17-Jun-19 6:30:01 AM AST,13
17-Jun-19 6:45:01 AM AST,28
17-Jun-19 7:00:01 AM AST,31
17-Jun-19 7:15:02 AM AST,60
17-Jun-19 7:30:01 AM AST,163
17-Jun-19 7:45:02 AM AST,187
17-Jun-19 8:00:02 AM AST,216
17-Jun-19 8:15:01 AM AST,246
17-Jun-19 8:30:01 AM AST,276
17-Jun-19 8:45:01 AM AST,314
17-Jun-19 9:00:01 AM AST,329
17-Jun-19 9:15:01 AM AST,385
17-Jun-19 9:30:01 AM AST,413
17-Jun-19 9:45:02 AM AST,433
17-Jun-19 10:00:01 AM AST,461
17-Jun-19 10:15:01 AM AST,474
17-Jun-19 10:30:01 AM AST,493
17-Jun-19 10:45:01 AM AST,504
17-Jun-19 11:00:01 AM AST,522
17-Jun-19 11:15:02 AM AST,531
17-Jun-19 11:30:01 AM AST,544
17-Jun-19 11:45:01 AM AST,553
17-Jun-19 12:00:01 PM AST,559
17-Jun-19 12:15:02 PM AST,557
17-Jun-19 12:30:01 PM AST,557
17-Jun-19 12:45:02 PM AST,555
17-Jun-19 1:00:01 PM AST,555
17-Jun-19 1:15:02 PM AST,547
17-Jun-19 1:30:02 PM AST,540
17-Jun-19 1:45:01 PM AST,525
17-Jun-19 2:00:01 PM AST,522
17-Jun-19 2:15:01 PM AST,514
17-Jun-19 2:30:01 PM AST,468
17-Jun-19 2:45:01 PM AST,449
17-Jun-19 3:00:01 PM AST,442
17-Jun-19 3:15:01 PM AST,352
17-Jun-19 3:30:01 PM AST,312
17-Jun-19 3:45:01 PM AST,372
17-Jun-19 4:00:01 PM AST,323
17-Jun-19 4:15:01 PM AST,229
17-Jun-19 4:30:01 PM AST,268
17-Jun-19 4:45:02 PM AST,195
17-Jun-19 5:00:01 PM AST,91
17-Jun-19 5:15:01 PM AST,99
17-Jun-19 5:30:01 PM AST,103
17-Jun-19 5:45:02 PM AST,62
17-Jun-19 6:00:01 PM AST,47
17-Jun-19 6:15:01 PM AST,29
17-Jun-19 6:30:01 PM AST,13
17-Jun-19 6:45:01 PM AST,1
17-Jun-19 7:00:01 PM AST,2
17-Jun-19 7:15:02 PM AST,0
17-Jun-19 7:30:01 PM AST,0
17-Jun-19 7:45:02 PM AST,0
17-Jun-19 8:00:01 PM AST,0
17-Jun-19 8:15:01 PM AST,0
17-Jun-19 8:30:01 PM AST,0
17-Jun-19 8:45:01 PM AST,0
17-Jun-19 9:00:02 PM AST,0
17-Jun-19 9:15:01 PM AST,0
17-Jun-19 9:30:01 PM AST,0
17-Jun-19 9:45:01 PM AST,0
17-Jun-19 10:00:01 PM AST,0
17-Jun-19 10:15:01 PM AST,0
17-Jun-19 10:30:01 PM AST,0
17-Jun-19 10:45:02 PM AST,0
17-Jun-19 11:00:01 PM AST,0
17-Jun-19 11:15:01 PM AST,0
17-Jun-19 11:30:01 PM AST,0
17-Jun-19 11:45:01 PM AST,0
18-Jun-19 12:00:01 AM AST,0
18-Jun-19 12:15:01 AM AST,0
18-Jun-19 12:30:01 AM AST,0
18-Jun-19 12:45:01 AM AST,0
18-Jun-19 1:00:02 AM AST,0
18-Jun-19 1:15:01 AM AST,0
18-Jun-19 1:30:01 AM AST,0
18-Jun-19 1:45:01 AM AST,0
18-Jun-19 2:00:01 AM AST,0
18-Jun-19 2:15:01 AM AST,0
18-Jun-19 2:30:02 AM AST,0
18-Jun-19 2:45:01 AM AST,0
18-Jun-19 3:00:01 AM AST,0
18-Jun-19 3:15:01 AM AST,0
18-Jun-19 3:30:01 AM AST,0
18-Jun-19 3:45:02 AM AST,0
18-Jun-19 4:00:01 AM AST,0
18-Jun-19 4:15:01 AM AST,0
18-Jun-19 4:30:01 AM AST,0
18-Jun-19 4:45:02 AM AST,0
18-Jun-19 5:00:02 AM AST,0
18-Jun-19 5:15:01 AM AST,0
18-Jun-19 5:30:01 AM AST,0
18-Jun-19 5:45:01 AM AST,0
18-Jun-19 6:00:01 AM AST,2
18-Jun-19 6:15:02 AM AST,12
18-Jun-19 6:30:01 AM AST,24
18-Jun-19 6:45:02 AM AST,41
18-Jun-19 7:00:01 AM AST,95
18-Jun-19 7:15:01 AM AST,113
18-Jun-19 7:30:01 AM AST,154
18-Jun-19 7:45:01 AM AST,197
18-Jun-19 8:00:01 AM AST,182
18-Jun-19 8:15:01 AM AST,219
18-Jun-19 8:30:01 AM AST,291
18-Jun-19 8:45:01 AM AST,330
18-Jun-19 9:00:02 AM AST,401
18-Jun-19 9:15:01 AM AST,416
18-Jun-19 9:30:01 AM AST,449
18-Jun-19 9:45:01 AM AST,466
18-Jun-19 10:00:01 AM AST,434
18-Jun-19 10:15:01 AM AST,494
18-Jun-19 10:30:01 AM AST,434
18-Jun-19 10:45:01 AM AST,538
18-Jun-19 11:00:01 AM AST,536
18-Jun-19 11:15:02 AM AST,556
18-Jun-19 11:30:01 AM AST,568
18-Jun-19 11:45:02 AM AST,589
18-Jun-19 12:00:01 PM AST,617
18-Jun-19 12:15:01 PM AST,605
18-Jun-19 12:30:01 PM AST,529
18-Jun-19 12:45:01 PM AST,584
18-Jun-19 1:00:01 PM AST,613
18-Jun-19 1:15:01 PM AST,621
18-Jun-19 1:30:01 PM AST,358
18-Jun-19 1:45:01 PM AST,226
18-Jun-19 2:00:01 PM AST,386
18-Jun-19 2:15:01 PM AST,345
18-Jun-19 2:30:01 PM AST,251
18-Jun-19 2:45:01 PM AST,523
18-Jun-19 3:00:01 PM AST,206
18-Jun-19 3:15:01 PM AST,300
18-Jun-19 3:30:01 PM AST,408
18-Jun-19 3:45:01 PM AST,335
18-Jun-19 4:00:01 PM AST,303
18-Jun-19 4:15:01 PM AST,288
18-Jun-19 4:30:01 PM AST,263
18-Jun-19 4:45:01 PM AST,250
18-Jun-19 5:00:01 PM AST,162
18-Jun-19 5:15:01 PM AST,109
18-Jun-19 5:30:02 PM AST,142
18-Jun-19 5:45:02 PM AST,88
18-Jun-19 6:00:01 PM AST,99
18-Jun-19 6:15:01 PM AST,57
18-Jun-19 6:30:01 PM AST,33
18-Jun-19 6:45:01 PM AST,8
18-Jun-19 7:00:01 PM AST,1
18-Jun-19 7:15:01 PM AST,0
18-Jun-19 7:30:02 PM AST,0
18-Jun-19 7:45:01 PM AST,0
18-Jun-19 8:00:01 PM AST,0
18-Jun-19 8:15:01 PM AST,0
18-Jun-19 8:30:01 PM AST,0
18-Jun-19 8:45:01 PM AST,0
18-Jun-19 9:00:02 PM AST,0
18-Jun-19 9:15:01 PM AST,0
18-Jun-19 9:30:01 PM AST,0
18-Jun-19 9:45:01 PM AST,0
18-Jun-19 10:00:01 PM AST,0
18-Jun-19 10:15:01 PM AST,0
18-Jun-19 10:30:01 PM AST,0
18-Jun-19 10:45:01 PM AST,0
18-Jun-19 11:00:02 PM AST,0
18-Jun-19 11:15:01 PM AST,0
18-Jun-19 11:30:01 PM AST,0
18-Jun-19 11:45:01 PM AST,0
19-Jun-19 12:00:01 AM AST,0
19-Jun-19 12:15:01 AM AST,0
19-Jun-19 12:30:01 AM AST,0
19-Jun-19 12:45:02 AM AST,0
19-Jun-19 1:00:01 AM AST,0
19-Jun-19 1:15:01 AM AST,0
19-Jun-19 1:30:01 AM AST,0
19-Jun-19 1:45:01 AM AST,0
19-Jun-19 2:00:01 AM AST,0
19-Jun-19 2:15:01 AM AST,0
19-Jun-19 2:30:01 AM AST,0
19-Jun-19 2:45:01 AM AST,0
19-Jun-19 3:00:01 AM AST,0
19-Jun-19 3:15:01 AM AST,0
19-Jun-19 3:30:01 AM AST,0
19-Jun-19 3:45:01 AM AST,0
19-Jun-19 4:00:01 AM AST,0
19-Jun-19 4:15:01 AM AST,0
19-Jun-19 4:30:02 AM AST,0
19-Jun-19 4:45:01 AM AST,0
19-Jun-19 5:00:01 AM AST,0
19-Jun-19 5:15:01 AM AST,0
19-Jun-19 5:30:01 AM AST,0
19-Jun-19 5:45:01 AM AST,2
19-Jun-19 6:00:01 AM AST,0
19-Jun-19 6:15:02 AM AST,15
19-Jun-19 6:30:01 AM AST,33
19-Jun-19 6:45:01 AM AST,70
19-Jun-19 7:00:02 AM AST,95
19-Jun-19 7:15:01 AM AST,119
19-Jun-19 7:30:01 AM AST,146
19-Jun-19 7:45:02 AM AST,179
19-Jun-19 8:00:02 AM AST,206
19-Jun-19 8:15:01 AM AST,236
19-Jun-19 8:30:01 AM AST,259
19-Jun-19 8:45:01 AM AST,291
19-Jun-19 9:00:01 AM AST,329
19-Jun-19 9:15:02 AM AST,366
19-Jun-19 9:30:01 AM AST,392
19-Jun-19 9:45:01 AM AST,415
19-Jun-19 10:00:01 AM AST,454
19-Jun-19 10:15:01 AM AST,474
19-Jun-19 10:30:01 AM AST,488
19-Jun-19 10:45:01 AM AST,510
19-Jun-19 11:00:01 AM AST,512
19-Jun-19 11:15:02 AM AST,531
19-Jun-19 11:30:01 AM AST,527
19-Jun-19 11:45:01 AM AST,543
19-Jun-19 12:00:01 PM AST,551
19-Jun-19 12:15:01 PM AST,554
19-Jun-19 12:30:01 PM AST,557
19-Jun-19 12:45:02 PM AST,557
19-Jun-19 1:00:01 PM AST,558
19-Jun-19 1:15:01 PM AST,547
19-Jun-19 1:30:01 PM AST,542
19-Jun-19 1:45:01 PM AST,532
19-Jun-19 2:00:01 PM AST,518
19-Jun-19 2:15:02 PM AST,502
19-Jun-19 2:30:01 PM AST,486
19-Jun-19 2:45:01 PM AST,468
19-Jun-19 3:00:01 PM AST,443
19-Jun-19 3:15:01 PM AST,411
19-Jun-19 3:30:01 PM AST,390
19-Jun-19 3:45:01 PM AST,366
19-Jun-19 4:00:01 PM AST,341
19-Jun-19 4:15:01 PM AST,309
19-Jun-19 4:30:02 PM AST,269
19-Jun-19 4:45:01 PM AST,236
19-Jun-19 5:00:01 PM AST,202
19-Jun-19 5:15:01 PM AST,163
19-Jun-19 5:30:01 PM AST,129
19-Jun-19 5:45:01 PM AST,94
19-Jun-19 6:00:01 PM AST,73
19-Jun-19 6:15:01 PM AST,44
19-Jun-19 6:30:02 PM AST,23
19-Jun-19 6:45:01 PM AST,6
19-Jun-19 7:00:01 PM AST,0
19-Jun-19 7:15:01 PM AST,1
19-Jun-19 7:30:01 PM AST,0
19-Jun-19 7:45:02 PM AST,0
19-Jun-19 8:00:01 PM AST,0
19-Jun-19 8:15:01 PM AST,0
19-Jun-19 8:30:01 PM AST,0
19-Jun-19 8:45:01 PM AST,0
19-Jun-19 9:00:02 PM AST,0
19-Jun-19 9:15:01 PM AST,0
19-Jun-19 9:30:01 PM AST,0
19-Jun-19 9:45:01 PM AST,0
19-Jun-19 10:00:01 PM AST,0
19-Jun-19 10:15:01 PM AST,0
19-Jun-19 10:30:01 PM AST,0
19-Jun-19 10:45:02 PM AST,0
19-Jun-19 11:00:01 PM AST,0
19-Jun-19 11:15:01 PM AST,0
19-Jun-19 11:30:01 PM AST,0
19-Jun-19 11:45:01 PM AST,0
20-Jun-19 12:00:01 AM AST,0
20-Jun-19 12:15:01 AM AST,0
20-Jun-19 12:30:01 AM AST,0
20-Jun-19 12:45:01 AM AST,0
20-Jun-19 1:00:01 AM AST,0
20-Jun-19 1:15:01 AM AST,0
20-Jun-19 1:30:02 AM AST,0
20-Jun-19 1:45:01 AM AST,0
20-Jun-19 2:00:01 AM AST,0
20-Jun-19 2:15:02 AM AST,0
20-Jun-19 2:30:01 AM AST,0
20-Jun-19 2:45:01 AM AST,0
20-Jun-19 3:00:01 AM AST,0
20-Jun-19 3:15:01 AM AST,0
20-Jun-19 3:30:01 AM AST,0
20-Jun-19 3:45:01 AM AST,0
20-Jun-19 4:00:01 AM AST,0
20-Jun-19 4:15:01 AM AST,0
20-Jun-19 4:30:02 AM AST,0
20-Jun-19 4:45:02 AM AST,0
20-Jun-19 5:00:01 AM AST,0
20-Jun-19 5:15:02 AM AST,0
20-Jun-19 5:30:01 AM AST,0
20-Jun-19 5:45:01 AM AST,0
20-Jun-19 6:00:01 AM AST,10
20-Jun-19 6:15:01 AM AST,25
20-Jun-19 6:30:01 AM AST,47
20-Jun-19 6:45:01 AM AST,68
20-Jun-19 7:00:01 AM AST,95
20-Jun-19 7:15:01 AM AST,117
20-Jun-19 7:30:01 AM AST,143
20-Jun-19 7:45:01 AM AST,171
20-Jun-19 8:00:01 AM AST,197
20-Jun-19 8:15:02 AM AST,227
20-Jun-19 8:30:02 AM AST,257
20-Jun-19 8:45:02 AM AST,289
20-Jun-19 9:00:02 AM AST,318
20-Jun-19 9:15:01 AM AST,342
20-Jun-19 9:30:02 AM AST,370
20-Jun-19 9:45:02 AM AST,387
20-Jun-19 10:00:02 AM AST,411
20-Jun-19 10:15:01 AM AST,433
20-Jun-19 10:30:01 AM AST,455
20-Jun-19 10:45:01 AM AST,475
20-Jun-19 11:00:01 AM AST,485
20-Jun-19 11:15:01 AM AST,495
20-Jun-19 11:30:01 AM AST,510
20-Jun-19 11:45:01 AM AST,518
20-Jun-19 12:00:02 PM AST,522
20-Jun-19 12:15:01 PM AST,526
20-Jun-19 12:30:01 PM AST,536
20-Jun-19 12:45:01 PM AST,540
20-Jun-19 1:00:01 PM AST,535
20-Jun-19 1:15:02 PM AST,530
20-Jun-19 1:30:01 PM AST,520
20-Jun-19 1:45:01 PM AST,511
20-Jun-19 2:00:02 PM AST,502
20-Jun-19 2:15:01 PM AST,489
20-Jun-19 2:30:01 PM AST,473
20-Jun-19 2:45:02 PM AST,464
20-Jun-19 3:00:01 PM AST,442
20-Jun-19 3:15:01 PM AST,415
20-Jun-19 3:30:01 PM AST,385
20-Jun-19 3:45:01 PM AST,357
20-Jun-19 4:00:01 PM AST,326
20-Jun-19 4:15:01 PM AST,292
20-Jun-19 4:30:02 PM AST,260
20-Jun-19 4:45:02 PM AST,223
20-Jun-19 5:00:01 PM AST,196
20-Jun-19 5:15:01 PM AST,169
20-Jun-19 5:30:02 PM AST,137
20-Jun-19 5:45:01 PM AST,101
20-Jun-19 6:00:01 PM AST,71
20-Jun-19 6:15:01 PM AST,42
20-Jun-19 6:30:01 PM AST,20
20-Jun-19 6:45:01 PM AST,4
20-Jun-19 7:00:01 PM AST,0
20-Jun-19 7:15:01 PM AST,0
20-Jun-19 7:30:01 PM AST,0
20-Jun-19 7:45:01 PM AST,0
20-Jun-19 8:00:02 PM AST,0
20-Jun-19 8:15:01 PM AST,0
20-Jun-19 8:30:01 PM AST,0
20-Jun-19 8:45:02 PM AST,0
20-Jun-19 9:00:01 PM AST,0
20-Jun-19 9:15:02 PM AST,0
20-Jun-19 9:30:01 PM AST,0
20-Jun-19 9:45:02 PM AST,0
20-Jun-19 10:00:01 PM AST,0
20-Jun-19 10:15:01 PM AST,0
20-Jun-19 10:30:01 PM AST,0
20-Jun-19 10:45:02 PM AST,0
20-Jun-19 11:00:01 PM AST,0
20-Jun-19 11:15:01 PM AST,0
20-Jun-19 11:30:02 PM AST,0
20-Jun-19 11:45:01 PM AST,0
21-Jun-19 12:00:02 AM AST,0
21-Jun-19 12:15:02 AM AST,0
21-Jun-19 12:30:01 AM AST,0
21-Jun-19 12:45:01 AM AST,0
21-Jun-19 1:00:01 AM AST,0
21-Jun-19 1:15:02 AM AST,0
21-Jun-19 1:30:01 AM AST,0
21-Jun-19 1:45:01 AM AST,0
21-Jun-19 2:00:01 AM AST,0
21-Jun-19 2:15:01 AM AST,0
21-Jun-19 2:30:01 AM AST,0
21-Jun-19 2:45:02 AM AST,0
21-Jun-19 3:00:01 AM AST,0
21-Jun-19 3:15:01 AM AST,0
21-Jun-19 3:30:01 AM AST,0
21-Jun-19 3:45:01 AM AST,0
21-Jun-19 4:00:01 AM AST,0
21-Jun-19 4:15:01 AM AST,0
21-Jun-19 4:30:01 AM AST,0
21-Jun-19 4:45:02 AM AST,0
21-Jun-19 5:00:01 AM AST,0
21-Jun-19 5:15:02 AM AST,0
21-Jun-19 5:30:01 AM AST,0
21-Jun-19 5:45:01 AM AST,4
21-Jun-19 6:00:01 AM AST,3
21-Jun-19 6:15:01 AM AST,16
21-Jun-19 6:30:01 AM AST,44
21-Jun-19 6:45:01 AM AST,70
21-Jun-19 7:00:01 AM AST,101
21-Jun-19 7:15:02 AM AST,132
21-Jun-19 7:30:01 AM AST,165
21-Jun-19 7:45:01 AM AST,198
21-Jun-19 8:00:01 AM AST,227
21-Jun-19 8:15:01 AM AST,260
21-Jun-19 8:30:01 AM AST,283
21-Jun-19 8:45:01 AM AST,317
21-Jun-19 9:00:01 AM AST,353
21-Jun-19 9:15:01 AM AST,378
21-Jun-19 9:30:01 AM AST,406
21-Jun-19 9:45:02 AM AST,433
21-Jun-19 10:00:01 AM AST,451
21-Jun-19 10:15:01 AM AST,470
21-Jun-19 10:30:01 AM AST,485
21-Jun-19 10:45:01 AM AST,503
21-Jun-19 11:00:01 AM AST,519
21-Jun-19 11:15:02 AM AST,529
21-Jun-19 11:30:01 AM AST,540
21-Jun-19 11:45:01 AM AST,546
21-Jun-19 12:00:01 PM AST,551
21-Jun-19 12:15:01 PM AST,553
21-Jun-19 12:30:01 PM AST,556
21-Jun-19 12:45:01 PM AST,550
21-Jun-19 1:00:01 PM AST,551
21-Jun-19 1:15:01 PM AST,549
21-Jun-19 1:30:01 PM AST,548
21-Jun-19 1:45:02 PM AST,544
21-Jun-19 2:00:01 PM AST,527
21-Jun-19 2:15:01 PM AST,509
21-Jun-19 2:30:01 PM AST,494
21-Jun-19 2:45:02 PM AST,476
21-Jun-19 3:00:01 PM AST,450
21-Jun-19 3:15:01 PM AST,431
21-Jun-19 3:30:01 PM AST,405
21-Jun-19 3:45:01 PM AST,383
21-Jun-19 4:00:01 PM AST,350
21-Jun-19 4:15:02 PM AST,325
21-Jun-19 4:30:01 PM AST,290
21-Jun-19 4:45:02 PM AST,255
21-Jun-19 5:00:01 PM AST,217
21-Jun-19 5:15:01 PM AST,177
21-Jun-19 5:30:01 PM AST,142
21-Jun-19 5:45:01 PM AST,105
21-Jun-19 6:00:01 PM AST,74
21-Jun-19 6:15:01 PM AST,52
21-Jun-19 6:30:01 PM AST,26
21-Jun-19 6:45:02 PM AST,9
21-Jun-19 7:00:01 PM AST,0
21-Jun-19 7:15:01 PM AST,0
21-Jun-19 7:30:01 PM AST,0
21-Jun-19 7:45:01 PM AST,0
21-Jun-19 8:00:01 PM AST,0
21-Jun-19 8:15:01 PM AST,0
21-Jun-19 8:30:01 PM AST,0
21-Jun-19 8:45:01 PM AST,0
21-Jun-19 9:00:01 PM AST,0
21-Jun-19 9:15:01 PM AST,0
21-Jun-19 9:30:02 PM AST,0
21-Jun-19 9:45:02 PM AST,0
21-Jun-19 10:00:01 PM AST,0
21-Jun-19 10:15:01 PM AST,0
21-Jun-19 10:30:01 PM AST,0
21-Jun-19 10:45:01 PM AST,0
21-Jun-19 11:00:01 PM AST,0
21-Jun-19 11:15:01 PM AST,0
21-Jun-19 11:30:01 PM AST,0
21-Jun-19 11:45:01 PM AST,0
22-Jun-19 12:00:01 AM AST,0
22-Jun-19 12:15:02 AM AST,0
22-Jun-19 12:30:01 AM AST,0
22-Jun-19 12:45:01 AM AST,0
22-Jun-19 1:00:01 AM AST,0
22-Jun-19 1:15:02 AM AST,0
22-Jun-19 1:30:01 AM AST,0
22-Jun-19 1:45:01 AM AST,0
22-Jun-19 2:00:01 AM AST,0
22-Jun-19 2:15:01 AM AST,0
22-Jun-19 2:30:01 AM AST,0
22-Jun-19 2:45:01 AM AST,0
22-Jun-19 3:00:01 AM AST,0
22-Jun-19 3:15:01 AM AST,0
22-Jun-19 3:30:01 AM AST,0
22-Jun-19 3:45:02 AM AST,0
22-Jun-19 4:00:03 AM AST,0
22-Jun-19 4:15:01 AM AST,0
22-Jun-19 4:30:01 AM AST,0
22-Jun-19 4:45:01 AM AST,0
22-Jun-19 5:00:01 AM AST,0
22-Jun-19 5:15:01 AM AST,0
22-Jun-19 5:30:01 AM AST,0
22-Jun-19 5:45:01 AM AST,0
22-Jun-19 6:00:02 AM AST,3
22-Jun-19 6:15:01 AM AST,19
22-Jun-19 6:30:01 AM AST,46
22-Jun-19 6:45:01 AM AST,74
22-Jun-19 7:00:01 AM AST,95
22-Jun-19 7:15:01 AM AST,121
22-Jun-19 7:30:01 AM AST,148
22-Jun-19 7:45:01 AM AST,185
22-Jun-19 8:00:01 AM AST,224
22-Jun-19 8:15:01 AM AST,256
22-Jun-19 8:30:01 AM AST,287
22-Jun-19 8:45:01 AM AST,322
22-Jun-19 9:00:01 AM AST,360
22-Jun-19 9:15:01 AM AST,392
22-Jun-19 9:30:01 AM AST,412
22-Jun-19 9:45:02 AM AST,440
22-Jun-19 10:00:01 AM AST,459
22-Jun-19 10:15:01 AM AST,483
22-Jun-19 10:30:01 AM AST,500
22-Jun-19 10:45:01 AM AST,516
22-Jun-19 11:00:01 AM AST,533
22-Jun-19 11:15:01 AM AST,548
22-Jun-19 11:30:01 AM AST,557
22-Jun-19 11:45:01 AM AST,561
22-Jun-19 12:00:02 PM AST,566
22-Jun-19 12:15:02 PM AST,570
22-Jun-19 12:30:02 PM AST,572
22-Jun-19 12:45:02 PM AST,570
22-Jun-19 1:00:01 PM AST,566
22-Jun-19 1:15:01 PM AST,557
22-Jun-19 1:30:01 PM AST,551
22-Jun-19 1:45:02 PM AST,543
22-Jun-19 2:00:02 PM AST,529
22-Jun-19 2:15:01 PM AST,507
22-Jun-19 2:30:01 PM AST,490
22-Jun-19 2:45:01 PM AST,465
22-Jun-19 3:00:01 PM AST,447
22-Jun-19 3:15:01 PM AST,425
22-Jun-19 3:30:01 PM AST,395
22-Jun-19 3:45:01 PM AST,361
22-Jun-19 4:00:01 PM AST,332
22-Jun-19 4:15:01 PM AST,295
22-Jun-19 4:30:01 PM AST,255
22-Jun-19 4:45:01 PM AST,219
22-Jun-19 5:00:01 PM AST,192
22-Jun-19 5:15:02 PM AST,158
22-Jun-19 5:30:01 PM AST,134
22-Jun-19 5:45:01 PM AST,103
22-Jun-19 6:00:01 PM AST,72
22-Jun-19 6:15:01 PM AST,47
22-Jun-19 6:30:01 PM AST,24
22-Jun-19 6:45:01 PM AST,6
22-Jun-19 7:00:01 PM AST,0
22-Jun-19 7:15:02 PM AST,0
22-Jun-19 7:30:01 PM AST,0
22-Jun-19 7:45:00 PM AST,0
22-Jun-19 8:00:02 PM AST,0
22-Jun-19 8:15:01 PM AST,0
22-Jun-19 8:30:01 PM AST,0
22-Jun-19 8:45:01 PM AST,0
22-Jun-19 9:00:01 PM AST,0
22-Jun-19 9:15:01 PM AST,0
22-Jun-19 9:30:01 PM AST,0
22-Jun-19 9:45:01 PM AST,0
22-Jun-19 10:00:01 PM AST,0
22-Jun-19 10:15:02 PM AST,0
22-Jun-19 10:30:01 PM AST,0
22-Jun-19 10:45:01 PM AST,0
22-Jun-19 11:00:02 PM AST,0
22-Jun-19 11:15:01 PM AST,0
22-Jun-19 11:30:01 PM AST,0
22-Jun-19 11:45:01 PM AST,0
23-Jun-19 12:00:02 AM AST,0
23-Jun-19 12:15:01 AM AST,0
23-Jun-19 12:30:01 AM AST,0
23-Jun-19 12:45:01 AM AST,0
23-Jun-19 1:00:02 AM AST,0
23-Jun-19 1:15:02 AM AST,0
23-Jun-19 1:30:01 AM AST,0
23-Jun-19 1:45:01 AM AST,0
23-Jun-19 2:00:01 AM AST,0
23-Jun-19 2:15:01 AM AST,0
23-Jun-19 2:30:01 AM AST,0
23-Jun-19 2:45:01 AM AST,0
23-Jun-19 3:00:01 AM AST,0
23-Jun-19 3:15:01 AM AST,0
23-Jun-19 3:30:01 AM AST,0
23-Jun-19 3:45:01 AM AST,0
23-Jun-19 4:00:02 AM AST,0
23-Jun-19 4:15:02 AM AST,0
23-Jun-19 4:30:02 AM AST,0
23-Jun-19 4:45:01 AM AST,0
23-Jun-19 5:00:01 AM AST,0
23-Jun-19 5:15:01 AM AST,0
23-Jun-19 5:30:01 AM AST,0
23-Jun-19 5:45:01 AM AST,1
23-Jun-19 6:00:02 AM AST,5
23-Jun-19 6:15:02 AM AST,17
23-Jun-19 6:30:02 AM AST,43
23-Jun-19 6:45:01 AM AST,67
23-Jun-19 7:00:02 AM AST,87
23-Jun-19 7:15:01 AM AST,109
23-Jun-19 7:30:01 AM AST,137
23-Jun-19 7:45:02 AM AST,148
23-Jun-19 8:00:01 AM AST,194
23-Jun-19 8:15:01 AM AST,206
23-Jun-19 8:30:01 AM AST,243
23-Jun-19 8:45:01 AM AST,264
23-Jun-19 9:00:02 AM AST,279
23-Jun-19 9:15:02 AM AST,325
23-Jun-19 9:30:01 AM AST,360
23-Jun-19 9:45:02 AM AST,388
23-Jun-19 10:00:01 AM AST,421
23-Jun-19 10:15:01 AM AST,441
23-Jun-19 10:30:01 AM AST,463
23-Jun-19 10:45:01 AM AST,474
23-Jun-19 11:00:02 AM AST,488
23-Jun-19 11:15:01 AM AST,508
23-Jun-19 11:30:01 AM AST,514
23-Jun-19 11:45:01 AM AST,526
23-Jun-19 12:00:01 PM AST,532
23-Jun-19 12:15:01 PM AST,539
23-Jun-19 12:30:02 PM AST,539
23-Jun-19 12:45:01 PM AST,538
23-Jun-19 1:00:01 PM AST,536
23-Jun-19 1:15:01 PM AST,530
23-Jun-19 1:30:01 PM AST,519
23-Jun-19 1:45:00 PM AST,511
23-Jun-19 2:00:01 PM AST,474
23-Jun-19 2:15:01 PM AST,484
23-Jun-19 2:30:01 PM AST,464
23-Jun-19 2:45:01 PM AST,444
23-Jun-19 3:00:02 PM AST,423
23-Jun-19 3:15:02 PM AST,397
23-Jun-19 3:30:02 PM AST,368
23-Jun-19 3:45:02 PM AST,346
23-Jun-19 4:00:02 PM AST,315
23-Jun-19 4:15:01 PM AST,282
23-Jun-19 4:30:01 PM AST,257
23-Jun-19 4:45:01 PM AST,221
23-Jun-19 5:00:01 PM AST,191
23-Jun-19 5:15:01 PM AST,155
23-Jun-19 5:30:01 PM AST,119
23-Jun-19 5:45:01 PM AST,90
23-Jun-19 6:00:02 PM AST,64
23-Jun-19 6:15:01 PM AST,38
23-Jun-19 6:30:01 PM AST,20
23-Jun-19 6:45:01 PM AST,4
23-Jun-19 7:00:01 PM AST,0
23-Jun-19 7:15:01 PM AST,1
23-Jun-19 7:30:01 PM AST,0
23-Jun-19 7:45:01 PM AST,0
23-Jun-19 8:00:01 PM AST,0
23-Jun-19 8:15:01 PM AST,0
23-Jun-19 8:30:01 PM AST,0
23-Jun-19 8:45:01 PM AST,0
23-Jun-19 9:00:01 PM AST,0
23-Jun-19 9:15:01 PM AST,0
23-Jun-19 9:30:01 PM AST,0
23-Jun-19 9:45:01 PM AST,0
23-Jun-19 10:00:02 PM AST,0
23-Jun-19 10:15:01 PM AST,0
23-Jun-19 10:30:01 PM AST,0
23-Jun-19 10:45:01 PM AST,0
23-Jun-19 11:00:01 PM AST,0
23-Jun-19 11:15:02 PM AST,0
23-Jun-19 11:30:01 PM AST,0
23-Jun-19 11:45:02 PM AST,0
24-Jun-19 12:00:01 AM AST,0
24-Jun-19 12:15:02 AM AST,0
24-Jun-19 12:30:01 AM AST,0
24-Jun-19 12:45:01 AM AST,0
24-Jun-19 1:00:01 AM AST,0
24-Jun-19 1:15:01 AM AST,0
24-Jun-19 1:30:01 AM AST,0
24-Jun-19 1:45:01 AM AST,0
24-Jun-19 2:00:01 AM AST,0
24-Jun-19 2:15:01 AM AST,0
24-Jun-19 2:30:01 AM AST,0
24-Jun-19 2:45:01 AM AST,0
24-Jun-19 3:00:01 AM AST,0
24-Jun-19 3:15:02 AM AST,0
24-Jun-19 3:30:01 AM AST,0
24-Jun-19 3:45:01 AM AST,0
24-Jun-19 4:00:02 AM AST,0
24-Jun-19 4:15:01 AM AST,0
24-Jun-19 4:30:02 AM AST,0
24-Jun-19 4:45:01 AM AST,0
24-Jun-19 5:00:01 AM AST,0
24-Jun-19 5:15:01 AM AST,0
24-Jun-19 5:30:02 AM AST,0
24-Jun-19 5:45:01 AM AST,0
24-Jun-19 6:00:01 AM AST,4
24-Jun-19 6:15:01 AM AST,24
24-Jun-19 6:30:01 AM AST,50
24-Jun-19 6:45:01 AM AST,76
24-Jun-19 7:00:01 AM AST,97
24-Jun-19 7:15:02 AM AST,126
24-Jun-19 7:30:02 AM AST,146
24-Jun-19 7:45:01 AM AST,164
24-Jun-19 8:00:01 AM AST,189
24-Jun-19 8:15:01 AM AST,215
24-Jun-19 8:30:01 AM AST,241
24-Jun-19 8:45:01 AM AST,267
24-Jun-19 9:00:01 AM AST,265
24-Jun-19 9:15:01 AM AST,305
24-Jun-19 9:30:01 AM AST,344
24-Jun-19 9:45:01 AM AST,366
24-Jun-19 10:00:01 AM AST,391
24-Jun-19 10:15:01 AM AST,416
24-Jun-19 10:30:01 AM AST,437
24-Jun-19 10:45:02 AM AST,450
24-Jun-19 11:00:01 AM AST,469
24-Jun-19 11:15:02 AM AST,479
24-Jun-19 11:30:01 AM AST,497
24-Jun-19 11:45:02 AM AST,506
24-Jun-19 12:00:02 PM AST,514
24-Jun-19 12:15:01 PM AST,517
24-Jun-19 12:30:02 PM AST,518
24-Jun-19 12:45:01 PM AST,521
24-Jun-19 1:00:01 PM AST,518
24-Jun-19 1:15:01 PM AST,513
24-Jun-19 1:30:01 PM AST,506
24-Jun-19 1:45:01 PM AST,495
24-Jun-19 2:00:01 PM AST,485
24-Jun-19 2:15:01 PM AST,469
24-Jun-19 2:30:01 PM AST,446
24-Jun-19 2:45:01 PM AST,433
24-Jun-19 3:00:01 PM AST,410
24-Jun-19 3:15:01 PM AST,392
24-Jun-19 3:30:01 PM AST,369
24-Jun-19 3:45:01 PM AST,342
24-Jun-19 4:00:01 PM AST,316
24-Jun-19 4:15:01 PM AST,283
24-Jun-19 4:30:02 PM AST,248
24-Jun-19 4:45:01 PM AST,216
24-Jun-19 5:00:01 PM AST,183
24-Jun-19 5:15:01 PM AST,161
24-Jun-19 5:30:01 PM AST,120
24-Jun-19 5:45:02 PM AST,100
24-Jun-19 6:00:01 PM AST,70
24-Jun-19 6:15:02 PM AST,49
24-Jun-19 6:30:01 PM AST,29
24-Jun-19 6:45:01 PM AST,9
24-Jun-19 7:00:01 PM AST,0
24-Jun-19 7:15:01 PM AST,0
24-Jun-19 7:30:01 PM AST,0
24-Jun-19 7:45:02 PM AST,0
24-Jun-19 8:00:01 PM AST,0
24-Jun-19 8:15:01 PM AST,0
24-Jun-19 8:30:01 PM AST,0
24-Jun-19 8:45:01 PM AST,0
24-Jun-19 9:00:01 PM AST,0
24-Jun-19 9:15:01 PM AST,0
24-Jun-19 9:30:01 PM AST,0
24-Jun-19 9:45:01 PM AST,0
24-Jun-19 10:00:02 PM AST,0
24-Jun-19 10:15:01 PM AST,0
24-Jun-19 10:30:02 PM AST,0
24-Jun-19 10:45:01 PM AST,0
24-Jun-19 11:00:01 PM AST,0
24-Jun-19 11:15:01 PM AST,0
24-Jun-19 11:30:01 PM AST,0
24-Jun-19 11:45:02 PM AST,0
25-Jun-19 12:00:01 AM AST,0
25-Jun-19 12:15:01 AM AST,0
25-Jun-19 12:30:01 AM AST,0
25-Jun-19 12:45:01 AM AST,0
25-Jun-19 1:00:01 AM AST,0
25-Jun-19 1:15:01 AM AST,0
25-Jun-19 1:30:01 AM AST,0
25-Jun-19 1:45:02 AM AST,0
25-Jun-19 2:00:01 AM AST,0
25-Jun-19 2:15:01 AM AST,0
25-Jun-19 2:30:01 AM AST,0
25-Jun-19 2:45:01 AM AST,0
25-Jun-19 3:00:01 AM AST,0
25-Jun-19 3:15:01 AM AST,0
25-Jun-19 3:30:01 AM AST,0
25-Jun-19 3:45:01 AM AST,0
25-Jun-19 4:00:01 AM AST,0
25-Jun-19 4:15:01 AM AST,0
25-Jun-19 4:30:01 AM AST,0
25-Jun-19 4:45:02 AM AST,0
25-Jun-19 5:00:01 AM AST,0
25-Jun-19 5:15:01 AM AST,0
25-Jun-19 5:30:01 AM AST,0
25-Jun-19 5:45:01 AM AST,0
25-Jun-19 6:00:01 AM AST,6
25-Jun-19 6:15:02 AM AST,30
25-Jun-19 6:30:01 AM AST,48
25-Jun-19 6:45:01 AM AST,72
25-Jun-19 7:00:01 AM AST,95
25-Jun-19 7:15:02 AM AST,122
25-Jun-19 7:30:01 AM AST,149
25-Jun-19 7:45:02 AM AST,172
25-Jun-19 8:00:01 AM AST,195
25-Jun-19 8:15:01 AM AST,220
25-Jun-19 8:30:01 AM AST,241
25-Jun-19 8:45:01 AM AST,272
25-Jun-19 9:00:01 AM AST,296
25-Jun-19 9:15:01 AM AST,329
25-Jun-19 9:30:01 AM AST,358
25-Jun-19 9:45:01 AM AST,395
25-Jun-19 10:00:02 AM AST,416
25-Jun-19 10:15:01 AM AST,443
25-Jun-19 10:30:01 AM AST,460
25-Jun-19 10:45:01 AM AST,480
25-Jun-19 11:00:01 AM AST,493
25-Jun-19 11:15:01 AM AST,500
25-Jun-19 11:30:01 AM AST,514
25-Jun-19 11:45:02 AM AST,513
25-Jun-19 12:00:01 PM AST,519
25-Jun-19 12:15:01 PM AST,532
25-Jun-19 12:30:01 PM AST,534
25-Jun-19 12:45:01 PM AST,541
25-Jun-19 1:00:01 PM AST,547
25-Jun-19 1:15:02 PM AST,541
25-Jun-19 1:30:02 PM AST,525
25-Jun-19 1:45:01 PM AST,512
25-Jun-19 2:00:02 PM AST,501
25-Jun-19 2:15:02 PM AST,481
25-Jun-19 2:30:02 PM AST,462
25-Jun-19 2:45:01 PM AST,440
25-Jun-19 3:00:02 PM AST,398
25-Jun-19 3:15:01 PM AST,371
25-Jun-19 3:30:02 PM AST,337
25-Jun-19 3:45:01 PM AST,223
25-Jun-19 4:00:01 PM AST,229
25-Jun-19 4:15:01 PM AST,173
25-Jun-19 4:30:01 PM AST,179
25-Jun-19 4:45:01 PM AST,137
25-Jun-19 5:00:02 PM AST,130
25-Jun-19 5:15:01 PM AST,134
25-Jun-19 5:30:01 PM AST,106
25-Jun-19 5:45:01 PM AST,107
25-Jun-19 6:00:01 PM AST,70
25-Jun-19 6:15:01 PM AST,36
25-Jun-19 6:30:01 PM AST,16
25-Jun-19 6:45:01 PM AST,2
25-Jun-19 7:00:01 PM AST,0
25-Jun-19 7:15:01 PM AST,0
25-Jun-19 7:30:01 PM AST,0
25-Jun-19 7:45:01 PM AST,0
25-Jun-19 8:00:01 PM AST,0
25-Jun-19 8:15:02 PM AST,0
25-Jun-19 8:30:01 PM AST,0
25-Jun-19 8:45:01 PM AST,0
25-Jun-19 9:00:01 PM AST,0
25-Jun-19 9:15:01 PM AST,0
25-Jun-19 9:30:01 PM AST,0
25-Jun-19 9:45:02 PM AST,0
25-Jun-19 10:00:01 PM AST,0
25-Jun-19 10:15:01 PM AST,0
25-Jun-19 10:30:01 PM AST,0
25-Jun-19 10:45:01 PM AST,0
25-Jun-19 11:00:01 PM AST,0
25-Jun-19 11:15:01 PM AST,0
25-Jun-19 11:30:01 PM AST,0
25-Jun-19 11:45:01 PM AST,0
26-Jun-19 12:00:01 AM AST,0
26-Jun-19 12:15:01 AM AST,0
26-Jun-19 12:30:01 AM AST,0
26-Jun-19 12:45:01 AM AST,0
26-Jun-19 1:00:01 AM AST,0
26-Jun-19 1:15:01 AM AST,0
26-Jun-19 1:30:01 AM AST,0
26-Jun-19 1:45:01 AM AST,0
26-Jun-19 2:00:01 AM AST,0
26-Jun-19 2:15:01 AM AST,0
26-Jun-19 2:30:01 AM AST,0
26-Jun-19 2:45:02 AM AST,0
26-Jun-19 3:00:01 AM AST,0
26-Jun-19 3:15:01 AM AST,0
26-Jun-19 3:30:01 AM AST,0
26-Jun-19 3:45:01 AM AST,0
26-Jun-19 4:00:01 AM AST,0
26-Jun-19 4:15:01 AM AST,0
26-Jun-19 4:30:01 AM AST,0
26-Jun-19 4:45:01 AM AST,0
26-Jun-19 5:00:01 AM AST,0
26-Jun-19 5:15:02 AM AST,0
26-Jun-19 5:30:01 AM AST,0
26-Jun-19 5:45:01 AM AST,4
26-Jun-19 6:00:01 AM AST,0
26-Jun-19 6:15:01 AM AST,18
26-Jun-19 6:30:01 AM AST,43
26-Jun-19 6:45:01 AM AST,72
26-Jun-19 7:00:01 AM AST,101
26-Jun-19 7:15:02 AM AST,120
26-Jun-19 7:30:01 AM AST,131
26-Jun-19 7:45:01 AM AST,149
26-Jun-19 8:00:01 AM AST,172
26-Jun-19 8:15:01 AM AST,196
26-Jun-19 8:30:01 AM AST,221
26-Jun-19 8:45:01 AM AST,248
26-Jun-19 9:00:02 AM AST,277
26-Jun-19 9:15:01 AM AST,301
26-Jun-19 9:30:01 AM AST,325
26-Jun-19 9:45:01 AM AST,365
26-Jun-19 10:00:01 AM AST,391
26-Jun-19 10:15:01 AM AST,408
26-Jun-19 10:30:02 AM AST,429
26-Jun-19 10:45:01 AM AST,443
26-Jun-19 11:00:01 AM AST,462
26-Jun-19 11:15:01 AM AST,473
26-Jun-19 11:30:01 AM AST,483
26-Jun-19 11:45:01 AM AST,494
26-Jun-19 12:00:01 PM AST,498
26-Jun-19 12:15:02 PM AST,502
26-Jun-19 12:30:01 PM AST,498
26-Jun-19 12:45:02 PM AST,509
26-Jun-19 1:00:01 PM AST,506
26-Jun-19 1:15:02 PM AST,501
26-Jun-19 1:30:01 PM AST,493
26-Jun-19 1:45:01 PM AST,485
26-Jun-19 2:00:01 PM AST,445
26-Jun-19 2:15:01 PM AST,461
26-Jun-19 2:30:01 PM AST,448
26-Jun-19 2:45:01 PM AST,430
26-Jun-19 3:00:01 PM AST,415
26-Jun-19 3:15:01 PM AST,389
26-Jun-19 3:30:01 PM AST,370
26-Jun-19 3:45:02 PM AST,341
26-Jun-19 4:00:01 PM AST,315
26-Jun-19 4:15:01 PM AST,283
26-Jun-19 4:30:01 PM AST,250
26-Jun-19 4:45:01 PM AST,219
26-Jun-19 5:00:01 PM AST,187
26-Jun-19 5:15:01 PM AST,153
26-Jun-19 5:30:01 PM AST,127
26-Jun-19 5:45:01 PM AST,95
26-Jun-19 6:00:01 PM AST,75
26-Jun-19 6:15:01 PM AST,48
26-Jun-19 6:30:02 PM AST,21
26-Jun-19 6:45:01 PM AST,4
26-Jun-19 7:00:02 PM AST,0
26-Jun-19 7:15:01 PM AST,0
26-Jun-19 7:30:01 PM AST,0
26-Jun-19 7:45:01 PM AST,0
26-Jun-19 8:00:02 PM AST,0
26-Jun-19 8:15:02 PM AST,0
26-Jun-19 8:30:02 PM AST,0
26-Jun-19 8:45:01 PM AST,0
26-Jun-19 9:00:01 PM AST,0
26-Jun-19 9:15:01 PM AST,0
26-Jun-19 9:30:01 PM AST,0
26-Jun-19 9:45:01 PM AST,0
26-Jun-19 10:00:01 PM AST,0
26-Jun-19 10:15:02 PM AST,0
26-Jun-19 10:30:02 PM AST,0
26-Jun-19 10:45:02 PM AST,0
26-Jun-19 11:00:01 PM AST,0
26-Jun-19 11:15:01 PM AST,0
26-Jun-19 11:30:02 PM AST,0
26-Jun-19 11:45:01 PM AST,0
27-Jun-19 12:00:01 AM AST,0
27-Jun-19 12:15:01 AM AST,0
27-Jun-19 12:30:01 AM AST,0
27-Jun-19 12:45:01 AM AST,0
27-Jun-19 1:00:01 AM AST,0
27-Jun-19 1:15:01 AM AST,0
27-Jun-19 1:30:01 AM AST,0
27-Jun-19 1:45:01 AM AST,0
27-Jun-19 2:00:01 AM AST,0
27-Jun-19 2:15:01 AM AST,0
27-Jun-19 2:30:01 AM AST,0
27-Jun-19 2:45:01 AM AST,0
27-Jun-19 3:00:01 AM AST,0
27-Jun-19 3:15:01 AM AST,0
27-Jun-19 3:30:01 AM AST,0
27-Jun-19 3:45:01 AM AST,0
27-Jun-19 4:00:01 AM AST,0
27-Jun-19 4:15:01 AM AST,0
27-Jun-19 4:30:01 AM AST,0
27-Jun-19 4:45:01 AM AST,0
27-Jun-19 5:00:01 AM AST,0
27-Jun-19 5:15:01 AM AST,0
27-Jun-19 5:30:02 AM AST,0
27-Jun-19 5:45:01 AM AST,4
27-Jun-19 6:00:01 AM AST,5
27-Jun-19 6:15:01 AM AST,23
27-Jun-19 6:30:01 AM AST,56
27-Jun-19 6:45:01 AM AST,27
27-Jun-19 7:00:01 AM AST,57
27-Jun-19 7:15:01 AM AST,71
27-Jun-19 7:30:01 AM AST,136
27-Jun-19 7:45:01 AM AST,152
27-Jun-19 8:00:01 AM AST,191
27-Jun-19 8:15:01 AM AST,230
27-Jun-19 8:30:01 AM AST,204
27-Jun-19 8:45:01 AM AST,292
27-Jun-19 9:00:01 AM AST,233
27-Jun-19 9:15:01 AM AST,306
27-Jun-19 9:30:02 AM AST,338
27-Jun-19 9:45:01 AM AST,362
27-Jun-19 10:00:01 AM AST,391
27-Jun-19 10:15:02 AM AST,410
27-Jun-19 10:30:01 AM AST,433
27-Jun-19 10:45:02 AM AST,451
27-Jun-19 11:00:01 AM AST,462
27-Jun-19 11:15:01 AM AST,476
27-Jun-19 11:30:01 AM AST,486
27-Jun-19 11:45:01 AM AST,491
27-Jun-19 12:00:01 PM AST,495
27-Jun-19 12:15:01 PM AST,501
27-Jun-19 12:30:01 PM AST,513
27-Jun-19 12:45:01 PM AST,515
27-Jun-19 1:00:01 PM AST,516
27-Jun-19 1:15:01 PM AST,514
27-Jun-19 1:30:01 PM AST,506
27-Jun-19 1:45:02 PM AST,501
27-Jun-19 2:00:01 PM AST,485
27-Jun-19 2:15:02 PM AST,477
27-Jun-19 2:30:01 PM AST,461
27-Jun-19 2:45:01 PM AST,446
27-Jun-19 3:00:01 PM AST,419
27-Jun-19 3:15:01 PM AST,393
27-Jun-19 3:30:01 PM AST,366
27-Jun-19 3:45:01 PM AST,329
27-Jun-19 4:00:02 PM AST,300
27-Jun-19 4:15:02 PM AST,279
27-Jun-19 4:30:01 PM AST,249
27-Jun-19 4:45:02 PM AST,223
27-Jun-19 5:00:01 PM AST,188
27-Jun-19 5:15:01 PM AST,153
27-Jun-19 5:30:02 PM AST,125
27-Jun-19 5:45:01 PM AST,98
27-Jun-19 6:00:01 PM AST,70
27-Jun-19 6:15:02 PM AST,49
27-Jun-19 6:30:02 PM AST,27
27-Jun-19 6:45:01 PM AST,10
27-Jun-19 7:00:01 PM AST,0
27-Jun-19 7:15:02 PM AST,0
27-Jun-19 7:30:01 PM AST,0
27-Jun-19 7:45:01 PM AST,0
27-Jun-19 8:00:01 PM AST,0
27-Jun-19 8:15:01 PM AST,0
27-Jun-19 8:30:02 PM AST,0
27-Jun-19 8:45:01 PM AST,0
27-Jun-19 9:00:01 PM AST,0
27-Jun-19 9:15:01 PM AST,0
27-Jun-19 9:30:01 PM AST,0
27-Jun-19 9:45:02 PM AST,0
27-Jun-19 10:00:01 PM AST,0
27-Jun-19 10:15:01 PM AST,0
27-Jun-19 10:30:01 PM AST,0
27-Jun-19 10:45:02 PM AST,0
27-Jun-19 11:00:01 PM AST,0
27-Jun-19 11:15:01 PM AST,0
27-Jun-19 11:30:01 PM AST,0
27-Jun-19 11:45:02 PM AST,0
28-Jun-19 12:00:01 AM AST,0
28-Jun-19 12:15:01 AM AST,0
28-Jun-19 12:30:01 AM AST,0
28-Jun-19 12:45:03 AM AST,0
28-Jun-19 1:00:01 AM AST,0
28-Jun-19 1:15:01 AM AST,0
28-Jun-19 1:30:01 AM AST,0
28-Jun-19 1:45:01 AM AST,0
28-Jun-19 2:00:01 AM AST,0
28-Jun-19 2:15:01 AM AST,0
28-Jun-19 2:30:01 AM AST,0
28-Jun-19 2:45:01 AM AST,0
28-Jun-19 3:00:01 AM AST,0
28-Jun-19 3:15:01 AM AST,0
28-Jun-19 3:30:01 AM AST,0
28-Jun-19 3:45:01 AM AST,0
28-Jun-19 4:00:01 AM AST,0
28-Jun-19 4:15:01 AM AST,0
28-Jun-19 4:30:02 AM AST,0
28-Jun-19 4:45:01 AM AST,0
28-Jun-19 5:00:01 AM AST,0
28-Jun-19 5:15:01 AM AST,0
28-Jun-19 5:30:02 AM AST,0
28-Jun-19 5:45:01 AM AST,3
28-Jun-19 6:00:01 AM AST,5
28-Jun-19 6:15:01 AM AST,21
28-Jun-19 6:30:01 AM AST,45
28-Jun-19 6:45:01 AM AST,67
28-Jun-19 7:00:01 AM AST,90
28-Jun-19 7:15:02 AM AST,117
28-Jun-19 7:30:01 AM AST,136
28-Jun-19 7:45:01 AM AST,163
28-Jun-19 8:00:01 AM AST,184
28-Jun-19 8:15:01 AM AST,213
28-Jun-19 8:30:01 AM AST,249
28-Jun-19 8:45:01 AM AST,280
28-Jun-19 9:00:01 AM AST,318
28-Jun-19 9:15:01 AM AST,347
28-Jun-19 9:30:01 AM AST,373
28-Jun-19 9:45:01 AM AST,404
28-Jun-19 10:00:01 AM AST,420
28-Jun-19 10:15:01 AM AST,430
28-Jun-19 10:30:01 AM AST,444
28-Jun-19 10:45:01 AM AST,470
28-Jun-19 11:00:01 AM AST,491
28-Jun-19 11:15:01 AM AST,511
28-Jun-19 11:30:01 AM AST,522
28-Jun-19 11:45:01 AM AST,534
28-Jun-19 12:00:01 PM AST,536
28-Jun-19 12:15:01 PM AST,540
28-Jun-19 12:30:01 PM AST,542
28-Jun-19 12:45:01 PM AST,539
28-Jun-19 1:00:01 PM AST,545
28-Jun-19 1:15:01 PM AST,533
28-Jun-19 1:30:01 PM AST,529
28-Jun-19 1:45:01 PM AST,520
28-Jun-19 2:00:01 PM AST,505
28-Jun-19 2:15:02 PM AST,492
28-Jun-19 2:30:01 PM AST,474
28-Jun-19 2:45:01 PM AST,456
28-Jun-19 3:00:01 PM AST,436
28-Jun-19 3:15:02 PM AST,410
28-Jun-19 3:30:01 PM AST,390
28-Jun-19 3:45:01 PM AST,361
28-Jun-19 4:00:01 PM AST,331
28-Jun-19 4:15:02 PM AST,299
28-Jun-19 4:30:01 PM AST,266
28-Jun-19 4:45:01 PM AST,231
28-Jun-19 5:00:01 PM AST,197
28-Jun-19 5:15:01 PM AST,165
28-Jun-19 5:30:01 PM AST,136
28-Jun-19 5:45:01 PM AST,101
28-Jun-19 6:00:01 PM AST,77
28-Jun-19 6:15:01 PM AST,53
28-Jun-19 6:30:01 PM AST,27
28-Jun-19 6:45:01 PM AST,6
28-Jun-19 7:00:01 PM AST,0
28-Jun-19 7:15:01 PM AST,0
28-Jun-19 7:30:01 PM AST,0
28-Jun-19 7:45:01 PM AST,0
28-Jun-19 8:00:01 PM AST,0
28-Jun-19 8:15:01 PM AST,0
28-Jun-19 8:30:02 PM AST,0
28-Jun-19 8:45:01 PM AST,0
28-Jun-19 9:00:01 PM AST,0
28-Jun-19 9:15:01 PM AST,0
28-Jun-19 9:30:01 PM AST,0
28-Jun-19 9:45:01 PM AST,0
28-Jun-19 10:00:01 PM AST,0
28-Jun-19 10:15:01 PM AST,0
28-Jun-19 10:30:01 PM AST,0
28-Jun-19 10:45:01 PM AST,0
28-Jun-19 11:00:01 PM AST,0
28-Jun-19 11:15:01 PM AST,0
28-Jun-19 11:30:01 PM AST,0
28-Jun-19 11:45:01 PM AST,0
29-Jun-19 12:00:02 AM AST,0
29-Jun-19 12:15:01 AM AST,0
29-Jun-19 12:30:02 AM AST,0
29-Jun-19 12:45:01 AM AST,0
29-Jun-19 1:00:01 AM AST,0
29-Jun-19 1:15:01 AM AST,0
29-Jun-19 1:30:01 AM AST,0
29-Jun-19 1:45:01 AM AST,0
29-Jun-19 2:00:01 AM AST,0
29-Jun-19 2:15:01 AM AST,0
29-Jun-19 2:30:01 AM AST,0
29-Jun-19 2:45:01 AM AST,0
29-Jun-19 3:00:02 AM AST,0
29-Jun-19 3:15:01 AM AST,0
29-Jun-19 3:30:02 AM AST,0
29-Jun-19 3:45:01 AM AST,0
29-Jun-19 4:00:01 AM AST,0
29-Jun-19 4:15:01 AM AST,0
29-Jun-19 4:30:01 AM AST,0
29-Jun-19 4:45:01 AM AST,0
29-Jun-19 5:00:02 AM AST,0
29-Jun-19 5:15:02 AM AST,0
29-Jun-19 5:30:01 AM AST,0
29-Jun-19 5:45:01 AM AST,4
29-Jun-19 6:00:01 AM AST,9
29-Jun-19 6:15:01 AM AST,24
29-Jun-19 6:30:01 AM AST,46
29-Jun-19 6:45:01 AM AST,60
29-Jun-19 7:00:01 AM AST,81
29-Jun-19 7:15:01 AM AST,113
29-Jun-19 7:30:01 AM AST,142
29-Jun-19 7:45:01 AM AST,169
29-Jun-19 8:00:01 AM AST,201
29-Jun-19 8:15:01 AM AST,238
29-Jun-19 8:30:01 AM AST,275
29-Jun-19 8:45:01 AM AST,301
29-Jun-19 9:00:01 AM AST,336
29-Jun-19 9:15:01 AM AST,363
29-Jun-19 9:30:01 AM AST,390
29-Jun-19 9:45:02 AM AST,425
29-Jun-19 10:00:01 AM AST,449
29-Jun-19 10:15:02 AM AST,471
29-Jun-19 10:30:01 AM AST,490
29-Jun-19 10:45:01 AM AST,503
29-Jun-19 11:00:01 AM AST,519
29-Jun-19 11:15:01 AM AST,530
29-Jun-19 11:30:01 AM AST,543
29-Jun-19 11:45:01 AM AST,545
29-Jun-19 12:00:01 PM AST,550
29-Jun-19 12:15:01 PM AST,558
29-Jun-19 12:30:01 PM AST,562
29-Jun-19 12:45:01 PM AST,560
29-Jun-19 1:00:01 PM AST,554
29-Jun-19 1:15:02 PM AST,551
29-Jun-19 1:30:02 PM AST,544
29-Jun-19 1:45:01 PM AST,529
29-Jun-19 2:00:02 PM AST,517
29-Jun-19 2:15:01 PM AST,505
29-Jun-19 2:30:02 PM AST,493
29-Jun-19 2:45:01 PM AST,476
29-Jun-19 3:00:01 PM AST,453
29-Jun-19 3:15:01 PM AST,424
29-Jun-19 3:30:02 PM AST,394
29-Jun-19 3:45:03 PM AST,364
29-Jun-19 4:00:01 PM AST,329
29-Jun-19 4:15:01 PM AST,297
29-Jun-19 4:30:01 PM AST,268
29-Jun-19 4:45:02 PM AST,229
29-Jun-19 5:00:02 PM AST,210
29-Jun-19 5:15:01 PM AST,173
29-Jun-19 5:30:01 PM AST,134
29-Jun-19 5:45:01 PM AST,98
29-Jun-19 6:00:01 PM AST,72
29-Jun-19 6:15:01 PM AST,46
29-Jun-19 6:30:01 PM AST,20
29-Jun-19 6:45:01 PM AST,2
29-Jun-19 7:00:02 PM AST,0
29-Jun-19 7:15:01 PM AST,0
29-Jun-19 7:30:01 PM AST,0
29-Jun-19 7:45:01 PM AST,0
29-Jun-19 8:00:01 PM AST,0
29-Jun-19 8:15:01 PM AST,0
29-Jun-19 8:30:01 PM AST,0
29-Jun-19 8:45:01 PM AST,0
29-Jun-19 9:00:01 PM AST,0
29-Jun-19 9:15:01 PM AST,0
29-Jun-19 9:30:02 PM AST,0
29-Jun-19 9:45:01 PM AST,0
29-Jun-19 10:00:02 PM AST,0
29-Jun-19 10:15:01 PM AST,0
29-Jun-19 10:30:01 PM AST,0
29-Jun-19 10:45:01 PM AST,0
29-Jun-19 11:00:01 PM AST,0
29-Jun-19 11:15:01 PM AST,0
29-Jun-19 11:30:01 PM AST,0
29-Jun-19 11:45:01 PM AST,0
30-Jun-19 12:00:01 AM AST,0
30-Jun-19 12:15:01 AM AST,0
30-Jun-19 12:30:01 AM AST,0
30-Jun-19 12:45:02 AM AST,0
30-Jun-19 1:00:01 AM AST,0
30-Jun-19 1:15:02 AM AST,0
30-Jun-19 1:30:01 AM AST,0
30-Jun-19 1:45:01 AM AST,0
30-Jun-19 2:00:01 AM AST,0
30-Jun-19 2:15:01 AM AST,0
30-Jun-19 2:30:02 AM AST,0
30-Jun-19 2:45:01 AM AST,0
30-Jun-19 3:00:01 AM AST,0
30-Jun-19 3:15:02 AM AST,0
30-Jun-19 3:30:02 AM AST,0
30-Jun-19 3:45:02 AM AST,0
30-Jun-19 4:00:01 AM AST,0
30-Jun-19 4:15:02 AM AST,0
30-Jun-19 4:30:01 AM AST,0
30-Jun-19 4:45:01 AM AST,0
30-Jun-19 5:00:01 AM AST,0
30-Jun-19 5:15:01 AM AST,0
30-Jun-19 5:30:01 AM AST,0
30-Jun-19 5:45:01 AM AST,0
30-Jun-19 6:00:01 AM AST,0
30-Jun-19 6:15:01 AM AST,14
30-Jun-19 6:30:01 AM AST,37
30-Jun-19 6:45:01 AM AST,58
30-Jun-19 7:00:01 AM AST,83
30-Jun-19 7:15:01 AM AST,100
30-Jun-19 7:30:01 AM AST,118
30-Jun-19 7:45:02 AM AST,151
30-Jun-19 8:00:01 AM AST,170
30-Jun-19 8:15:01 AM AST,196
30-Jun-19 8:30:02 AM AST,220
30-Jun-19 8:45:02 AM AST,252
30-Jun-19 9:00:01 AM AST,290
30-Jun-19 9:15:01 AM AST,318
30-Jun-19 9:30:02 AM AST,345
30-Jun-19 9:45:02 AM AST,370
30-Jun-19 10:00:01 AM AST,390
30-Jun-19 10:15:01 AM AST,390
30-Jun-19 10:30:01 AM AST,409
30-Jun-19 10:45:01 AM AST,424
30-Jun-19 11:00:02 AM AST,436
30-Jun-19 11:15:01 AM AST,452
30-Jun-19 11:30:01 AM AST,466
30-Jun-19 11:45:02 AM AST,468
30-Jun-19 12:00:01 PM AST,475
30-Jun-19 12:15:01 PM AST,479
30-Jun-19 12:30:01 PM AST,485
30-Jun-19 12:45:02 PM AST,489
30-Jun-19 1:00:01 PM AST,492
30-Jun-19 1:15:01 PM AST,494
30-Jun-19 1:30:01 PM AST,485
30-Jun-19 1:45:01 PM AST,477
30-Jun-19 2:00:01 PM AST,465
30-Jun-19 2:15:01 PM AST,435
30-Jun-19 2:30:01 PM AST,429
30-Jun-19 2:45:01 PM AST,405
30-Jun-19 3:00:01 PM AST,385
30-Jun-19 3:15:01 PM AST,359
30-Jun-19 3:30:01 PM AST,342
30-Jun-19 3:45:01 PM AST,322
30-Jun-19 4:00:01 PM AST,298
30-Jun-19 4:15:01 PM AST,275
30-Jun-19 4:30:01 PM AST,244
30-Jun-19 4:45:01 PM AST,218
30-Jun-19 5:00:01 PM AST,187
30-Jun-19 5:15:01 PM AST,149
30-Jun-19 5:30:01 PM AST,112
30-Jun-19 5:45:01 PM AST,95
30-Jun-19 6:00:02 PM AST,66
30-Jun-19 6:15:01 PM AST,40
30-Jun-19 6:30:01 PM AST,21
30-Jun-19 6:45:01 PM AST,5
30-Jun-19 7:00:01 PM AST,1
30-Jun-19 7:15:01 PM AST,0
30-Jun-19 7:30:01 PM AST,0
30-Jun-19 7:45:01 PM AST,0
30-Jun-19 8:00:02 PM AST,0
30-Jun-19 8:15:01 PM AST,0
30-Jun-19 8:30:01 PM AST,0
30-Jun-19 8:45:01 PM AST,0
30-Jun-19 9:00:02 PM AST,0
30-Jun-19 9:15:01 PM AST,0
30-Jun-19 9:30:01 PM AST,0
30-Jun-19 9:45:01 PM AST,0
30-Jun-19 10:00:01 PM AST,0
30-Jun-19 10:15:01 PM AST,0
30-Jun-19 10:30:01 PM AST,0
30-Jun-19 10:45:01 PM AST,0
30-Jun-19 11:00:01 PM AST,0
30-Jun-19 11:15:02 PM AST,0
30-Jun-19 11:30:01 PM AST,0
30-Jun-19 11:45:02 PM AST,0
01-Jul-19 12:00:02 AM AST,0
01-Jul-19 12:15:01 AM AST,0
01-Jul-19 12:30:01 AM AST,0
01-Jul-19 12:45:01 AM AST,0
01-Jul-19 1:00:01 AM AST,0
01-Jul-19 1:15:02 AM AST,0
01-Jul-19 1:30:01 AM AST,0
01-Jul-19 1:45:01 AM AST,0
01-Jul-19 2:00:01 AM AST,0
01-Jul-19 2:15:01 AM AST,0
01-Jul-19 2:30:01 AM AST,0
01-Jul-19 2:45:01 AM AST,0
01-Jul-19 3:00:01 AM AST,0
01-Jul-19 3:15:01 AM AST,0
01-Jul-19 3:30:01 AM AST,0
01-Jul-19 3:45:01 AM AST,0
01-Jul-19 4:00:01 AM AST,0
01-Jul-19 4:15:01 AM AST,0
01-Jul-19 4:30:01 AM AST,0
01-Jul-19 4:45:01 AM AST,0
01-Jul-19 5:00:01 AM AST,0
01-Jul-19 5:15:01 AM AST,0
01-Jul-19 5:30:02 AM AST,0
01-Jul-19 5:45:01 AM AST,6
01-Jul-19 6:00:01 AM AST,5
01-Jul-19 6:15:01 AM AST,21
01-Jul-19 6:30:01 AM AST,37
01-Jul-19 6:45:01 AM AST,69
01-Jul-19 7:00:02 AM AST,87
01-Jul-19 7:15:01 AM AST,114
01-Jul-19 7:30:02 AM AST,142
01-Jul-19 7:45:02 AM AST,169
01-Jul-19 8:00:02 AM AST,195
01-Jul-19 8:15:01 AM AST,225
01-Jul-19 8:30:01 AM AST,250
01-Jul-19 8:45:02 AM AST,285
01-Jul-19 9:00:01 AM AST,312
01-Jul-19 9:15:01 AM AST,343
01-Jul-19 9:30:01 AM AST,368
01-Jul-19 9:45:01 AM AST,390
01-Jul-19 10:00:01 AM AST,414
01-Jul-19 10:15:02 AM AST,444
01-Jul-19 10:30:01 AM AST,468
01-Jul-19 10:45:02 AM AST,487
01-Jul-19 11:00:01 AM AST,507
01-Jul-19 11:15:01 AM AST,517
01-Jul-19 11:30:01 AM AST,526
01-Jul-19 11:45:01 AM AST,538
01-Jul-19 12:00:01 PM AST,544
01-Jul-19 12:15:01 PM AST,546
01-Jul-19 12:30:02 PM AST,549
01-Jul-19 12:45:02 PM AST,550
01-Jul-19 1:00:01 PM AST,546
01-Jul-19 1:15:01 PM AST,537
01-Jul-19 1:30:01 PM AST,533
01-Jul-19 1:45:02 PM AST,522
01-Jul-19 2:00:01 PM AST,512
01-Jul-19 2:15:01 PM AST,499
01-Jul-19 2:30:01 PM AST,483
01-Jul-19 2:45:01 PM AST,466
01-Jul-19 3:00:01 PM AST,444
01-Jul-19 3:15:02 PM AST,414
01-Jul-19 3:30:01 PM AST,388
01-Jul-19 3:45:01 PM AST,360
01-Jul-19 4:00:01 PM AST,329
01-Jul-19 4:15:01 PM AST,296
01-Jul-19 4:30:01 PM AST,268
01-Jul-19 4:45:01 PM AST,236
01-Jul-19 5:00:01 PM AST,213
01-Jul-19 5:15:01 PM AST,179
01-Jul-19 5:30:01 PM AST,144
01-Jul-19 5:45:01 PM AST,108
01-Jul-19 6:00:01 PM AST,76
01-Jul-19 6:15:01 PM AST,50
01-Jul-19 6:30:01 PM AST,23
01-Jul-19 6:45:01 PM AST,5
01-Jul-19 7:00:01 PM AST,0
01-Jul-19 7:15:01 PM AST,0
01-Jul-19 7:30:02 PM AST,0
01-Jul-19 7:45:02 PM AST,0
01-Jul-19 8:00:01 PM AST,0
01-Jul-19 8:15:01 PM AST,0
01-Jul-19 8:30:02 PM AST,0
01-Jul-19 8:45:01 PM AST,0
01-Jul-19 9:00:02 PM AST,0
01-Jul-19 9:15:01 PM AST,0
01-Jul-19 9:30:01 PM AST,0
01-Jul-19 9:45:01 PM AST,0
01-Jul-19 10:00:01 PM AST,0
01-Jul-19 10:15:02 PM AST,0
01-Jul-19 10:30:01 PM AST,0
01-Jul-19 10:45:01 PM AST,0
01-Jul-19 11:00:01 PM AST,0
01-Jul-19 11:15:01 PM AST,0
01-Jul-19 11:30:01 PM AST,0
01-Jul-19 11:45:01 PM AST,0
02-Jul-19 12:00:01 AM AST,0
02-Jul-19 12:15:01 AM AST,0
02-Jul-19 12:30:01 AM AST,0
02-Jul-19 12:45:01 AM AST,0
02-Jul-19 1:00:02 AM AST,0
02-Jul-19 1:15:01 AM AST,0
02-Jul-19 1:30:01 AM AST,0
02-Jul-19 1:45:01 AM AST,0
02-Jul-19 2:00:01 AM AST,0
02-Jul-19 2:15:01 AM AST,0
02-Jul-19 2:30:01 AM AST,0
02-Jul-19 2:45:01 AM AST,0
02-Jul-19 3:00:01 AM AST,0
02-Jul-19 3:15:01 AM AST,0
02-Jul-19 3:30:01 AM AST,0
02-Jul-19 3:45:01 AM AST,0
02-Jul-19 4:00:01 AM AST,0
02-Jul-19 4:15:01 AM AST,0
02-Jul-19 4:30:01 AM AST,0
02-Jul-19 4:45:01 AM AST,0
02-Jul-19 5:00:01 AM AST,0
02-Jul-19 5:15:01 AM AST,0
02-Jul-19 5:30:01 AM AST,0
02-Jul-19 5:45:01 AM AST,0
02-Jul-19 6:00:01 AM AST,3
02-Jul-19 6:15:01 AM AST,15
02-Jul-19 6:30:01 AM AST,39
02-Jul-19 6:45:01 AM AST,67
02-Jul-19 7:00:01 AM AST,93
02-Jul-19 7:15:02 AM AST,122
02-Jul-19 7:30:01 AM AST,151
02-Jul-19 7:45:01 AM AST,173
02-Jul-19 8:00:01 AM AST,204
02-Jul-19 8:15:01 AM AST,223
02-Jul-19 8:30:00 AM AST,252
02-Jul-19 8:45:01 AM AST,288
02-Jul-19 9:00:01 AM AST,323
02-Jul-19 9:15:01 AM AST,356
02-Jul-19 9:30:01 AM AST,391
02-Jul-19 9:45:01 AM AST,416
02-Jul-19 10:00:02 AM AST,439
02-Jul-19 10:15:01 AM AST,454
02-Jul-19 10:30:01 AM AST,481
02-Jul-19 10:45:01 AM AST,503
02-Jul-19 11:00:01 AM AST,510
02-Jul-19 11:15:02 AM AST,528
02-Jul-19 11:30:01 AM AST,541
02-Jul-19 11:45:01 AM AST,551
02-Jul-19 12:00:01 PM AST,558
02-Jul-19 12:15:01 PM AST,563
02-Jul-19 12:30:01 PM AST,562
02-Jul-19 12:45:02 PM AST,561
02-Jul-19 1:00:02 PM AST,558
02-Jul-19 1:15:02 PM AST,553
02-Jul-19 1:30:02 PM AST,547
02-Jul-19 1:45:02 PM AST,539
02-Jul-19 2:00:02 PM AST,528
02-Jul-19 2:15:01 PM AST,509
02-Jul-19 2:30:02 PM AST,499
02-Jul-19 2:45:02 PM AST,474
02-Jul-19 3:00:01 PM AST,454
02-Jul-19 3:15:02 PM AST,428
02-Jul-19 3:30:02 PM AST,402
02-Jul-19 3:45:02 PM AST,375
02-Jul-19 4:00:01 PM AST,354
02-Jul-19 4:15:01 PM AST,327
02-Jul-19 4:30:02 PM AST,290
02-Jul-19 4:45:02 PM AST,255
02-Jul-19 5:00:01 PM AST,220
02-Jul-19 5:15:01 PM AST,180
02-Jul-19 5:30:02 PM AST,142
02-Jul-19 5:45:01 PM AST,104
02-Jul-19 6:00:01 PM AST,79
02-Jul-19 6:15:01 PM AST,49
02-Jul-19 6:30:01 PM AST,30
02-Jul-19 6:45:01 PM AST,8
02-Jul-19 7:00:01 PM AST,0
02-Jul-19 7:15:01 PM AST,1
02-Jul-19 7:30:01 PM AST,0
02-Jul-19 7:45:01 PM AST,0
02-Jul-19 8:00:01 PM AST,0
02-Jul-19 8:15:01 PM AST,0
02-Jul-19 8:30:01 PM AST,0
02-Jul-19 8:45:01 PM AST,0
02-Jul-19 9:00:01 PM AST,0
02-Jul-19 9:15:01 PM AST,0
02-Jul-19 9:30:01 PM AST,0
02-Jul-19 9:45:01 PM AST,0
02-Jul-19 10:00:01 PM AST,0
02-Jul-19 10:15:01 PM AST,0
02-Jul-19 10:30:01 PM AST,0
02-Jul-19 10:45:01 PM AST,0
02-Jul-19 11:00:01 PM AST,0
02-Jul-19 11:15:02 PM AST,0
02-Jul-19 11:30:01 PM AST,0
02-Jul-19 11:45:01 PM AST,0
03-Jul-19 12:00:01 AM AST,0
03-Jul-19 12:15:01 AM AST,0
03-Jul-19 12:30:01 AM AST,0
03-Jul-19 12:45:01 AM AST,0
03-Jul-19 1:00:01 AM AST,0
03-Jul-19 1:15:01 AM AST,0
03-Jul-19 1:30:01 AM AST,0
03-Jul-19 1:45:01 AM AST,0
03-Jul-19 2:00:01 AM AST,0
03-Jul-19 2:15:01 AM AST,0
03-Jul-19 2:30:01 AM AST,0
03-Jul-19 2:45:01 AM AST,0
03-Jul-19 3:00:01 AM AST,0
03-Jul-19 3:15:01 AM AST,0
03-Jul-19 3:30:01 AM AST,0
03-Jul-19 3:45:02 AM AST,0
03-Jul-19 4:00:01 AM AST,0
03-Jul-19 4:15:02 AM AST,0
03-Jul-19 4:30:01 AM AST,0
03-Jul-19 4:45:02 AM AST,0
03-Jul-19 5:00:01 AM AST,0
03-Jul-19 5:15:01 AM AST,0
03-Jul-19 5:30:01 AM AST,0
03-Jul-19 5:45:01 AM AST,5
03-Jul-19 6:00:02 AM AST,0
03-Jul-19 6:15:01 AM AST,15
03-Jul-19 6:30:01 AM AST,40
03-Jul-19 6:45:01 AM AST,64
03-Jul-19 7:00:02 AM AST,90
03-Jul-19 7:15:01 AM AST,114
03-Jul-19 7:30:01 AM AST,142
03-Jul-19 7:45:01 AM AST,172
03-Jul-19 8:00:01 AM AST,203
03-Jul-19 8:15:01 AM AST,234
03-Jul-19 8:30:01 AM AST,260
03-Jul-19 8:45:01 AM AST,291
03-Jul-19 9:00:01 AM AST,324
03-Jul-19 9:15:01 AM AST,349
03-Jul-19 9:30:01 AM AST,375
03-Jul-19 9:45:01 AM AST,393
03-Jul-19 10:00:01 AM AST,415
03-Jul-19 10:15:02 AM AST,442
03-Jul-19 10:30:01 AM AST,460
03-Jul-19 10:45:01 AM AST,479
03-Jul-19 11:00:02 AM AST,495
03-Jul-19 11:15:01 AM AST,510
03-Jul-19 11:30:01 AM AST,524
03-Jul-19 11:45:01 AM AST,529
03-Jul-19 12:00:00 PM AST,535
03-Jul-19 12:15:01 PM AST,538
03-Jul-19 12:30:01 PM AST,544
03-Jul-19 12:45:02 PM AST,544
03-Jul-19 1:00:01 PM AST,535
03-Jul-19 1:15:01 PM AST,530
03-Jul-19 1:30:01 PM AST,528
03-Jul-19 1:45:00 PM AST,519
03-Jul-19 2:00:01 PM AST,512
03-Jul-19 2:15:01 PM AST,498
03-Jul-19 2:30:01 PM AST,479
03-Jul-19 2:45:00 PM AST,464
03-Jul-19 3:00:01 PM AST,450
03-Jul-19 3:15:02 PM AST,422
03-Jul-19 3:30:02 PM AST,398
03-Jul-19 3:45:01 PM AST,365
03-Jul-19 4:00:01 PM AST,334
03-Jul-19 4:15:01 PM AST,303
03-Jul-19 4:30:00 PM AST,264
03-Jul-19 4:45:01 PM AST,243
03-Jul-19 5:00:01 PM AST,207
03-Jul-19 5:15:01 PM AST,183
03-Jul-19 5:30:01 PM AST,146
03-Jul-19 5:45:00 PM AST,111
03-Jul-19 6:00:01 PM AST,79
03-Jul-19 6:15:01 PM AST,52
03-Jul-19 6:30:00 PM AST,26
03-Jul-19 6:45:01 PM AST,8
03-Jul-19 7:00:01 PM AST,1
03-Jul-19 7:15:01 PM AST,1
03-Jul-19 7:30:01 PM AST,0
03-Jul-19 7:45:01 PM AST,0
03-Jul-19 8:00:01 PM AST,0
03-Jul-19 8:15:01 PM AST,0
03-Jul-19 8:30:01 PM AST,0
03-Jul-19 8:45:00 PM AST,0
03-Jul-19 9:00:01 PM AST,0
03-Jul-19 9:15:01 PM AST,0
03-Jul-19 9:30:01 PM AST,0
03-Jul-19 9:45:01 PM AST,0
03-Jul-19 10:00:02 PM AST,0
03-Jul-19 10:15:01 PM AST,0
03-Jul-19 10:30:01 PM AST,0
03-Jul-19 10:45:00 PM AST,0
03-Jul-19 11:00:01 PM AST,0
03-Jul-19 11:15:01 PM AST,0
03-Jul-19 11:30:01 PM AST,0
03-Jul-19 11:45:01 PM AST,0
04-Jul-19 12:00:02 AM AST,0
04-Jul-19 12:15:02 AM AST,0
04-Jul-19 12:30:01 AM AST,0
04-Jul-19 12:45:01 AM AST,0
04-Jul-19 1:00:01 AM AST,0
04-Jul-19 1:15:01 AM AST,0
04-Jul-19 1:30:01 AM AST,0
04-Jul-19 1:45:00 AM AST,0
04-Jul-19 2:00:01 AM AST,0
04-Jul-19 2:15:01 AM AST,0
04-Jul-19 2:30:01 AM AST,0
04-Jul-19 2:45:00 AM AST,0
04-Jul-19 3:00:00 AM AST,0
04-Jul-19 3:15:00 AM AST,0
04-Jul-19 3:30:01 AM AST,0
04-Jul-19 3:45:01 AM AST,0
04-Jul-19 4:00:01 AM AST,0
04-Jul-19 4:15:01 AM AST,0
04-Jul-19 4:30:01 AM AST,0
04-Jul-19 4:45:01 AM AST,0
04-Jul-19 5:00:01 AM AST,0
04-Jul-19 5:15:01 AM AST,0
04-Jul-19 5:30:02 AM AST,0
04-Jul-19 5:45:00 AM AST,0
04-Jul-19 6:00:01 AM AST,0
04-Jul-19 6:15:01 AM AST,13
04-Jul-19 6:30:01 AM AST,24
04-Jul-19 6:45:01 AM AST,62
04-Jul-19 7:00:01 AM AST,85
04-Jul-19 7:15:01 AM AST,118
04-Jul-19 7:30:01 AM AST,149
04-Jul-19 7:45:01 AM AST,164
04-Jul-19 8:00:01 AM AST,203
04-Jul-19 8:15:01 AM AST,171
04-Jul-19 8:30:01 AM AST,258
04-Jul-19 8:45:01 AM AST,158
04-Jul-19 9:00:01 AM AST,102
04-Jul-19 9:15:01 AM AST,293
04-Jul-19 9:30:01 AM AST,358
04-Jul-19 9:45:01 AM AST,382
04-Jul-19 10:00:02 AM AST,282
04-Jul-19 10:15:02 AM AST,432
04-Jul-19 10:30:02 AM AST,443
04-Jul-19 10:45:01 AM AST,460
04-Jul-19 11:00:01 AM AST,472
04-Jul-19 11:15:02 AM AST,488
04-Jul-19 11:30:01 AM AST,501
04-Jul-19 11:45:01 AM AST,514
04-Jul-19 12:00:01 PM AST,520
04-Jul-19 12:15:01 PM AST,524
04-Jul-19 12:30:01 PM AST,526
04-Jul-19 12:45:01 PM AST,526
04-Jul-19 1:00:01 PM AST,528
04-Jul-19 1:15:01 PM AST,525
04-Jul-19 1:30:01 PM AST,519
04-Jul-19 1:45:02 PM AST,513
04-Jul-19 2:00:01 PM AST,500
04-Jul-19 2:15:01 PM AST,489
04-Jul-19 2:30:01 PM AST,472
04-Jul-19 2:45:01 PM AST,453
04-Jul-19 3:00:01 PM AST,430
04-Jul-19 3:15:01 PM AST,402
04-Jul-19 3:30:01 PM AST,370
04-Jul-19 3:45:01 PM AST,344
04-Jul-19 4:00:01 PM AST,328
04-Jul-19 4:15:02 PM AST,306
04-Jul-19 4:30:01 PM AST,277
04-Jul-19 4:45:01 PM AST,240
04-Jul-19 5:00:02 PM AST,201
04-Jul-19 5:15:02 PM AST,169
04-Jul-19 5:30:01 PM AST,132
04-Jul-19 5:45:01 PM AST,98
04-Jul-19 6:00:01 PM AST,66
04-Jul-19 6:15:02 PM AST,46
04-Jul-19 6:30:01 PM AST,20
04-Jul-19 6:45:01 PM AST,6
04-Jul-19 7:00:01 PM AST,0
04-Jul-19 7:15:01 PM AST,3
04-Jul-19 7:30:01 PM AST,0
04-Jul-19 7:45:01 PM AST,0
04-Jul-19 8:00:01 PM AST,0
04-Jul-19 8:15:02 PM AST,0
04-Jul-19 8:30:02 PM AST,0
04-Jul-19 8:45:02 PM AST,0
04-Jul-19 9:00:02 PM AST,0
04-Jul-19 9:15:01 PM AST,0
04-Jul-19 9:30:01 PM AST,0
04-Jul-19 9:45:01 PM AST,0
04-Jul-19 10:00:01 PM AST,0
04-Jul-19 10:15:01 PM AST,0
04-Jul-19 10:30:01 PM AST,0
04-Jul-19 10:45:01 PM AST,0
04-Jul-19 11:00:01 PM AST,0
04-Jul-19 11:15:01 PM AST,0
04-Jul-19 11:30:01 PM AST,0
04-Jul-19 11:45:01 PM AST,0
05-Jul-19 12:00:01 AM AST,0
05-Jul-19 12:15:01 AM AST,0
05-Jul-19 12:30:02 AM AST,0
05-Jul-19 12:45:01 AM AST,0
05-Jul-19 1:00:01 AM AST,0
05-Jul-19 1:15:01 AM AST,0
05-Jul-19 1:30:02 AM AST,0
05-Jul-19 1:45:01 AM AST,0
05-Jul-19 2:00:01 AM AST,0
05-Jul-19 2:15:01 AM AST,0
05-Jul-19 2:30:01 AM AST,0
05-Jul-19 2:45:03 AM AST,0
05-Jul-19 3:00:02 AM AST,0
05-Jul-19 3:15:01 AM AST,0
05-Jul-19 3:30:02 AM AST,0
05-Jul-19 3:45:01 AM AST,0
05-Jul-19 4:00:01 AM AST,0
05-Jul-19 4:15:02 AM AST,0
05-Jul-19 4:30:01 AM AST,0
05-Jul-19 4:45:02 AM AST,0
05-Jul-19 5:00:01 AM AST,0
05-Jul-19 5:15:01 AM AST,0
05-Jul-19 5:30:01 AM AST,0
05-Jul-19 5:45:01 AM AST,0
05-Jul-19 6:00:01 AM AST,1
05-Jul-19 6:15:01 AM AST,15
05-Jul-19 6:30:01 AM AST,36
05-Jul-19 6:45:01 AM AST,56
05-Jul-19 7:00:01 AM AST,63
05-Jul-19 7:15:01 AM AST,62
05-Jul-19 7:30:01 AM AST,83
05-Jul-19 7:45:01 AM AST,113
05-Jul-19 8:00:01 AM AST,136
05-Jul-19 8:15:01 AM AST,190
05-Jul-19 8:30:01 AM AST,262
05-Jul-19 8:45:01 AM AST,244
05-Jul-19 9:00:02 AM AST,266
05-Jul-19 9:15:01 AM AST,325
05-Jul-19 9:30:02 AM AST,352
05-Jul-19 9:45:01 AM AST,297
05-Jul-19 10:00:02 AM AST,356
05-Jul-19 10:15:01 AM AST,339
05-Jul-19 10:30:02 AM AST,392
05-Jul-19 10:45:01 AM AST,474
05-Jul-19 11:00:01 AM AST,478
05-Jul-19 11:15:01 AM AST,486
05-Jul-19 11:30:01 AM AST,502
05-Jul-19 11:45:01 AM AST,515
05-Jul-19 12:00:01 PM AST,521
05-Jul-19 12:15:01 PM AST,524
05-Jul-19 12:30:01 PM AST,531
05-Jul-19 12:45:01 PM AST,532
05-Jul-19 1:00:01 PM AST,531
05-Jul-19 1:15:02 PM AST,524
05-Jul-19 1:30:01 PM AST,531
05-Jul-19 1:45:01 PM AST,512
05-Jul-19 2:00:02 PM AST,501
05-Jul-19 2:15:01 PM AST,486
05-Jul-19 2:30:01 PM AST,472
05-Jul-19 2:45:01 PM AST,457
05-Jul-19 3:00:01 PM AST,440
05-Jul-19 3:15:02 PM AST,414
05-Jul-19 3:30:01 PM AST,391
05-Jul-19 3:45:01 PM AST,366
05-Jul-19 4:00:01 PM AST,331
05-Jul-19 4:15:01 PM AST,290
05-Jul-19 4:30:02 PM AST,263
05-Jul-19 4:45:01 PM AST,228
05-Jul-19 5:00:01 PM AST,197
05-Jul-19 5:15:02 PM AST,162
05-Jul-19 5:30:02 PM AST,136
05-Jul-19 5:45:01 PM AST,105
05-Jul-19 6:00:01 PM AST,77
05-Jul-19 6:15:02 PM AST,50
05-Jul-19 6:30:01 PM AST,26
05-Jul-19 6:45:01 PM AST,6
05-Jul-19 7:00:01 PM AST,0
05-Jul-19 7:15:01 PM AST,0
05-Jul-19 7:30:02 PM AST,0
05-Jul-19 7:45:01 PM AST,0
05-Jul-19 8:00:01 PM AST,0
05-Jul-19 8:15:01 PM AST,0
05-Jul-19 8:30:01 PM AST,0
05-Jul-19 8:45:02 PM AST,0
05-Jul-19 9:00:01 PM AST,0
05-Jul-19 9:15:01 PM AST,0
05-Jul-19 9:30:01 PM AST,0
05-Jul-19 9:45:01 PM AST,0
05-Jul-19 10:00:01 PM AST,0
05-Jul-19 10:15:01 PM AST,0
05-Jul-19 10:30:01 PM AST,0
05-Jul-19 10:45:01 PM AST,0
05-Jul-19 11:00:02 PM AST,0
05-Jul-19 11:15:01 PM AST,0
05-Jul-19 11:30:01 PM AST,0
05-Jul-19 11:45:01 PM AST,0
06-Jul-19 12:00:01 AM AST,0
06-Jul-19 12:15:01 AM AST,0
06-Jul-19 12:30:01 AM AST,0
06-Jul-19 12:45:01 AM AST,0
06-Jul-19 1:00:01 AM AST,0
06-Jul-19 1:15:02 AM AST,0
06-Jul-19 1:30:02 AM AST,0
06-Jul-19 1:45:01 AM AST,0
06-Jul-19 2:00:01 AM AST,0
06-Jul-19 2:15:01 AM AST,0
06-Jul-19 2:30:01 AM AST,0
06-Jul-19 2:45:01 AM AST,0
06-Jul-19 3:00:01 AM AST,0
06-Jul-19 3:15:01 AM AST,0
06-Jul-19 3:30:02 AM AST,0
06-Jul-19 3:45:02 AM AST,0
06-Jul-19 4:00:01 AM AST,0
06-Jul-19 4:15:01 AM AST,0
06-Jul-19 4:30:01 AM AST,0
06-Jul-19 4:45:01 AM AST,0
06-Jul-19 5:00:01 AM AST,0
06-Jul-19 5:15:01 AM AST,0
06-Jul-19 5:30:01 AM AST,0
06-Jul-19 5:45:02 AM AST,1
06-Jul-19 6:00:01 AM AST,2
06-Jul-19 6:15:01 AM AST,5
06-Jul-19 6:30:01 AM AST,36
06-Jul-19 6:45:01 AM AST,60
06-Jul-19 7:00:01 AM AST,81
06-Jul-19 7:15:02 AM AST,98
06-Jul-19 7:30:01 AM AST,135
06-Jul-19 7:45:01 AM AST,165
06-Jul-19 8:00:01 AM AST,195
06-Jul-19 8:15:01 AM AST,217
06-Jul-19 8:30:01 AM AST,242
06-Jul-19 8:45:02 AM AST,261
06-Jul-19 9:00:01 AM AST,289
06-Jul-19 9:15:02 AM AST,321
06-Jul-19 9:30:01 AM AST,354
06-Jul-19 9:45:02 AM AST,377
06-Jul-19 10:00:01 AM AST,403
06-Jul-19 10:15:01 AM AST,425
06-Jul-19 10:30:01 AM AST,451
06-Jul-19 10:45:02 AM AST,463
06-Jul-19 11:00:01 AM AST,479
06-Jul-19 11:15:02 AM AST,488
06-Jul-19 11:30:01 AM AST,512
06-Jul-19 11:45:01 AM AST,532
06-Jul-19 12:00:01 PM AST,218
06-Jul-19 12:15:01 PM AST,560
06-Jul-19 12:30:01 PM AST,567
06-Jul-19 12:45:01 PM AST,561
06-Jul-19 1:00:01 PM AST,555
06-Jul-19 1:15:01 PM AST,532
06-Jul-19 1:30:01 PM AST,518
06-Jul-19 1:45:02 PM AST,515
06-Jul-19 2:00:01 PM AST,495
06-Jul-19 2:15:01 PM AST,490
06-Jul-19 2:30:01 PM AST,475
06-Jul-19 2:45:01 PM AST,452
06-Jul-19 3:00:02 PM AST,438
06-Jul-19 3:15:02 PM AST,408
06-Jul-19 3:30:02 PM AST,383
06-Jul-19 3:45:01 PM AST,356
06-Jul-19 4:00:01 PM AST,329
06-Jul-19 4:15:01 PM AST,314
06-Jul-19 4:30:02 PM AST,278
06-Jul-19 4:45:01 PM AST,241
06-Jul-19 5:00:02 PM AST,210
06-Jul-19 5:15:01 PM AST,173
06-Jul-19 5:30:01 PM AST,138
06-Jul-19 5:45:02 PM AST,102
06-Jul-19 6:00:02 PM AST,71
06-Jul-19 6:15:01 PM AST,44
06-Jul-19 6:30:01 PM AST,27
06-Jul-19 6:45:01 PM AST,7
06-Jul-19 7:00:01 PM AST,0
06-Jul-19 7:15:01 PM AST,0
06-Jul-19 7:30:01 PM AST,0
06-Jul-19 7:45:01 PM AST,0
06-Jul-19 8:00:02 PM AST,0
06-Jul-19 8:15:01 PM AST,0
06-Jul-19 8:30:01 PM AST,0
06-Jul-19 8:45:01 PM AST,0
06-Jul-19 9:00:01 PM AST,0
06-Jul-19 9:15:01 PM AST,0
06-Jul-19 9:30:02 PM AST,0
06-Jul-19 9:45:01 PM AST,0
06-Jul-19 10:00:01 PM AST,0
06-Jul-19 10:15:01 PM AST,0
06-Jul-19 10:30:01 PM AST,0
06-Jul-19 10:45:02 PM AST,0
06-Jul-19 11:00:02 PM AST,0
06-Jul-19 11:15:01 PM AST,0
06-Jul-19 11:30:01 PM AST,0
06-Jul-19 11:45:01 PM AST,0
07-Jul-19 12:00:02 AM AST,0
07-Jul-19 12:15:01 AM AST,0
07-Jul-19 12:30:01 AM AST,0
07-Jul-19 12:45:01 AM AST,0
07-Jul-19 1:00:01 AM AST,0
07-Jul-19 1:15:01 AM AST,0
07-Jul-19 1:30:01 AM AST,0
07-Jul-19 1:45:01 AM AST,0
07-Jul-19 2:00:01 AM AST,0
07-Jul-19 2:15:02 AM AST,0
07-Jul-19 2:30:01 AM AST,0
07-Jul-19 2:45:02 AM AST,0
07-Jul-19 3:00:02 AM AST,0
07-Jul-19 3:15:02 AM AST,0
07-Jul-19 3:30:02 AM AST,0
07-Jul-19 3:45:02 AM AST,0
07-Jul-19 4:00:02 AM AST,0
07-Jul-19 4:15:02 AM AST,0
07-Jul-19 4:30:01 AM AST,0
07-Jul-19 4:45:01 AM AST,0
07-Jul-19 5:00:02 AM AST,0
07-Jul-19 5:15:02 AM AST,0
07-Jul-19 5:30:01 AM AST,0
07-Jul-19 5:45:01 AM AST,0
07-Jul-19 6:00:01 AM AST,0
07-Jul-19 6:15:01 AM AST,0
07-Jul-19 6:30:01 AM AST,11
07-Jul-19 6:45:01 AM AST,26
07-Jul-19 7:00:01 AM AST,43
07-Jul-19 7:15:01 AM AST,75
07-Jul-19 7:30:01 AM AST,100
07-Jul-19 7:45:01 AM AST,166
07-Jul-19 8:00:01 AM AST,226
07-Jul-19 8:15:01 AM AST,153
07-Jul-19 8:30:02 AM AST,260
07-Jul-19 8:45:01 AM AST,347
07-Jul-19 9:00:01 AM AST,335
07-Jul-19 9:15:01 AM AST,351
07-Jul-19 9:30:01 AM AST,392
07-Jul-19 9:45:01 AM AST,397
07-Jul-19 10:00:01 AM AST,435
07-Jul-19 10:15:01 AM AST,452
07-Jul-19 10:30:01 AM AST,480
07-Jul-19 10:45:01 AM AST,492
07-Jul-19 11:00:02 AM AST,515
07-Jul-19 11:15:01 AM AST,521
07-Jul-19 11:30:01 AM AST,528
07-Jul-19 11:45:02 AM AST,538
07-Jul-19 12:00:02 PM AST,544
07-Jul-19 12:15:01 PM AST,551
07-Jul-19 12:30:02 PM AST,548
07-Jul-19 12:45:01 PM AST,551
07-Jul-19 1:00:01 PM AST,550
07-Jul-19 1:15:01 PM AST,541
07-Jul-19 1:30:01 PM AST,534
07-Jul-19 1:45:01 PM AST,526
07-Jul-19 2:00:01 PM AST,512
07-Jul-19 2:15:02 PM AST,496
07-Jul-19 2:30:01 PM AST,479
07-Jul-19 2:45:01 PM AST,464
07-Jul-19 3:00:01 PM AST,442
07-Jul-19 3:15:01 PM AST,423
07-Jul-19 3:30:01 PM AST,397
07-Jul-19 3:45:01 PM AST,371
07-Jul-19 4:00:01 PM AST,341
07-Jul-19 4:15:01 PM AST,306
07-Jul-19 4:30:01 PM AST,273
07-Jul-19 4:45:01 PM AST,237
07-Jul-19 5:00:01 PM AST,201
07-Jul-19 5:15:01 PM AST,172
07-Jul-19 5:30:02 PM AST,137
07-Jul-19 5:45:01 PM AST,110
07-Jul-19 6:00:01 PM AST,80
07-Jul-19 6:15:01 PM AST,51
07-Jul-19 6:30:01 PM AST,27
07-Jul-19 6:45:01 PM AST,8
07-Jul-19 7:00:01 PM AST,0
07-Jul-19 7:15:01 PM AST,0
07-Jul-19 7:30:01 PM AST,0
07-Jul-19 7:45:02 PM AST,0
07-Jul-19 8:00:01 PM AST,0
07-Jul-19 8:15:01 PM AST,0
07-Jul-19 8:30:01 PM AST,0
07-Jul-19 8:45:02 PM AST,0
07-Jul-19 9:00:01 PM AST,0
07-Jul-19 9:15:01 PM AST,0
07-Jul-19 9:30:01 PM AST,0
07-Jul-19 9:45:01 PM AST,0
07-Jul-19 10:00:01 PM AST,0
07-Jul-19 10:15:02 PM AST,0
07-Jul-19 10:30:02 PM AST,0
07-Jul-19 10:45:02 PM AST,0
07-Jul-19 11:00:01 PM AST,0
07-Jul-19 11:15:01 PM AST,0
07-Jul-19 11:30:01 PM AST,0
07-Jul-19 11:45:01 PM AST,0
08-Jul-19 12:00:01 AM AST,0
08-Jul-19 12:15:01 AM AST,0
08-Jul-19 12:30:01 AM AST,0
08-Jul-19 12:45:01 AM AST,0
08-Jul-19 1:00:01 AM AST,0
08-Jul-19 1:15:01 AM AST,0
08-Jul-19 1:30:02 AM AST,0
08-Jul-19 1:45:01 AM AST,0
08-Jul-19 2:00:02 AM AST,0
08-Jul-19 2:15:01 AM AST,0
08-Jul-19 2:30:01 AM AST,0
08-Jul-19 2:45:01 AM AST,0
08-Jul-19 3:00:01 AM AST,0
08-Jul-19 3:15:01 AM AST,0
08-Jul-19 3:30:01 AM AST,0
08-Jul-19 3:45:01 AM AST,0
08-Jul-19 4:00:02 AM AST,0
08-Jul-19 4:15:01 AM AST,0
08-Jul-19 4:30:01 AM AST,0
08-Jul-19 4:45:01 AM AST,0
08-Jul-19 5:00:02 AM AST,0
08-Jul-19 5:15:01 AM AST,0
08-Jul-19 5:30:01 AM AST,0
08-Jul-19 5:45:01 AM AST,7
08-Jul-19 6:00:01 AM AST,3
08-Jul-19 6:15:01 AM AST,23
08-Jul-19 6:30:02 AM AST,52
08-Jul-19 6:45:01 AM AST,61
08-Jul-19 7:00:01 AM AST,52
08-Jul-19 7:15:01 AM AST,47
08-Jul-19 7:30:01 AM AST,115
08-Jul-19 7:45:01 AM AST,102
08-Jul-19 8:00:02 AM AST,172
08-Jul-19 8:15:01 AM AST,198
08-Jul-19 8:30:01 AM AST,255
08-Jul-19 8:45:01 AM AST,279
08-Jul-19 9:00:01 AM AST,301
08-Jul-19 9:15:02 AM AST,337
08-Jul-19 9:30:02 AM AST,370
08-Jul-19 9:45:01 AM AST,396
08-Jul-19 10:00:01 AM AST,424
08-Jul-19 10:15:02 AM AST,441
08-Jul-19 10:30:01 AM AST,471
08-Jul-19 10:45:01 AM AST,489
08-Jul-19 11:00:01 AM AST,501
08-Jul-19 11:15:01 AM AST,514
08-Jul-19 11:30:01 AM AST,525
08-Jul-19 11:45:01 AM AST,534
08-Jul-19 12:00:01 PM AST,539
08-Jul-19 12:15:01 PM AST,546
08-Jul-19 12:30:01 PM AST,550
08-Jul-19 12:45:01 PM AST,553
08-Jul-19 1:00:02 PM AST,544
08-Jul-19 1:15:01 PM AST,546
08-Jul-19 1:30:01 PM AST,538
08-Jul-19 1:45:01 PM AST,534
08-Jul-19 2:00:02 PM AST,527
08-Jul-19 2:15:01 PM AST,511
08-Jul-19 2:30:01 PM AST,494
08-Jul-19 2:45:01 PM AST,472
08-Jul-19 3:00:01 PM AST,450
08-Jul-19 3:15:01 PM AST,420
08-Jul-19 3:30:01 PM AST,393
08-Jul-19 3:45:02 PM AST,369
08-Jul-19 4:00:01 PM AST,347
08-Jul-19 4:15:01 PM AST,251
08-Jul-19 4:30:01 PM AST,313
08-Jul-19 4:45:01 PM AST,288
08-Jul-19 5:00:01 PM AST,238
08-Jul-19 5:15:01 PM AST,166
08-Jul-19 5:30:01 PM AST,76
08-Jul-19 5:45:01 PM AST,66
08-Jul-19 6:00:01 PM AST,48
08-Jul-19 6:15:01 PM AST,61
08-Jul-19 6:30:01 PM AST,37
08-Jul-19 6:45:01 PM AST,12
08-Jul-19 7:00:02 PM AST,1
08-Jul-19 7:15:01 PM AST,0
08-Jul-19 7:30:02 PM AST,0
08-Jul-19 7:45:01 PM AST,0
08-Jul-19 8:00:01 PM AST,0
08-Jul-19 8:15:01 PM AST,0
08-Jul-19 8:30:01 PM AST,0
08-Jul-19 8:45:01 PM AST,0
08-Jul-19 9:00:02 PM AST,0
08-Jul-19 9:15:01 PM AST,0
08-Jul-19 9:30:01 PM AST,0
08-Jul-19 9:45:01 PM AST,0
08-Jul-19 10:00:01 PM AST,0
08-Jul-19 10:15:01 PM AST,0
08-Jul-19 10:30:01 PM AST,0
08-Jul-19 10:45:01 PM AST,0
08-Jul-19 11:00:02 PM AST,0
08-Jul-19 11:15:01 PM AST,0
08-Jul-19 11:30:01 PM AST,0
08-Jul-19 11:45:01 PM AST,0
09-Jul-19 12:00:01 AM AST,0
09-Jul-19 12:15:01 AM AST,0
09-Jul-19 12:30:01 AM AST,0
09-Jul-19 12:45:01 AM AST,0
09-Jul-19 1:00:01 AM AST,0
09-Jul-19 1:15:01 AM AST,0
09-Jul-19 1:30:01 AM AST,0
09-Jul-19 1:45:01 AM AST,0
09-Jul-19 2:00:02 AM AST,0
09-Jul-19 2:15:01 AM AST,0
09-Jul-19 2:30:01 AM AST,0
09-Jul-19 2:45:01 AM AST,0
09-Jul-19 3:00:01 AM AST,0
09-Jul-19 3:15:01 AM AST,0
09-Jul-19 3:30:01 AM AST,0
09-Jul-19 3:45:01 AM AST,0
09-Jul-19 4:00:01 AM AST,0
09-Jul-19 4:15:01 AM AST,0
09-Jul-19 4:30:01 AM AST,0
09-Jul-19 4:45:01 AM AST,0
09-Jul-19 5:00:01 AM AST,0
09-Jul-19 5:15:01 AM AST,0
09-Jul-19 5:30:02 AM AST,0
09-Jul-19 5:45:01 AM AST,0
09-Jul-19 6:00:01 AM AST,0
09-Jul-19 6:15:01 AM AST,29
09-Jul-19 6:30:01 AM AST,52
09-Jul-19 6:45:01 AM AST,65
09-Jul-19 7:00:01 AM AST,87
09-Jul-19 7:15:01 AM AST,112
09-Jul-19 7:30:01 AM AST,135
09-Jul-19 7:45:01 AM AST,155
09-Jul-19 8:00:01 AM AST,187
09-Jul-19 8:15:01 AM AST,217
09-Jul-19 8:30:01 AM AST,246
09-Jul-19 8:45:01 AM AST,278
09-Jul-19 9:00:01 AM AST,311
09-Jul-19 9:15:01 AM AST,342
09-Jul-19 9:30:01 AM AST,374
09-Jul-19 9:45:02 AM AST,404
09-Jul-19 10:00:01 AM AST,428
09-Jul-19 10:15:01 AM AST,448
09-Jul-19 10:30:01 AM AST,461
09-Jul-19 10:45:02 AM AST,491
09-Jul-19 11:00:02 AM AST,507
09-Jul-19 11:15:01 AM AST,521
09-Jul-19 11:30:01 AM AST,534
09-Jul-19 11:45:01 AM AST,544
09-Jul-19 12:00:01 PM AST,549
09-Jul-19 12:15:02 PM AST,555
09-Jul-19 12:30:02 PM AST,552
09-Jul-19 12:45:01 PM AST,554
09-Jul-19 1:00:01 PM AST,553
09-Jul-19 1:15:01 PM AST,548
09-Jul-19 1:30:01 PM AST,541
09-Jul-19 1:45:01 PM AST,533
09-Jul-19 2:00:01 PM AST,523
09-Jul-19 2:15:01 PM AST,513
09-Jul-19 2:30:01 PM AST,491
09-Jul-19 2:45:01 PM AST,471
09-Jul-19 3:00:01 PM AST,456
09-Jul-19 3:15:01 PM AST,431
09-Jul-19 3:30:01 PM AST,412
09-Jul-19 3:45:01 PM AST,383
09-Jul-19 4:00:02 PM AST,351
09-Jul-19 4:15:02 PM AST,315
09-Jul-19 4:30:01 PM AST,284
09-Jul-19 4:45:02 PM AST,246
09-Jul-19 5:00:01 PM AST,207
09-Jul-19 5:15:02 PM AST,171
09-Jul-19 5:30:01 PM AST,145
09-Jul-19 5:45:01 PM AST,107
09-Jul-19 6:00:01 PM AST,86
09-Jul-19 6:15:01 PM AST,55
09-Jul-19 6:30:02 PM AST,28
09-Jul-19 6:45:01 PM AST,7
09-Jul-19 7:00:01 PM AST,0
09-Jul-19 7:15:01 PM AST,0
09-Jul-19 7:30:01 PM AST,0
09-Jul-19 7:45:01 PM AST,0
09-Jul-19 8:00:01 PM AST,0
09-Jul-19 8:15:01 PM AST,0
09-Jul-19 8:30:01 PM AST,0
09-Jul-19 8:45:01 PM AST,0
09-Jul-19 9:00:01 PM AST,0
09-Jul-19 9:15:01 PM AST,0
09-Jul-19 9:30:01 PM AST,0
09-Jul-19 9:45:01 PM AST,0
09-Jul-19 10:00:01 PM AST,0
09-Jul-19 10:15:01 PM AST,0
09-Jul-19 10:30:01 PM AST,0
09-Jul-19 10:45:01 PM AST,0
09-Jul-19 11:00:01 PM AST,0
09-Jul-19 11:15:01 PM AST,0
09-Jul-19 11:30:01 PM AST,0
09-Jul-19 11:45:01 PM AST,0
10-Jul-19 12:00:01 AM AST,0
10-Jul-19 12:15:01 AM AST,0
10-Jul-19 12:30:01 AM AST,0
10-Jul-19 12:45:01 AM AST,0
10-Jul-19 1:00:01 AM AST,0
10-Jul-19 1:15:01 AM AST,0
10-Jul-19 1:30:01 AM AST,0
10-Jul-19 1:45:01 AM AST,0
10-Jul-19 2:00:01 AM AST,0
10-Jul-19 2:15:01 AM AST,0
10-Jul-19 2:30:02 AM AST,0
10-Jul-19 2:45:01 AM AST,0
10-Jul-19 3:00:01 AM AST,0
10-Jul-19 3:15:02 AM AST,0
10-Jul-19 3:30:01 AM AST,0
10-Jul-19 3:45:02 AM AST,0
10-Jul-19 4:00:01 AM AST,0
10-Jul-19 4:15:02 AM AST,0
10-Jul-19 4:30:01 AM AST,0
10-Jul-19 4:45:01 AM AST,0
10-Jul-19 5:00:01 AM AST,0
10-Jul-19 5:15:02 AM AST,0
10-Jul-19 5:30:01 AM AST,0
10-Jul-19 5:45:01 AM AST,6
10-Jul-19 6:00:01 AM AST,3
10-Jul-19 6:15:01 AM AST,18
10-Jul-19 6:30:02 AM AST,37
10-Jul-19 6:45:02 AM AST,54
10-Jul-19 7:00:01 AM AST,82
10-Jul-19 7:15:01 AM AST,111
10-Jul-19 7:30:02 AM AST,141
10-Jul-19 7:45:01 AM AST,164
10-Jul-19 8:00:01 AM AST,200
10-Jul-19 8:15:01 AM AST,232
10-Jul-19 8:30:02 AM AST,257
10-Jul-19 8:45:01 AM AST,282
10-Jul-19 9:00:01 AM AST,320
10-Jul-19 9:15:01 AM AST,342
10-Jul-19 9:30:01 AM AST,370
10-Jul-19 9:45:02 AM AST,401
10-Jul-19 10:00:01 AM AST,426
10-Jul-19 10:15:01 AM AST,449
10-Jul-19 10:30:01 AM AST,475
10-Jul-19 10:45:02 AM AST,494
10-Jul-19 11:00:01 AM AST,511
10-Jul-19 11:15:01 AM AST,522
10-Jul-19 11:30:01 AM AST,536
10-Jul-19 11:45:01 AM AST,536
10-Jul-19 12:00:01 PM AST,551
10-Jul-19 12:15:01 PM AST,560
10-Jul-19 12:30:01 PM AST,559
10-Jul-19 12:45:01 PM AST,558
10-Jul-19 1:00:02 PM AST,543
10-Jul-19 1:15:01 PM AST,553
10-Jul-19 1:30:01 PM AST,551
10-Jul-19 1:45:01 PM AST,542
10-Jul-19 2:00:02 PM AST,531
10-Jul-19 2:15:01 PM AST,519
10-Jul-19 2:30:01 PM AST,505
10-Jul-19 2:45:00 PM AST,485
10-Jul-19 3:00:02 PM AST,467
10-Jul-19 3:15:01 PM AST,441
10-Jul-19 3:30:01 PM AST,410
10-Jul-19 3:45:01 PM AST,382
10-Jul-19 4:00:01 PM AST,353
10-Jul-19 4:15:01 PM AST,317
10-Jul-19 4:30:01 PM AST,293
10-Jul-19 4:45:01 PM AST,258
10-Jul-19 5:00:01 PM AST,230
10-Jul-19 5:15:01 PM AST,195
10-Jul-19 5:30:01 PM AST,155
10-Jul-19 5:45:01 PM AST,120
10-Jul-19 6:00:01 PM AST,84
10-Jul-19 6:15:01 PM AST,54
10-Jul-19 6:30:01 PM AST,28
10-Jul-19 6:45:01 PM AST,5
10-Jul-19 7:00:01 PM AST,0
10-Jul-19 7:15:01 PM AST,0
10-Jul-19 7:30:01 PM AST,0
10-Jul-19 7:45:01 PM AST,0
10-Jul-19 8:00:01 PM AST,0
10-Jul-19 8:15:01 PM AST,0
10-Jul-19 8:30:01 PM AST,0
10-Jul-19 8:45:02 PM AST,0
10-Jul-19 9:00:01 PM AST,0
10-Jul-19 9:15:01 PM AST,0
10-Jul-19 9:30:02 PM AST,0
10-Jul-19 9:45:01 PM AST,0
10-Jul-19 10:00:01 PM AST,0
10-Jul-19 10:15:01 PM AST,0
10-Jul-19 10:30:01 PM AST,0
10-Jul-19 10:45:01 PM AST,0
10-Jul-19 11:00:02 PM AST,0
10-Jul-19 11:15:01 PM AST,0
10-Jul-19 11:30:02 PM AST,0
10-Jul-19 11:45:01 PM AST,0
11-Jul-19 12:00:01 AM AST,0
11-Jul-19 12:15:01 AM AST,0
11-Jul-19 12:30:01 AM AST,0
11-Jul-19 12:45:01 AM AST,0
11-Jul-19 1:00:02 AM AST,0
11-Jul-19 1:15:01 AM AST,0
11-Jul-19 1:30:01 AM AST,0
11-Jul-19 1:45:01 AM AST,0
11-Jul-19 2:00:01 AM AST,0
11-Jul-19 2:15:01 AM AST,0
11-Jul-19 2:30:01 AM AST,0
11-Jul-19 2:45:02 AM AST,0
11-Jul-19 3:00:01 AM AST,0
11-Jul-19 3:15:02 AM AST,0
11-Jul-19 3:30:02 AM AST,0
11-Jul-19 3:45:01 AM AST,0
11-Jul-19 4:00:01 AM AST,0
11-Jul-19 4:15:01 AM AST,0
11-Jul-19 4:30:01 AM AST,0
11-Jul-19 4:45:01 AM AST,0
11-Jul-19 5:00:01 AM AST,0
11-Jul-19 5:15:01 AM AST,0
11-Jul-19 5:30:02 AM AST,0
11-Jul-19 5:45:01 AM AST,0
11-Jul-19 6:00:01 AM AST,0
11-Jul-19 6:15:01 AM AST,8
11-Jul-19 6:30:01 AM AST,30
11-Jul-19 6:45:02 AM AST,55
11-Jul-19 7:00:01 AM AST,98
11-Jul-19 7:15:02 AM AST,123
11-Jul-19 7:30:01 AM AST,150
11-Jul-19 7:45:01 AM AST,173
11-Jul-19 8:00:01 AM AST,161
11-Jul-19 8:15:01 AM AST,131
11-Jul-19 8:30:02 AM AST,269
11-Jul-19 8:45:01 AM AST,305
11-Jul-19 9:00:01 AM AST,344
11-Jul-19 9:15:01 AM AST,401
11-Jul-19 9:30:01 AM AST,343
11-Jul-19 9:45:01 AM AST,278
11-Jul-19 10:00:01 AM AST,457
11-Jul-19 10:15:01 AM AST,467
11-Jul-19 10:30:01 AM AST,490
11-Jul-19 10:45:01 AM AST,510
11-Jul-19 11:00:02 AM AST,520
11-Jul-19 11:15:01 AM AST,527
11-Jul-19 11:30:01 AM AST,542
11-Jul-19 11:45:01 AM AST,559
11-Jul-19 12:00:01 PM AST,562
11-Jul-19 12:15:01 PM AST,563
11-Jul-19 12:30:01 PM AST,569
11-Jul-19 12:45:01 PM AST,568
11-Jul-19 1:00:01 PM AST,568
11-Jul-19 1:15:01 PM AST,563
11-Jul-19 1:30:01 PM AST,557
11-Jul-19 1:45:01 PM AST,544
11-Jul-19 2:00:02 PM AST,534
11-Jul-19 2:15:01 PM AST,519
11-Jul-19 2:30:01 PM AST,501
11-Jul-19 2:45:01 PM AST,482
11-Jul-19 3:00:01 PM AST,461
11-Jul-19 3:15:01 PM AST,440
11-Jul-19 3:30:02 PM AST,409
11-Jul-19 3:45:01 PM AST,387
11-Jul-19 4:00:01 PM AST,356
11-Jul-19 4:15:01 PM AST,316
11-Jul-19 4:30:01 PM AST,286
11-Jul-19 4:45:01 PM AST,250
11-Jul-19 5:00:01 PM AST,214
11-Jul-19 5:15:01 PM AST,179
11-Jul-19 5:30:02 PM AST,142
11-Jul-19 5:45:01 PM AST,116
11-Jul-19 6:00:01 PM AST,84
11-Jul-19 6:15:01 PM AST,61
11-Jul-19 6:30:01 PM AST,33
11-Jul-19 6:45:02 PM AST,11
11-Jul-19 7:00:01 PM AST,0
11-Jul-19 7:15:01 PM AST,0
11-Jul-19 7:30:01 PM AST,0
11-Jul-19 7:45:02 PM AST,0
11-Jul-19 8:00:01 PM AST,0
11-Jul-19 8:15:01 PM AST,0
11-Jul-19 8:30:01 PM AST,0
11-Jul-19 8:45:01 PM AST,0
11-Jul-19 9:00:01 PM AST,0
11-Jul-19 9:15:01 PM AST,0
11-Jul-19 9:30:01 PM AST,0
11-Jul-19 9:45:01 PM AST,0
11-Jul-19 10:00:01 PM AST,0
11-Jul-19 10:15:01 PM AST,0
11-Jul-19 10:30:02 PM AST,0
11-Jul-19 10:45:01 PM AST,0
11-Jul-19 11:00:01 PM AST,0
11-Jul-19 11:15:01 PM AST,0
11-Jul-19 11:30:01 PM AST,0
11-Jul-19 11:45:01 PM AST,0
12-Jul-19 12:00:01 AM AST,0
12-Jul-19 12:15:01 AM AST,0
12-Jul-19 12:30:01 AM AST,0
12-Jul-19 12:45:01 AM AST,0
12-Jul-19 1:00:01 AM AST,0
12-Jul-19 1:15:02 AM AST,0
12-Jul-19 1:30:01 AM AST,0
12-Jul-19 1:45:01 AM AST,0
12-Jul-19 2:00:01 AM AST,0
12-Jul-19 2:15:01 AM AST,0
12-Jul-19 2:30:01 AM AST,0
12-Jul-19 2:45:01 AM AST,0
12-Jul-19 3:00:01 AM AST,0
12-Jul-19 3:15:02 AM AST,0
12-Jul-19 3:30:01 AM AST,0
12-Jul-19 3:45:01 AM AST,0
12-Jul-19 4:00:01 AM AST,0
12-Jul-19 4:15:02 AM AST,0
12-Jul-19 4:30:01 AM AST,0
12-Jul-19 4:45:02 AM AST,0
12-Jul-19 5:00:01 AM AST,0
12-Jul-19 5:15:01 AM AST,0
12-Jul-19 5:30:01 AM AST,0
12-Jul-19 5:45:01 AM AST,0
12-Jul-19 6:00:01 AM AST,1
12-Jul-19 6:15:02 AM AST,16
12-Jul-19 6:30:01 AM AST,33
12-Jul-19 6:45:01 AM AST,57
12-Jul-19 7:00:01 AM AST,74
12-Jul-19 7:15:02 AM AST,100
12-Jul-19 7:30:01 AM AST,140
12-Jul-19 7:45:02 AM AST,170
12-Jul-19 8:00:01 AM AST,206
12-Jul-19 8:15:01 AM AST,245
12-Jul-19 8:30:01 AM AST,270
12-Jul-19 8:45:01 AM AST,295
12-Jul-19 9:00:01 AM AST,323
12-Jul-19 9:15:02 AM AST,361
12-Jul-19 9:30:01 AM AST,382
12-Jul-19 9:45:01 AM AST,419
12-Jul-19 10:00:02 AM AST,449
12-Jul-19 10:15:01 AM AST,469
12-Jul-19 10:30:01 AM AST,487
12-Jul-19 10:45:01 AM AST,503
12-Jul-19 11:00:01 AM AST,521
12-Jul-19 11:15:02 AM AST,515
12-Jul-19 11:30:01 AM AST,526
12-Jul-19 11:45:01 AM AST,551
12-Jul-19 12:00:01 PM AST,559
12-Jul-19 12:15:01 PM AST,553
12-Jul-19 12:30:01 PM AST,551
12-Jul-19 12:45:01 PM AST,547
12-Jul-19 1:00:01 PM AST,543
12-Jul-19 1:15:01 PM AST,543
12-Jul-19 1:30:02 PM AST,534
12-Jul-19 1:45:01 PM AST,517
12-Jul-19 2:00:02 PM AST,511
12-Jul-19 2:15:01 PM AST,495
12-Jul-19 2:30:02 PM AST,480
12-Jul-19 2:45:01 PM AST,464
12-Jul-19 3:00:01 PM AST,445
12-Jul-19 3:15:01 PM AST,420
12-Jul-19 3:30:01 PM AST,394
12-Jul-19 3:45:01 PM AST,363
12-Jul-19 4:00:01 PM AST,330
12-Jul-19 4:15:01 PM AST,294
12-Jul-19 4:30:01 PM AST,258
12-Jul-19 4:45:01 PM AST,236
12-Jul-19 5:00:01 PM AST,208
12-Jul-19 5:15:01 PM AST,180
12-Jul-19 5:30:01 PM AST,149
12-Jul-19 5:45:01 PM AST,112
12-Jul-19 6:00:01 PM AST,84
12-Jul-19 6:15:01 PM AST,54
12-Jul-19 6:30:02 PM AST,29
12-Jul-19 6:45:01 PM AST,9
12-Jul-19 7:00:01 PM AST,0
12-Jul-19 7:15:01 PM AST,0
12-Jul-19 7:30:01 PM AST,0
12-Jul-19 7:45:01 PM AST,0
12-Jul-19 8:00:01 PM AST,0
12-Jul-19 8:15:01 PM AST,0
12-Jul-19 8:30:02 PM AST,0
12-Jul-19 8:45:01 PM AST,0
12-Jul-19 9:00:01 PM AST,0
12-Jul-19 9:15:01 PM AST,0
12-Jul-19 9:30:01 PM AST,0
12-Jul-19 9:45:01 PM AST,0
12-Jul-19 10:00:02 PM AST,0
12-Jul-19 10:15:01 PM AST,0
12-Jul-19 10:30:02 PM AST,0
12-Jul-19 10:45:01 PM AST,0
12-Jul-19 11:00:01 PM AST,0
12-Jul-19 11:15:01 PM AST,0
12-Jul-19 11:30:01 PM AST,0
12-Jul-19 11:45:01 PM AST,0
13-Jul-19 12:00:02 AM AST,0
13-Jul-19 12:15:01 AM AST,0
13-Jul-19 12:30:01 AM AST,0
13-Jul-19 12:45:01 AM AST,0
13-Jul-19 1:00:01 AM AST,0
13-Jul-19 1:15:01 AM AST,0
13-Jul-19 1:30:01 AM AST,0
13-Jul-19 1:45:01 AM AST,0
13-Jul-19 2:00:01 AM AST,0
13-Jul-19 2:15:01 AM AST,0
13-Jul-19 2:30:02 AM AST,0
13-Jul-19 2:45:01 AM AST,0
13-Jul-19 3:00:01 AM AST,0
13-Jul-19 3:15:01 AM AST,0
13-Jul-19 3:30:01 AM AST,0
13-Jul-19 3:45:01 AM AST,0
13-Jul-19 4:00:01 AM AST,0
13-Jul-19 4:15:01 AM AST,0
13-Jul-19 4:30:01 AM AST,0
13-Jul-19 4:45:01 AM AST,0
13-Jul-19 5:00:01 AM AST,0
13-Jul-19 5:15:01 AM AST,0
13-Jul-19 5:30:01 AM AST,0
13-Jul-19 5:45:01 AM AST,0
13-Jul-19 6:00:01 AM AST,1
13-Jul-19 6:15:01 AM AST,11
13-Jul-19 6:30:01 AM AST,30
13-Jul-19 6:45:01 AM AST,57
13-Jul-19 7:00:01 AM AST,78
13-Jul-19 7:15:01 AM AST,116
13-Jul-19 7:30:01 AM AST,154
13-Jul-19 7:45:01 AM AST,188
13-Jul-19 8:00:01 AM AST,215
13-Jul-19 8:15:01 AM AST,246
13-Jul-19 8:30:01 AM AST,267
13-Jul-19 8:45:01 AM AST,298
13-Jul-19 9:00:01 AM AST,339
13-Jul-19 9:15:01 AM AST,377
13-Jul-19 9:30:01 AM AST,404
13-Jul-19 9:45:01 AM AST,427
13-Jul-19 10:00:01 AM AST,455
13-Jul-19 10:15:01 AM AST,485
13-Jul-19 10:30:01 AM AST,511
13-Jul-19 10:45:02 AM AST,529
13-Jul-19 11:00:01 AM AST,537
13-Jul-19 11:15:01 AM AST,554
13-Jul-19 11:30:01 AM AST,561
13-Jul-19 11:45:01 AM AST,584
13-Jul-19 12:00:01 PM AST,590
13-Jul-19 12:15:01 PM AST,592
13-Jul-19 12:30:01 PM AST,592
13-Jul-19 12:45:01 PM AST,592
13-Jul-19 1:00:01 PM AST,582
13-Jul-19 1:15:01 PM AST,575
13-Jul-19 1:30:01 PM AST,570
13-Jul-19 1:45:01 PM AST,562
13-Jul-19 2:00:01 PM AST,550
13-Jul-19 2:15:01 PM AST,538
13-Jul-19 2:30:01 PM AST,522
13-Jul-19 2:45:02 PM AST,502
13-Jul-19 3:00:01 PM AST,481
13-Jul-19 3:15:01 PM AST,451
13-Jul-19 3:30:01 PM AST,429
13-Jul-19 3:45:01 PM AST,401
13-Jul-19 4:00:01 PM AST,379
13-Jul-19 4:15:02 PM AST,343
13-Jul-19 4:30:01 PM AST,312
13-Jul-19 4:45:01 PM AST,274
13-Jul-19 5:00:01 PM AST,238
13-Jul-19 5:15:01 PM AST,199
13-Jul-19 5:30:01 PM AST,157
13-Jul-19 5:45:01 PM AST,117
13-Jul-19 6:00:01 PM AST,92
13-Jul-19 6:15:01 PM AST,56
13-Jul-19 6:30:01 PM AST,34
13-Jul-19 6:45:01 PM AST,10
13-Jul-19 7:00:01 PM AST,0
13-Jul-19 7:15:02 PM AST,0
13-Jul-19 7:30:01 PM AST,0
13-Jul-19 7:45:02 PM AST,0
13-Jul-19 8:00:02 PM AST,0
13-Jul-19 8:15:01 PM AST,0
13-Jul-19 8:30:01 PM AST,0
13-Jul-19 8:45:01 PM AST,0
13-Jul-19 9:00:02 PM AST,0
13-Jul-19 9:15:01 PM AST,0
13-Jul-19 9:30:02 PM AST,0
13-Jul-19 9:45:01 PM AST,0
13-Jul-19 10:00:01 PM AST,0
13-Jul-19 10:15:01 PM AST,0
13-Jul-19 10:30:01 PM AST,0
13-Jul-19 10:45:01 PM AST,0
13-Jul-19 11:00:02 PM AST,0
13-Jul-19 11:15:01 PM AST,0
13-Jul-19 11:30:01 PM AST,0
13-Jul-19 11:45:01 PM AST,0
14-Jul-19 12:00:01 AM AST,0
14-Jul-19 12:15:02 AM AST,0
14-Jul-19 12:30:02 AM AST,0
14-Jul-19 12:45:01 AM AST,0
14-Jul-19 1:00:01 AM AST,0
14-Jul-19 1:15:01 AM AST,0
14-Jul-19 1:30:01 AM AST,0
14-Jul-19 1:45:01 AM AST,0
14-Jul-19 2:00:02 AM AST,0
14-Jul-19 2:15:01 AM AST,0
14-Jul-19 2:30:01 AM AST,0
14-Jul-19 2:45:02 AM AST,0
14-Jul-19 3:00:01 AM AST,0
14-Jul-19 3:15:02 AM AST,0
14-Jul-19 3:30:01 AM AST,0
14-Jul-19 3:45:01 AM AST,0
14-Jul-19 4:00:01 AM AST,0
14-Jul-19 4:15:01 AM AST,0
14-Jul-19 4:30:01 AM AST,0
14-Jul-19 4:45:01 AM AST,0
14-Jul-19 5:00:01 AM AST,0
14-Jul-19 5:15:01 AM AST,0
14-Jul-19 5:30:01 AM AST,0
14-Jul-19 5:45:01 AM AST,0
14-Jul-19 6:00:01 AM AST,0
14-Jul-19 6:15:01 AM AST,13
14-Jul-19 6:30:01 AM AST,37
14-Jul-19 6:45:01 AM AST,59
14-Jul-19 7:00:01 AM AST,87
14-Jul-19 7:15:02 AM AST,107
14-Jul-19 7:30:01 AM AST,139
14-Jul-19 7:45:02 AM AST,167
14-Jul-19 8:00:01 AM AST,194
14-Jul-19 8:15:02 AM AST,224
14-Jul-19 8:30:01 AM AST,255
14-Jul-19 8:45:01 AM AST,280
14-Jul-19 9:00:02 AM AST,320
14-Jul-19 9:15:01 AM AST,339
14-Jul-19 9:30:01 AM AST,369
14-Jul-19 9:45:01 AM AST,389
14-Jul-19 10:00:01 AM AST,416
14-Jul-19 10:15:01 AM AST,439
14-Jul-19 10:30:01 AM AST,459
14-Jul-19 10:45:01 AM AST,480
14-Jul-19 11:00:01 AM AST,499
14-Jul-19 11:15:01 AM AST,513
14-Jul-19 11:30:01 AM AST,528
14-Jul-19 11:45:01 AM AST,535
14-Jul-19 12:00:01 PM AST,546
14-Jul-19 12:15:01 PM AST,551
14-Jul-19 12:30:01 PM AST,557
14-Jul-19 12:45:01 PM AST,557
14-Jul-19 1:00:01 PM AST,555
14-Jul-19 1:15:01 PM AST,555
14-Jul-19 1:30:01 PM AST,549
14-Jul-19 1:45:01 PM AST,542
14-Jul-19 2:00:01 PM AST,530
14-Jul-19 2:15:01 PM AST,519
14-Jul-19 2:30:01 PM AST,503
14-Jul-19 2:45:01 PM AST,486
14-Jul-19 3:00:02 PM AST,472
14-Jul-19 3:15:02 PM AST,443
14-Jul-19 3:30:01 PM AST,417
14-Jul-19 3:45:01 PM AST,385
14-Jul-19 4:00:02 PM AST,357
14-Jul-19 4:15:02 PM AST,320
14-Jul-19 4:30:01 PM AST,282
14-Jul-19 4:45:02 PM AST,246
14-Jul-19 5:00:02 PM AST,217
14-Jul-19 5:15:01 PM AST,179
14-Jul-19 5:30:02 PM AST,151
14-Jul-19 5:45:01 PM AST,114
14-Jul-19 6:00:01 PM AST,80
14-Jul-19 6:15:01 PM AST,49
14-Jul-19 6:30:01 PM AST,24
14-Jul-19 6:45:01 PM AST,5
14-Jul-19 7:00:01 PM AST,0
14-Jul-19 7:15:02 PM AST,0
14-Jul-19 7:30:01 PM AST,0
14-Jul-19 7:45:02 PM AST,0
14-Jul-19 8:00:01 PM AST,0
14-Jul-19 8:15:01 PM AST,0
14-Jul-19 8:30:01 PM AST,0
14-Jul-19 8:45:02 PM AST,0
14-Jul-19 9:00:01 PM AST,0
14-Jul-19 9:15:01 PM AST,0
14-Jul-19 9:30:01 PM AST,0
14-Jul-19 9:45:01 PM AST,0
14-Jul-19 10:00:01 PM AST,0
14-Jul-19 10:15:01 PM AST,0
14-Jul-19 10:30:01 PM AST,0
14-Jul-19 10:45:01 PM AST,0
14-Jul-19 11:00:02 PM AST,0
14-Jul-19 11:15:01 PM AST,0
14-Jul-19 11:30:01 PM AST,0
14-Jul-19 11:45:02 PM AST,0
15-Jul-19 12:00:01 AM AST,0
15-Jul-19 12:15:01 AM AST,0
15-Jul-19 12:30:01 AM AST,0
15-Jul-19 12:45:01 AM AST,0
15-Jul-19 1:00:01 AM AST,0
15-Jul-19 1:15:01 AM AST,0
15-Jul-19 1:30:01 AM AST,0
15-Jul-19 1:45:02 AM AST,0
15-Jul-19 2:00:01 AM AST,0
15-Jul-19 2:15:01 AM AST,0
15-Jul-19 2:30:01 AM AST,0
15-Jul-19 2:45:02 AM AST,0
15-Jul-19 3:00:01 AM AST,0
15-Jul-19 3:15:02 AM AST,0
15-Jul-19 3:30:01 AM AST,0
15-Jul-19 3:45:01 AM AST,0
15-Jul-19 4:00:01 AM AST,0
15-Jul-19 4:15:01 AM AST,0
15-Jul-19 4:30:01 AM AST,0
15-Jul-19 4:45:01 AM AST,0
15-Jul-19 5:00:02 AM AST,0
15-Jul-19 5:15:02 AM AST,0
15-Jul-19 5:30:02 AM AST,0
15-Jul-19 5:45:01 AM AST,0
15-Jul-19 6:00:01 AM AST,0
15-Jul-19 6:15:01 AM AST,7
15-Jul-19 6:30:02 AM AST,14
15-Jul-19 6:45:01 AM AST,31
15-Jul-19 7:00:02 AM AST,49
15-Jul-19 7:15:01 AM AST,78
15-Jul-19 7:30:02 AM AST,169
15-Jul-19 7:45:01 AM AST,87
15-Jul-19 8:00:01 AM AST,200
15-Jul-19 8:15:01 AM AST,215
15-Jul-19 8:30:01 AM AST,247
15-Jul-19 8:45:01 AM AST,274
15-Jul-19 9:00:02 AM AST,305
15-Jul-19 9:15:01 AM AST,324
15-Jul-19 9:30:01 AM AST,364
15-Jul-19 9:45:01 AM AST,389
15-Jul-19 10:00:01 AM AST,418
15-Jul-19 10:15:01 AM AST,438
15-Jul-19 10:30:02 AM AST,462
15-Jul-19 10:45:01 AM AST,481
15-Jul-19 11:00:01 AM AST,491
15-Jul-19 11:15:01 AM AST,507
15-Jul-19 11:30:03 AM AST,512
15-Jul-19 11:45:02 AM AST,529
15-Jul-19 12:00:01 PM AST,536
15-Jul-19 12:15:01 PM AST,538
15-Jul-19 12:30:02 PM AST,547
15-Jul-19 12:45:01 PM AST,553
15-Jul-19 1:00:01 PM AST,548
15-Jul-19 1:15:01 PM AST,541
15-Jul-19 1:30:02 PM AST,536
15-Jul-19 1:45:01 PM AST,530
15-Jul-19 2:00:02 PM AST,520
15-Jul-19 2:15:01 PM AST,504
15-Jul-19 2:30:01 PM AST,496
15-Jul-19 2:45:01 PM AST,471
15-Jul-19 3:00:02 PM AST,450
15-Jul-19 3:15:01 PM AST,423
15-Jul-19 3:30:02 PM AST,398
15-Jul-19 3:45:01 PM AST,375
15-Jul-19 4:00:01 PM AST,344
15-Jul-19 4:15:01 PM AST,323
15-Jul-19 4:30:01 PM AST,289
15-Jul-19 4:45:01 PM AST,253
15-Jul-19 5:00:01 PM AST,221
15-Jul-19 5:15:01 PM AST,182
15-Jul-19 5:30:01 PM AST,143
15-Jul-19 5:45:02 PM AST,108
15-Jul-19 6:00:01 PM AST,75
15-Jul-19 6:15:01 PM AST,53
15-Jul-19 6:30:02 PM AST,26
15-Jul-19 6:45:01 PM AST,7
15-Jul-19 7:00:02 PM AST,0
15-Jul-19 7:15:02 PM AST,1
15-Jul-19 7:30:02 PM AST,0
15-Jul-19 7:45:01 PM AST,0
15-Jul-19 8:00:01 PM AST,0
15-Jul-19 8:15:01 PM AST,0
15-Jul-19 8:30:01 PM AST,0
15-Jul-19 8:45:02 PM AST,0
15-Jul-19 9:00:01 PM AST,0
15-Jul-19 9:15:01 PM AST,0
15-Jul-19 9:30:01 PM AST,0
15-Jul-19 9:45:01 PM AST,0
15-Jul-19 10:00:01 PM AST,0
15-Jul-19 10:15:01 PM AST,0
15-Jul-19 10:30:01 PM AST,0
15-Jul-19 10:45:01 PM AST,0
15-Jul-19 11:00:02 PM AST,0
15-Jul-19 11:15:02 PM AST,0
15-Jul-19 11:30:02 PM AST,0
15-Jul-19 11:45:02 PM AST,0
16-Jul-19 12:00:02 AM AST,0
16-Jul-19 12:15:02 AM AST,0
16-Jul-19 12:30:01 AM AST,0
16-Jul-19 12:45:01 AM AST,0
16-Jul-19 1:00:01 AM AST,0
16-Jul-19 1:15:01 AM AST,0
16-Jul-19 1:30:01 AM AST,0
16-Jul-19 1:45:01 AM AST,0
16-Jul-19 2:00:01 AM AST,0
16-Jul-19 2:15:01 AM AST,0
16-Jul-19 2:30:02 AM AST,0
16-Jul-19 2:45:01 AM AST,0
16-Jul-19 3:00:02 AM AST,0
16-Jul-19 3:15:02 AM AST,0
16-Jul-19 3:30:01 AM AST,0
16-Jul-19 3:45:01 AM AST,0
16-Jul-19 4:00:01 AM AST,0
16-Jul-19 4:15:01 AM AST,0
16-Jul-19 4:30:02 AM AST,0
16-Jul-19 4:45:01 AM AST,0
16-Jul-19 5:00:01 AM AST,0
16-Jul-19 5:15:02 AM AST,0
16-Jul-19 5:30:01 AM AST,0
16-Jul-19 5:45:01 AM AST,0
16-Jul-19 6:00:01 AM AST,0
16-Jul-19 6:15:01 AM AST,7
16-Jul-19 6:30:02 AM AST,27
16-Jul-19 6:45:01 AM AST,51
16-Jul-19 7:00:01 AM AST,66
16-Jul-19 7:15:02 AM AST,87
16-Jul-19 7:30:01 AM AST,105
16-Jul-19 7:45:01 AM AST,126
16-Jul-19 8:00:01 AM AST,154
16-Jul-19 8:15:02 AM AST,179
16-Jul-19 8:30:02 AM AST,212
16-Jul-19 8:45:01 AM AST,242
16-Jul-19 9:00:01 AM AST,278
16-Jul-19 9:15:01 AM AST,295
16-Jul-19 9:30:01 AM AST,327
16-Jul-19 9:45:02 AM AST,369
16-Jul-19 10:00:01 AM AST,397
16-Jul-19 10:15:01 AM AST,409
16-Jul-19 10:30:01 AM AST,446
16-Jul-19 10:45:02 AM AST,470
16-Jul-19 11:00:01 AM AST,479
16-Jul-19 11:15:02 AM AST,495
16-Jul-19 11:30:01 AM AST,517
16-Jul-19 11:45:01 AM AST,531
16-Jul-19 12:00:02 PM AST,532
16-Jul-19 12:15:01 PM AST,542
16-Jul-19 12:30:02 PM AST,535
16-Jul-19 12:45:02 PM AST,543
16-Jul-19 1:00:01 PM AST,536
16-Jul-19 1:15:01 PM AST,535
16-Jul-19 1:30:01 PM AST,523
16-Jul-19 1:45:01 PM AST,512
16-Jul-19 2:00:01 PM AST,501
16-Jul-19 2:15:01 PM AST,488
16-Jul-19 2:30:01 PM AST,461
16-Jul-19 2:45:01 PM AST,453
16-Jul-19 3:00:01 PM AST,433
16-Jul-19 3:15:01 PM AST,412
16-Jul-19 3:30:01 PM AST,379
16-Jul-19 3:45:02 PM AST,348
16-Jul-19 4:00:02 PM AST,311
16-Jul-19 4:15:01 PM AST,283
16-Jul-19 4:30:01 PM AST,255
16-Jul-19 4:45:01 PM AST,220
16-Jul-19 5:00:02 PM AST,184
16-Jul-19 5:15:01 PM AST,158
16-Jul-19 5:30:01 PM AST,121
16-Jul-19 5:45:02 PM AST,97
16-Jul-19 6:00:01 PM AST,73
16-Jul-19 6:15:01 PM AST,48
16-Jul-19 6:30:01 PM AST,22
16-Jul-19 6:45:01 PM AST,3
16-Jul-19 7:00:02 PM AST,0
16-Jul-19 7:15:02 PM AST,1
16-Jul-19 7:30:01 PM AST,0
16-Jul-19 7:45:01 PM AST,0
16-Jul-19 8:00:01 PM AST,0
16-Jul-19 8:15:01 PM AST,0
16-Jul-19 8:30:01 PM AST,0
16-Jul-19 8:45:01 PM AST,0
16-Jul-19 9:00:01 PM AST,0
16-Jul-19 9:15:02 PM AST,0
16-Jul-19 9:30:01 PM AST,0
16-Jul-19 9:45:01 PM AST,0
16-Jul-19 10:00:02 PM AST,0
16-Jul-19 10:15:01 PM AST,0
16-Jul-19 10:30:01 PM AST,0
16-Jul-19 10:45:01 PM AST,0
16-Jul-19 11:00:02 PM AST,0
16-Jul-19 11:15:01 PM AST,0
16-Jul-19 11:30:01 PM AST,0
16-Jul-19 11:45:01 PM AST,0
17-Jul-19 12:00:01 AM AST,0
17-Jul-19 12:15:01 AM AST,0
17-Jul-19 12:30:02 AM AST,0
17-Jul-19 12:45:01 AM AST,0
17-Jul-19 1:00:01 AM AST,0
17-Jul-19 1:15:01 AM AST,0
17-Jul-19 1:30:02 AM AST,0
17-Jul-19 1:45:01 AM AST,0
17-Jul-19 2:00:02 AM AST,0
17-Jul-19 2:15:01 AM AST,0
17-Jul-19 2:30:01 AM AST,0
17-Jul-19 2:45:01 AM AST,0
17-Jul-19 3:00:01 AM AST,0
17-Jul-19 3:15:02 AM AST,0
17-Jul-19 3:30:02 AM AST,0
17-Jul-19 3:45:01 AM AST,0
17-Jul-19 4:00:01 AM AST,0
17-Jul-19 4:15:02 AM AST,0
17-Jul-19 4:30:01 AM AST,0
17-Jul-19 4:45:01 AM AST,0
17-Jul-19 5:00:02 AM AST,0
17-Jul-19 5:15:02 AM AST,0
17-Jul-19 5:30:01 AM AST,0
17-Jul-19 5:45:02 AM AST,4
17-Jul-19 6:00:01 AM AST,0
17-Jul-19 6:15:01 AM AST,10
17-Jul-19 6:30:01 AM AST,26
17-Jul-19 6:45:02 AM AST,54
17-Jul-19 7:00:01 AM AST,84
17-Jul-19 7:15:01 AM AST,113
17-Jul-19 7:30:01 AM AST,145
17-Jul-19 7:45:01 AM AST,175
17-Jul-19 8:00:02 AM AST,202
17-Jul-19 8:15:01 AM AST,232
17-Jul-19 8:30:01 AM AST,254
17-Jul-19 8:45:03 AM AST,285
17-Jul-19 9:00:01 AM AST,315
17-Jul-19 9:15:01 AM AST,343
17-Jul-19 9:30:01 AM AST,373
17-Jul-19 9:45:01 AM AST,405
17-Jul-19 10:00:01 AM AST,428
17-Jul-19 10:15:01 AM AST,461
17-Jul-19 10:30:02 AM AST,479
17-Jul-19 10:45:01 AM AST,502
17-Jul-19 11:00:01 AM AST,508
17-Jul-19 11:15:02 AM AST,526
17-Jul-19 11:30:01 AM AST,533
17-Jul-19 11:45:01 AM AST,548
17-Jul-19 12:00:01 PM AST,558
17-Jul-19 12:15:01 PM AST,565
17-Jul-19 12:30:01 PM AST,567
17-Jul-19 12:45:02 PM AST,561
17-Jul-19 1:00:01 PM AST,523
17-Jul-19 1:15:01 PM AST,557
17-Jul-19 1:30:01 PM AST,553
17-Jul-19 1:45:01 PM AST,545
17-Jul-19 2:00:01 PM AST,535
17-Jul-19 2:15:01 PM AST,521
17-Jul-19 2:30:01 PM AST,500
17-Jul-19 2:45:01 PM AST,479
17-Jul-19 3:00:02 PM AST,455
17-Jul-19 3:15:01 PM AST,429
17-Jul-19 3:30:01 PM AST,398
17-Jul-19 3:45:01 PM AST,369
17-Jul-19 4:00:01 PM AST,345
17-Jul-19 4:15:01 PM AST,314
17-Jul-19 4:30:01 PM AST,285
17-Jul-19 4:45:01 PM AST,252
17-Jul-19 5:00:01 PM AST,215
17-Jul-19 5:15:01 PM AST,179
17-Jul-19 5:30:01 PM AST,140
17-Jul-19 5:45:01 PM AST,107
17-Jul-19 6:00:01 PM AST,76
17-Jul-19 6:15:01 PM AST,47
17-Jul-19 6:30:02 PM AST,27
17-Jul-19 6:45:02 PM AST,7
17-Jul-19 7:00:01 PM AST,0
17-Jul-19 7:15:01 PM AST,0
17-Jul-19 7:30:01 PM AST,0
17-Jul-19 7:45:01 PM AST,0
17-Jul-19 8:00:01 PM AST,0
17-Jul-19 8:15:00 PM AST,0
17-Jul-19 8:30:01 PM AST,0
17-Jul-19 8:45:01 PM AST,0
17-Jul-19 9:00:01 PM AST,0
17-Jul-19 9:15:01 PM AST,0
17-Jul-19 9:30:01 PM AST,0
17-Jul-19 9:45:01 PM AST,0
17-Jul-19 10:00:01 PM AST,0
17-Jul-19 10:15:01 PM AST,0
17-Jul-19 10:30:01 PM AST,0
17-Jul-19 10:45:01 PM AST,0
17-Jul-19 11:00:01 PM AST,0
17-Jul-19 11:15:01 PM AST,0
17-Jul-19 11:30:01 PM AST,0
17-Jul-19 11:45:01 PM AST,0
18-Jul-19 12:00:01 AM AST,0
18-Jul-19 12:15:01 AM AST,0
18-Jul-19 12:30:01 AM AST,0
18-Jul-19 12:45:01 AM AST,0
18-Jul-19 1:00:01 AM AST,0
18-Jul-19 1:15:01 AM AST,0
18-Jul-19 1:30:01 AM AST,0
18-Jul-19 1:45:01 AM AST,0
18-Jul-19 2:00:01 AM AST,0
18-Jul-19 2:15:01 AM AST,0
18-Jul-19 2:30:01 AM AST,0
18-Jul-19 2:45:01 AM AST,0
18-Jul-19 3:00:01 AM AST,0
18-Jul-19 3:15:01 AM AST,0
18-Jul-19 3:30:01 AM AST,0
18-Jul-19 3:45:01 AM AST,0
18-Jul-19 4:00:01 AM AST,0
18-Jul-19 4:15:02 AM AST,0
18-Jul-19 4:30:01 AM AST,0
18-Jul-19 4:45:01 AM AST,0
18-Jul-19 5:00:01 AM AST,0
18-Jul-19 5:15:01 AM AST,0
18-Jul-19 5:30:01 AM AST,0
18-Jul-19 5:45:01 AM AST,0
18-Jul-19 6:00:01 AM AST,0
18-Jul-19 6:15:01 AM AST,11
18-Jul-19 6:30:01 AM AST,32
18-Jul-19 6:45:01 AM AST,59
18-Jul-19 7:00:01 AM AST,83
18-Jul-19 7:15:01 AM AST,99
18-Jul-19 7:30:02 AM AST,129
18-Jul-19 7:45:01 AM AST,78
18-Jul-19 8:00:01 AM AST,188
18-Jul-19 8:15:01 AM AST,222
18-Jul-19 8:30:01 AM AST,265
18-Jul-19 8:45:01 AM AST,265
18-Jul-19 9:00:01 AM AST,330
18-Jul-19 9:15:01 AM AST,367
18-Jul-19 9:30:01 AM AST,395
18-Jul-19 9:45:02 AM AST,408
18-Jul-19 10:00:01 AM AST,428
18-Jul-19 10:15:01 AM AST,444
18-Jul-19 10:30:01 AM AST,472
18-Jul-19 10:45:01 AM AST,489
18-Jul-19 11:00:02 AM AST,503
18-Jul-19 11:15:01 AM AST,525
18-Jul-19 11:30:01 AM AST,532
18-Jul-19 11:45:00 AM AST,541
18-Jul-19 12:00:01 PM AST,553
18-Jul-19 12:15:01 PM AST,563
18-Jul-19 12:30:01 PM AST,565
18-Jul-19 12:45:01 PM AST,568
18-Jul-19 1:00:02 PM AST,563
18-Jul-19 1:15:02 PM AST,552
18-Jul-19 1:30:01 PM AST,550
18-Jul-19 1:45:01 PM AST,533
18-Jul-19 2:00:01 PM AST,522
18-Jul-19 2:15:01 PM AST,520
18-Jul-19 2:30:02 PM AST,438
18-Jul-19 2:45:02 PM AST,497
18-Jul-19 3:00:01 PM AST,425
18-Jul-19 3:15:01 PM AST,448
18-Jul-19 3:30:01 PM AST,414
18-Jul-19 3:45:01 PM AST,382
18-Jul-19 4:00:02 PM AST,346
18-Jul-19 4:15:01 PM AST,316
18-Jul-19 4:30:01 PM AST,278
18-Jul-19 4:45:01 PM AST,245
18-Jul-19 5:00:02 PM AST,208
18-Jul-19 5:15:01 PM AST,171
18-Jul-19 5:30:02 PM AST,146
18-Jul-19 5:45:01 PM AST,124
18-Jul-19 6:00:01 PM AST,105
18-Jul-19 6:15:01 PM AST,62
18-Jul-19 6:30:01 PM AST,38
18-Jul-19 6:45:01 PM AST,10
18-Jul-19 7:00:01 PM AST,0
18-Jul-19 7:15:01 PM AST,0
18-Jul-19 7:30:01 PM AST,0
18-Jul-19 7:45:01 PM AST,0
18-Jul-19 8:00:01 PM AST,0
18-Jul-19 8:15:01 PM AST,0
18-Jul-19 8:30:01 PM AST,0
18-Jul-19 8:45:01 PM AST,0
18-Jul-19 9:00:01 PM AST,0
18-Jul-19 9:15:01 PM AST,0
18-Jul-19 9:30:01 PM AST,0
18-Jul-19 9:45:01 PM AST,0
18-Jul-19 10:00:01 PM AST,0
18-Jul-19 10:15:01 PM AST,0
18-Jul-19 10:30:02 PM AST,0
18-Jul-19 10:45:01 PM AST,0
18-Jul-19 11:00:02 PM AST,0
18-Jul-19 11:15:01 PM AST,0
18-Jul-19 11:30:01 PM AST,0
18-Jul-19 11:45:01 PM AST,0
19-Jul-19 12:00:01 AM AST,0
19-Jul-19 12:15:01 AM AST,0
19-Jul-19 12:30:03 AM AST,0
19-Jul-19 12:45:01 AM AST,0
19-Jul-19 1:00:02 AM AST,0
19-Jul-19 1:15:01 AM AST,0
19-Jul-19 1:30:01 AM AST,0
19-Jul-19 1:45:01 AM AST,0
19-Jul-19 2:00:01 AM AST,0
19-Jul-19 2:15:01 AM AST,0
19-Jul-19 2:30:01 AM AST,0
19-Jul-19 2:45:01 AM AST,0
19-Jul-19 3:00:01 AM AST,0
19-Jul-19 3:15:01 AM AST,0
19-Jul-19 3:30:01 AM AST,0
19-Jul-19 3:45:02 AM AST,0
19-Jul-19 4:00:01 AM AST,0
19-Jul-19 4:15:02 AM AST,0
19-Jul-19 4:30:01 AM AST,0
19-Jul-19 4:45:01 AM AST,0
19-Jul-19 5:00:02 AM AST,0
19-Jul-19 5:15:01 AM AST,0
19-Jul-19 5:30:01 AM AST,0
19-Jul-19 5:45:01 AM AST,0
19-Jul-19 6:00:01 AM AST,0
19-Jul-19 6:15:01 AM AST,1
19-Jul-19 6:30:01 AM AST,17
19-Jul-19 6:45:02 AM AST,30
19-Jul-19 7:00:01 AM AST,50
19-Jul-19 7:15:01 AM AST,62
19-Jul-19 7:30:02 AM AST,66
19-Jul-19 7:45:01 AM AST,58
19-Jul-19 8:00:01 AM AST,65
19-Jul-19 8:15:01 AM AST,79
19-Jul-19 8:30:01 AM AST,110
19-Jul-19 8:45:01 AM AST,155
19-Jul-19 9:00:01 AM AST,239
19-Jul-19 9:15:01 AM AST,285
19-Jul-19 9:30:01 AM AST,247
19-Jul-19 9:45:01 AM AST,302
19-Jul-19 10:00:00 AM AST,431
19-Jul-19 10:15:01 AM AST,431
19-Jul-19 10:30:01 AM AST,469
19-Jul-19 10:45:01 AM AST,479
19-Jul-19 11:00:02 AM AST,510
19-Jul-19 11:15:02 AM AST,498
19-Jul-19 11:30:01 AM AST,523
19-Jul-19 11:45:02 AM AST,522
19-Jul-19 12:00:02 PM AST,527
19-Jul-19 12:15:02 PM AST,530
19-Jul-19 12:30:01 PM AST,537
19-Jul-19 12:45:01 PM AST,536
19-Jul-19 1:00:01 PM AST,537
19-Jul-19 1:15:01 PM AST,527
19-Jul-19 1:30:02 PM AST,524
19-Jul-19 1:45:01 PM AST,513
19-Jul-19 2:00:02 PM AST,502
19-Jul-19 2:15:01 PM AST,485
19-Jul-19 2:30:02 PM AST,465
19-Jul-19 2:45:01 PM AST,446
19-Jul-19 3:00:02 PM AST,424
19-Jul-19 3:15:01 PM AST,402
19-Jul-19 3:30:01 PM AST,375
19-Jul-19 3:45:01 PM AST,354
19-Jul-19 4:00:01 PM AST,333
19-Jul-19 4:15:01 PM AST,230
19-Jul-19 4:30:01 PM AST,231
19-Jul-19 4:45:01 PM AST,218
19-Jul-19 5:00:01 PM AST,129
19-Jul-19 5:15:02 PM AST,195
19-Jul-19 5:30:01 PM AST,157
19-Jul-19 5:45:01 PM AST,99
19-Jul-19 6:00:01 PM AST,78
19-Jul-19 6:15:01 PM AST,56
19-Jul-19 6:30:01 PM AST,24
19-Jul-19 6:45:02 PM AST,4
19-Jul-19 7:00:01 PM AST,2
19-Jul-19 7:15:02 PM AST,0
19-Jul-19 7:30:01 PM AST,0
19-Jul-19 7:45:01 PM AST,0
19-Jul-19 8:00:01 PM AST,0
19-Jul-19 8:15:01 PM AST,0
19-Jul-19 8:30:01 PM AST,0
19-Jul-19 8:45:01 PM AST,0
19-Jul-19 9:00:01 PM AST,0
19-Jul-19 9:15:01 PM AST,0
19-Jul-19 9:30:01 PM AST,0
19-Jul-19 9:45:01 PM AST,0
19-Jul-19 10:00:01 PM AST,0
19-Jul-19 10:15:01 PM AST,0
19-Jul-19 10:30:01 PM AST,0
19-Jul-19 10:45:01 PM AST,0
19-Jul-19 11:00:01 PM AST,0
19-Jul-19 11:15:01 PM AST,0
19-Jul-19 11:30:01 PM AST,0
19-Jul-19 11:45:01 PM AST,0
20-Jul-19 12:00:01 AM AST,0
20-Jul-19 12:15:01 AM AST,0
20-Jul-19 12:30:02 AM AST,0
20-Jul-19 12:45:01 AM AST,0
20-Jul-19 1:00:01 AM AST,0
20-Jul-19 1:15:01 AM AST,0
20-Jul-19 1:30:01 AM AST,0
20-Jul-19 1:45:01 AM AST,0
20-Jul-19 2:00:01 AM AST,0
20-Jul-19 2:15:01 AM AST,0
20-Jul-19 2:30:01 AM AST,0
20-Jul-19 2:45:01 AM AST,0
20-Jul-19 3:00:01 AM AST,0
20-Jul-19 3:15:01 AM AST,0
20-Jul-19 3:30:01 AM AST,0
20-Jul-19 3:45:01 AM AST,0
20-Jul-19 4:00:01 AM AST,0
20-Jul-19 4:15:01 AM AST,0
20-Jul-19 4:30:02 AM AST,0
20-Jul-19 4:45:02 AM AST,0
20-Jul-19 5:00:01 AM AST,0
20-Jul-19 5:15:01 AM AST,0
20-Jul-19 5:30:01 AM AST,0
20-Jul-19 5:45:01 AM AST,0
20-Jul-19 6:00:01 AM AST,4
20-Jul-19 6:15:02 AM AST,5
20-Jul-19 6:30:01 AM AST,14
20-Jul-19 6:45:01 AM AST,37
20-Jul-19 7:00:01 AM AST,87
20-Jul-19 7:15:01 AM AST,98
20-Jul-19 7:30:01 AM AST,119
20-Jul-19 7:45:01 AM AST,172
20-Jul-19 8:00:01 AM AST,236
20-Jul-19 8:15:01 AM AST,251
20-Jul-19 8:30:01 AM AST,240
20-Jul-19 8:45:01 AM AST,274
20-Jul-19 9:00:01 AM AST,307
20-Jul-19 9:15:01 AM AST,325
20-Jul-19 9:30:01 AM AST,350
20-Jul-19 9:45:01 AM AST,383
20-Jul-19 10:00:01 AM AST,407
20-Jul-19 10:15:01 AM AST,425
20-Jul-19 10:30:01 AM AST,403
20-Jul-19 10:45:01 AM AST,458
20-Jul-19 11:00:01 AM AST,472
20-Jul-19 11:15:01 AM AST,484
20-Jul-19 11:30:01 AM AST,497
20-Jul-19 11:45:01 AM AST,504
20-Jul-19 12:00:01 PM AST,508
20-Jul-19 12:15:01 PM AST,514
20-Jul-19 12:30:01 PM AST,514
20-Jul-19 12:45:01 PM AST,517
20-Jul-19 1:00:01 PM AST,519
20-Jul-19 1:15:01 PM AST,510
20-Jul-19 1:30:01 PM AST,469
20-Jul-19 1:45:02 PM AST,491
20-Jul-19 2:00:01 PM AST,478
20-Jul-19 2:15:01 PM AST,461
20-Jul-19 2:30:02 PM AST,437
20-Jul-19 2:45:01 PM AST,433
20-Jul-19 3:00:01 PM AST,403
20-Jul-19 3:15:01 PM AST,381
20-Jul-19 3:30:01 PM AST,348
20-Jul-19 3:45:01 PM AST,326
20-Jul-19 4:00:01 PM AST,305
20-Jul-19 4:15:01 PM AST,281
20-Jul-19 4:30:01 PM AST,196
20-Jul-19 4:45:01 PM AST,183
20-Jul-19 5:00:01 PM AST,164
20-Jul-19 5:15:01 PM AST,143
20-Jul-19 5:30:01 PM AST,114
20-Jul-19 5:45:01 PM AST,92
20-Jul-19 6:00:01 PM AST,62
20-Jul-19 6:15:01 PM AST,38
20-Jul-19 6:30:01 PM AST,21
20-Jul-19 6:45:01 PM AST,7
20-Jul-19 7:00:01 PM AST,1
20-Jul-19 7:15:01 PM AST,0
20-Jul-19 7:30:01 PM AST,0
20-Jul-19 7:45:01 PM AST,0
20-Jul-19 8:00:01 PM AST,0
20-Jul-19 8:15:01 PM AST,0
20-Jul-19 8:30:01 PM AST,0
20-Jul-19 8:45:01 PM AST,0
20-Jul-19 9:00:01 PM AST,0
20-Jul-19 9:15:01 PM AST,0
20-Jul-19 9:30:01 PM AST,0
20-Jul-19 9:45:02 PM AST,0
20-Jul-19 10:00:01 PM AST,0
20-Jul-19 10:15:01 PM AST,0
20-Jul-19 10:30:01 PM AST,0
20-Jul-19 10:45:01 PM AST,0
20-Jul-19 11:00:01 PM AST,0
20-Jul-19 11:15:01 PM AST,0
20-Jul-19 11:30:01 PM AST,0
20-Jul-19 11:45:01 PM AST,0
21-Jul-19 12:00:01 AM AST,0
21-Jul-19 12:15:01 AM AST,0
21-Jul-19 12:30:02 AM AST,0
21-Jul-19 12:45:02 AM AST,0
21-Jul-19 1:00:01 AM AST,0
21-Jul-19 1:15:01 AM AST,0
21-Jul-19 1:30:01 AM AST,0
21-Jul-19 1:45:01 AM AST,0
21-Jul-19 2:00:02 AM AST,0
21-Jul-19 2:15:01 AM AST,0
21-Jul-19 2:30:01 AM AST,0
21-Jul-19 2:45:01 AM AST,0
21-Jul-19 3:00:02 AM AST,0
21-Jul-19 3:15:01 AM AST,0
21-Jul-19 3:30:01 AM AST,0
21-Jul-19 3:45:01 AM AST,0
21-Jul-19 4:00:05 AM AST,0
21-Jul-19 4:15:01 AM AST,0
21-Jul-19 4:30:01 AM AST,0
21-Jul-19 4:45:01 AM AST,0
21-Jul-19 5:00:01 AM AST,0
21-Jul-19 5:15:01 AM AST,0
21-Jul-19 5:30:01 AM AST,0
21-Jul-19 5:45:01 AM AST,0
21-Jul-19 6:00:01 AM AST,1
21-Jul-19 6:15:01 AM AST,11
21-Jul-19 6:30:01 AM AST,22
21-Jul-19 6:45:01 AM AST,34
21-Jul-19 7:00:01 AM AST,49
21-Jul-19 7:15:01 AM AST,65
21-Jul-19 7:30:01 AM AST,73
21-Jul-19 7:45:01 AM AST,80
21-Jul-19 8:00:01 AM AST,95
21-Jul-19 8:15:01 AM AST,127
21-Jul-19 8:30:01 AM AST,156
21-Jul-19 8:45:01 AM AST,182
21-Jul-19 9:00:01 AM AST,147
21-Jul-19 9:15:01 AM AST,356
21-Jul-19 9:30:01 AM AST,472
21-Jul-19 9:45:01 AM AST,473
21-Jul-19 10:00:01 AM AST,271
21-Jul-19 10:15:01 AM AST,237
21-Jul-19 10:30:01 AM AST,199
21-Jul-19 10:45:01 AM AST,190
21-Jul-19 11:00:01 AM AST,185
21-Jul-19 11:15:02 AM AST,168
21-Jul-19 11:30:01 AM AST,175
21-Jul-19 11:45:01 AM AST,195
21-Jul-19 12:00:01 PM AST,213
21-Jul-19 12:15:02 PM AST,216
21-Jul-19 12:30:02 PM AST,222
21-Jul-19 12:45:01 PM AST,234
21-Jul-19 1:00:01 PM AST,228
21-Jul-19 1:15:01 PM AST,210
21-Jul-19 1:30:01 PM AST,203
21-Jul-19 1:45:01 PM AST,206
21-Jul-19 2:00:01 PM AST,201
21-Jul-19 2:15:01 PM AST,198
21-Jul-19 2:30:01 PM AST,193
21-Jul-19 2:45:01 PM AST,180
21-Jul-19 3:00:01 PM AST,181
21-Jul-19 3:15:01 PM AST,192
21-Jul-19 3:30:01 PM AST,201
21-Jul-19 3:45:01 PM AST,173
21-Jul-19 4:00:02 PM AST,152
21-Jul-19 4:15:01 PM AST,137
21-Jul-19 4:30:01 PM AST,110
21-Jul-19 4:45:01 PM AST,97
21-Jul-19 5:00:01 PM AST,86
21-Jul-19 5:15:02 PM AST,78
21-Jul-19 5:30:01 PM AST,71
21-Jul-19 5:45:01 PM AST,78
21-Jul-19 6:00:01 PM AST,48
21-Jul-19 6:15:02 PM AST,26
21-Jul-19 6:30:02 PM AST,14
21-Jul-19 6:45:01 PM AST,0
21-Jul-19 7:00:01 PM AST,0
21-Jul-19 7:15:01 PM AST,0
21-Jul-19 7:30:02 PM AST,0
21-Jul-19 7:45:02 PM AST,0
21-Jul-19 8:00:01 PM AST,0
21-Jul-19 8:15:01 PM AST,0
21-Jul-19 8:30:01 PM AST,0
21-Jul-19 8:45:01 PM AST,0
21-Jul-19 9:00:01 PM AST,0
21-Jul-19 9:15:02 PM AST,0
21-Jul-19 9:30:01 PM AST,0
21-Jul-19 9:45:01 PM AST,0
21-Jul-19 10:00:02 PM AST,0
21-Jul-19 10:15:01 PM AST,0
21-Jul-19 10:30:01 PM AST,0
21-Jul-19 10:45:01 PM AST,0
21-Jul-19 11:00:01 PM AST,0
21-Jul-19 11:15:01 PM AST,0
21-Jul-19 11:30:01 PM AST,0
21-Jul-19 11:45:01 PM AST,0
22-Jul-19 12:00:01 AM AST,0
22-Jul-19 12:15:01 AM AST,0
22-Jul-19 12:30:01 AM AST,0
22-Jul-19 12:45:01 AM AST,0
22-Jul-19 1:00:01 AM AST,0
22-Jul-19 1:15:01 AM AST,0
22-Jul-19 1:30:01 AM AST,0
22-Jul-19 1:45:01 AM AST,0
22-Jul-19 2:00:01 AM AST,0
22-Jul-19 2:15:01 AM AST,0
22-Jul-19 2:30:02 AM AST,0
22-Jul-19 2:45:01 AM AST,0
22-Jul-19 3:00:02 AM AST,0
22-Jul-19 3:15:01 AM AST,0
22-Jul-19 3:30:01 AM AST,0
22-Jul-19 3:45:01 AM AST,0
22-Jul-19 4:00:01 AM AST,0
22-Jul-19 4:15:01 AM AST,0
22-Jul-19 4:30:02 AM AST,0
22-Jul-19 4:45:01 AM AST,0
22-Jul-19 5:00:02 AM AST,0
22-Jul-19 5:15:01 AM AST,0
22-Jul-19 5:30:01 AM AST,0
22-Jul-19 5:45:02 AM AST,0
22-Jul-19 6:00:01 AM AST,0
22-Jul-19 6:15:01 AM AST,20
22-Jul-19 6:30:01 AM AST,52
22-Jul-19 6:45:01 AM AST,79
22-Jul-19 7:00:01 AM AST,70
22-Jul-19 7:15:01 AM AST,83
22-Jul-19 7:30:01 AM AST,112
22-Jul-19 7:45:01 AM AST,169
22-Jul-19 8:00:01 AM AST,217
22-Jul-19 8:15:01 AM AST,252
22-Jul-19 8:30:01 AM AST,189
22-Jul-19 8:45:01 AM AST,251
22-Jul-19 9:00:02 AM AST,374
22-Jul-19 9:15:01 AM AST,423
22-Jul-19 9:30:01 AM AST,310
22-Jul-19 9:45:01 AM AST,209
22-Jul-19 10:00:01 AM AST,445
22-Jul-19 10:15:01 AM AST,420
22-Jul-19 10:30:01 AM AST,207
22-Jul-19 10:45:01 AM AST,273
22-Jul-19 11:00:02 AM AST,518
22-Jul-19 11:15:01 AM AST,536
22-Jul-19 11:30:01 AM AST,528
22-Jul-19 11:45:01 AM AST,542
22-Jul-19 12:00:01 PM AST,547
22-Jul-19 12:15:01 PM AST,552
22-Jul-19 12:30:02 PM AST,558
22-Jul-19 12:45:01 PM AST,558
22-Jul-19 1:00:01 PM AST,557
22-Jul-19 1:15:01 PM AST,554
22-Jul-19 1:30:02 PM AST,544
22-Jul-19 1:45:01 PM AST,539
22-Jul-19 2:00:01 PM AST,524
22-Jul-19 2:15:01 PM AST,506
22-Jul-19 2:30:01 PM AST,492
22-Jul-19 2:45:01 PM AST,472
22-Jul-19 3:00:01 PM AST,449
22-Jul-19 3:15:01 PM AST,421
22-Jul-19 3:30:01 PM AST,389
22-Jul-19 3:45:01 PM AST,364
22-Jul-19 4:00:02 PM AST,330
22-Jul-19 4:15:01 PM AST,297
22-Jul-19 4:30:01 PM AST,270
22-Jul-19 4:45:01 PM AST,244
22-Jul-19 5:00:01 PM AST,210
22-Jul-19 5:15:02 PM AST,174
22-Jul-19 5:30:01 PM AST,136
22-Jul-19 5:45:01 PM AST,102
22-Jul-19 6:00:01 PM AST,71
22-Jul-19 6:15:02 PM AST,41
22-Jul-19 6:30:01 PM AST,17
22-Jul-19 6:45:01 PM AST,4
22-Jul-19 7:00:01 PM AST,1
22-Jul-19 7:15:01 PM AST,0
22-Jul-19 7:30:01 PM AST,0
22-Jul-19 7:45:02 PM AST,0
22-Jul-19 8:00:01 PM AST,0
22-Jul-19 8:15:01 PM AST,0
22-Jul-19 8:30:02 PM AST,0
22-Jul-19 8:45:01 PM AST,0
22-Jul-19 9:00:01 PM AST,0
22-Jul-19 9:15:01 PM AST,0
22-Jul-19 9:30:01 PM AST,0
22-Jul-19 9:45:01 PM AST,0
22-Jul-19 10:00:01 PM AST,0
22-Jul-19 10:15:01 PM AST,0
22-Jul-19 10:30:01 PM AST,0
22-Jul-19 10:45:01 PM AST,0
22-Jul-19 11:00:01 PM AST,0
22-Jul-19 11:15:01 PM AST,0
22-Jul-19 11:30:01 PM AST,0
22-Jul-19 11:45:02 PM AST,0
23-Jul-19 12:00:01 AM AST,0
23-Jul-19 12:15:01 AM AST,0
23-Jul-19 12:30:01 AM AST,0
23-Jul-19 12:45:01 AM AST,0
23-Jul-19 1:00:01 AM AST,0
23-Jul-19 1:15:01 AM AST,0
23-Jul-19 1:30:01 AM AST,0
23-Jul-19 1:45:01 AM AST,0
23-Jul-19 2:00:01 AM AST,0
23-Jul-19 2:15:01 AM AST,0
23-Jul-19 2:30:01 AM AST,0
23-Jul-19 2:45:01 AM AST,0
23-Jul-19 3:00:01 AM AST,0
23-Jul-19 3:15:01 AM AST,0
23-Jul-19 3:30:02 AM AST,0
23-Jul-19 3:45:02 AM AST,0
23-Jul-19 4:00:01 AM AST,0
23-Jul-19 4:15:01 AM AST,0
23-Jul-19 4:30:01 AM AST,0
23-Jul-19 4:45:01 AM AST,0
23-Jul-19 5:00:01 AM AST,0
23-Jul-19 5:15:01 AM AST,0
23-Jul-19 5:30:01 AM AST,0
23-Jul-19 5:45:01 AM AST,0
23-Jul-19 6:00:01 AM AST,0
23-Jul-19 6:15:01 AM AST,12
23-Jul-19 6:30:01 AM AST,29
23-Jul-19 6:45:01 AM AST,56
23-Jul-19 7:00:01 AM AST,74
23-Jul-19 7:15:01 AM AST,100
23-Jul-19 7:30:01 AM AST,131
23-Jul-19 7:45:01 AM AST,157
23-Jul-19 8:00:01 AM AST,191
23-Jul-19 8:15:02 AM AST,220
23-Jul-19 8:30:01 AM AST,249
23-Jul-19 8:45:01 AM AST,270
23-Jul-19 9:00:01 AM AST,308
23-Jul-19 9:15:02 AM AST,337
23-Jul-19 9:30:01 AM AST,370
23-Jul-19 9:45:02 AM AST,382
23-Jul-19 10:00:01 AM AST,408
23-Jul-19 10:15:01 AM AST,424
23-Jul-19 10:30:02 AM AST,450
23-Jul-19 10:45:01 AM AST,466
23-Jul-19 11:00:01 AM AST,485
23-Jul-19 11:15:02 AM AST,499
23-Jul-19 11:30:02 AM AST,508
23-Jul-19 11:45:01 AM AST,516
23-Jul-19 12:00:01 PM AST,527
23-Jul-19 12:15:01 PM AST,535
23-Jul-19 12:30:01 PM AST,534
23-Jul-19 12:45:01 PM AST,534
23-Jul-19 1:00:01 PM AST,534
23-Jul-19 1:15:01 PM AST,524
23-Jul-19 1:30:01 PM AST,520
23-Jul-19 1:45:01 PM AST,508
23-Jul-19 2:00:01 PM AST,501
23-Jul-19 2:15:01 PM AST,489
23-Jul-19 2:30:01 PM AST,472
23-Jul-19 2:45:01 PM AST,452
23-Jul-19 3:00:01 PM AST,433
23-Jul-19 3:15:01 PM AST,406
23-Jul-19 3:30:01 PM AST,381
23-Jul-19 3:45:01 PM AST,351
23-Jul-19 4:00:01 PM AST,327
23-Jul-19 4:15:01 PM AST,299
23-Jul-19 4:30:01 PM AST,275
23-Jul-19 4:45:01 PM AST,240
23-Jul-19 5:00:01 PM AST,205
23-Jul-19 5:15:01 PM AST,168
23-Jul-19 5:30:01 PM AST,129
23-Jul-19 5:45:01 PM AST,97
23-Jul-19 6:00:01 PM AST,67
23-Jul-19 6:15:01 PM AST,44
23-Jul-19 6:30:01 PM AST,19
23-Jul-19 6:45:02 PM AST,6
23-Jul-19 7:00:01 PM AST,0
23-Jul-19 7:15:01 PM AST,0
23-Jul-19 7:30:01 PM AST,0
23-Jul-19 7:45:01 PM AST,0
23-Jul-19 8:00:02 PM AST,0
23-Jul-19 8:15:01 PM AST,0
23-Jul-19 8:30:01 PM AST,0
23-Jul-19 8:45:01 PM AST,0
23-Jul-19 9:00:01 PM AST,0
23-Jul-19 9:15:01 PM AST,0
23-Jul-19 9:30:02 PM AST,0
23-Jul-19 9:45:01 PM AST,0
23-Jul-19 10:00:02 PM AST,0
23-Jul-19 10:15:02 PM AST,0
23-Jul-19 10:30:01 PM AST,0
23-Jul-19 10:45:01 PM AST,0
23-Jul-19 11:00:01 PM AST,0
23-Jul-19 11:15:01 PM AST,0
23-Jul-19 11:30:01 PM AST,0
23-Jul-19 11:45:02 PM AST,0
24-Jul-19 12:00:01 AM AST,0
24-Jul-19 12:15:01 AM AST,0
24-Jul-19 12:30:01 AM AST,0
24-Jul-19 12:45:01 AM AST,0
24-Jul-19 1:00:01 AM AST,0
24-Jul-19 1:15:01 AM AST,0
24-Jul-19 1:30:01 AM AST,0
24-Jul-19 1:45:02 AM AST,0
24-Jul-19 2:00:01 AM AST,0
24-Jul-19 2:15:02 AM AST,0
24-Jul-19 2:30:01 AM AST,0
24-Jul-19 2:45:02 AM AST,0
24-Jul-19 3:00:01 AM AST,0
24-Jul-19 3:15:01 AM AST,0
24-Jul-19 3:30:01 AM AST,0
24-Jul-19 3:45:01 AM AST,0
24-Jul-19 4:00:01 AM AST,0
24-Jul-19 4:15:01 AM AST,0
24-Jul-19 4:30:01 AM AST,0
24-Jul-19 4:45:01 AM AST,0
24-Jul-19 5:00:02 AM AST,0
24-Jul-19 5:15:01 AM AST,0
24-Jul-19 5:30:01 AM AST,0
24-Jul-19 5:45:01 AM AST,0
24-Jul-19 6:00:01 AM AST,1
24-Jul-19 6:15:01 AM AST,9
24-Jul-19 6:30:01 AM AST,23
24-Jul-19 6:45:01 AM AST,49
24-Jul-19 7:00:01 AM AST,79
24-Jul-19 7:15:02 AM AST,107
24-Jul-19 7:30:01 AM AST,133
24-Jul-19 7:45:01 AM AST,159
24-Jul-19 8:00:02 AM AST,191
24-Jul-19 8:15:01 AM AST,218
24-Jul-19 8:30:01 AM AST,238
24-Jul-19 8:45:01 AM AST,268
24-Jul-19 9:00:01 AM AST,294
24-Jul-19 9:15:01 AM AST,320
24-Jul-19 9:30:01 AM AST,351
24-Jul-19 9:45:01 AM AST,373
24-Jul-19 10:00:01 AM AST,392
24-Jul-19 10:15:01 AM AST,416
24-Jul-19 10:30:01 AM AST,435
24-Jul-19 10:45:02 AM AST,448
24-Jul-19 11:00:01 AM AST,466
24-Jul-19 11:15:02 AM AST,478
24-Jul-19 11:30:02 AM AST,491
24-Jul-19 11:45:01 AM AST,503
24-Jul-19 12:00:01 PM AST,511
24-Jul-19 12:15:01 PM AST,511
24-Jul-19 12:30:01 PM AST,516
24-Jul-19 12:45:01 PM AST,517
24-Jul-19 1:00:01 PM AST,519
24-Jul-19 1:15:01 PM AST,510
24-Jul-19 1:30:01 PM AST,508
24-Jul-19 1:45:01 PM AST,495
24-Jul-19 2:00:02 PM AST,488
24-Jul-19 2:15:01 PM AST,476
24-Jul-19 2:30:01 PM AST,454
24-Jul-19 2:45:01 PM AST,440
24-Jul-19 3:00:01 PM AST,415
24-Jul-19 3:15:01 PM AST,398
24-Jul-19 3:30:01 PM AST,377
24-Jul-19 3:45:01 PM AST,349
24-Jul-19 4:00:01 PM AST,329
24-Jul-19 4:15:02 PM AST,300
24-Jul-19 4:30:01 PM AST,265
24-Jul-19 4:45:02 PM AST,231
24-Jul-19 5:00:02 PM AST,196
24-Jul-19 5:15:01 PM AST,159
24-Jul-19 5:30:01 PM AST,127
24-Jul-19 5:45:01 PM AST,99
24-Jul-19 6:00:01 PM AST,70
24-Jul-19 6:15:01 PM AST,49
24-Jul-19 6:30:01 PM AST,24
24-Jul-19 6:45:01 PM AST,4
24-Jul-19 7:00:01 PM AST,0
24-Jul-19 7:15:01 PM AST,0
24-Jul-19 7:30:01 PM AST,0
24-Jul-19 7:45:01 PM AST,0
24-Jul-19 8:00:01 PM AST,0
24-Jul-19 8:15:01 PM AST,0
24-Jul-19 8:30:01 PM AST,0
24-Jul-19 8:45:02 PM AST,0
24-Jul-19 9:00:01 PM AST,0
24-Jul-19 9:15:01 PM AST,0
24-Jul-19 9:30:01 PM AST,0
24-Jul-19 9:45:01 PM AST,0
24-Jul-19 10:00:01 PM AST,0
24-Jul-19 10:15:01 PM AST,0
24-Jul-19 10:30:01 PM AST,0
24-Jul-19 10:45:01 PM AST,0
24-Jul-19 11:00:01 PM AST,0
24-Jul-19 11:15:01 PM AST,0
24-Jul-19 11:30:01 PM AST,0
24-Jul-19 11:45:01 PM AST,0
25-Jul-19 12:00:01 AM AST,0
25-Jul-19 12:15:01 AM AST,0
25-Jul-19 12:30:02 AM AST,0
25-Jul-19 12:45:02 AM AST,0
25-Jul-19 1:00:01 AM AST,0
25-Jul-19 1:15:01 AM AST,0
25-Jul-19 1:30:02 AM AST,0
25-Jul-19 1:45:02 AM AST,0
25-Jul-19 2:00:02 AM AST,0
25-Jul-19 2:15:01 AM AST,0
25-Jul-19 2:30:01 AM AST,0
25-Jul-19 2:45:01 AM AST,0
25-Jul-19 3:00:01 AM AST,0
25-Jul-19 3:15:01 AM AST,0
25-Jul-19 3:30:01 AM AST,0
25-Jul-19 3:45:01 AM AST,0
25-Jul-19 4:00:01 AM AST,0
25-Jul-19 4:15:01 AM AST,0
25-Jul-19 4:30:01 AM AST,0
25-Jul-19 4:45:01 AM AST,0
25-Jul-19 5:00:01 AM AST,0
25-Jul-19 5:15:01 AM AST,0
25-Jul-19 5:30:01 AM AST,0
25-Jul-19 5:45:01 AM AST,0
25-Jul-19 6:00:02 AM AST,4
25-Jul-19 6:15:01 AM AST,5
25-Jul-19 6:30:01 AM AST,22
25-Jul-19 6:45:02 AM AST,48
25-Jul-19 7:00:01 AM AST,75
25-Jul-19 7:15:02 AM AST,101
25-Jul-19 7:30:01 AM AST,131
25-Jul-19 7:45:01 AM AST,155
25-Jul-19 8:00:01 AM AST,176
25-Jul-19 8:15:01 AM AST,156
25-Jul-19 8:30:01 AM AST,188
25-Jul-19 8:45:01 AM AST,262
25-Jul-19 9:00:01 AM AST,286
25-Jul-19 9:15:01 AM AST,309
25-Jul-19 9:30:02 AM AST,339
25-Jul-19 9:45:01 AM AST,363
25-Jul-19 10:00:01 AM AST,387
25-Jul-19 10:15:01 AM AST,409
25-Jul-19 10:30:01 AM AST,423
25-Jul-19 10:45:01 AM AST,439
25-Jul-19 11:00:01 AM AST,463
25-Jul-19 11:15:02 AM AST,471
25-Jul-19 11:30:01 AM AST,486
25-Jul-19 11:45:01 AM AST,493
25-Jul-19 12:00:01 PM AST,503
25-Jul-19 12:15:01 PM AST,511
25-Jul-19 12:30:02 PM AST,514
25-Jul-19 12:45:01 PM AST,515
25-Jul-19 1:00:01 PM AST,512
25-Jul-19 1:15:01 PM AST,512
25-Jul-19 1:30:01 PM AST,502
25-Jul-19 1:45:01 PM AST,491
25-Jul-19 2:00:01 PM AST,478
25-Jul-19 2:15:01 PM AST,466
25-Jul-19 2:30:02 PM AST,450
25-Jul-19 2:45:01 PM AST,435
25-Jul-19 3:00:01 PM AST,415
25-Jul-19 3:15:01 PM AST,394
25-Jul-19 3:30:01 PM AST,371
25-Jul-19 3:45:01 PM AST,347
25-Jul-19 4:00:02 PM AST,316
25-Jul-19 4:15:01 PM AST,289
25-Jul-19 4:30:02 PM AST,255
25-Jul-19 4:45:01 PM AST,222
25-Jul-19 5:00:01 PM AST,186
25-Jul-19 5:15:02 PM AST,151
25-Jul-19 5:30:02 PM AST,123
25-Jul-19 5:45:01 PM AST,100
25-Jul-19 6:00:01 PM AST,68
25-Jul-19 6:15:01 PM AST,41
25-Jul-19 6:30:02 PM AST,17
25-Jul-19 6:45:01 PM AST,1
25-Jul-19 7:00:01 PM AST,1
25-Jul-19 7:15:01 PM AST,0
25-Jul-19 7:30:02 PM AST,0
25-Jul-19 7:45:01 PM AST,0
25-Jul-19 8:00:01 PM AST,0
25-Jul-19 8:15:01 PM AST,0
25-Jul-19 8:30:01 PM AST,0
25-Jul-19 8:45:01 PM AST,0
25-Jul-19 9:00:01 PM AST,0
25-Jul-19 9:15:01 PM AST,0
25-Jul-19 9:30:01 PM AST,0
25-Jul-19 9:45:01 PM AST,0
25-Jul-19 10:00:01 PM AST,0
25-Jul-19 10:15:02 PM AST,0
25-Jul-19 10:30:01 PM AST,0
25-Jul-19 10:45:01 PM AST,0
25-Jul-19 11:00:01 PM AST,0
25-Jul-19 11:15:01 PM AST,0
25-Jul-19 11:30:01 PM AST,0
25-Jul-19 11:45:02 PM AST,0
26-Jul-19 12:00:01 AM AST,0
26-Jul-19 12:15:01 AM AST,0
26-Jul-19 12:30:01 AM AST,0
26-Jul-19 12:45:01 AM AST,0
26-Jul-19 1:00:02 AM AST,0
26-Jul-19 1:15:01 AM AST,0
26-Jul-19 1:30:01 AM AST,0
26-Jul-19 1:45:01 AM AST,0
26-Jul-19 2:00:01 AM AST,0
26-Jul-19 2:15:01 AM AST,0
26-Jul-19 2:30:02 AM AST,0
26-Jul-19 2:45:01 AM AST,0
26-Jul-19 3:00:02 AM AST,0
26-Jul-19 3:15:02 AM AST,0
26-Jul-19 3:30:01 AM AST,0
26-Jul-19 3:45:01 AM AST,0
26-Jul-19 4:00:01 AM AST,0
26-Jul-19 4:15:01 AM AST,0
26-Jul-19 4:30:01 AM AST,0
26-Jul-19 4:45:01 AM AST,0
26-Jul-19 5:00:01 AM AST,0
26-Jul-19 5:15:01 AM AST,0
26-Jul-19 5:30:01 AM AST,0
26-Jul-19 5:45:01 AM AST,0
26-Jul-19 6:00:01 AM AST,4
26-Jul-19 6:15:01 AM AST,7
26-Jul-19 6:30:02 AM AST,22
26-Jul-19 6:45:01 AM AST,46
26-Jul-19 7:00:01 AM AST,65
26-Jul-19 7:15:01 AM AST,99
26-Jul-19 7:30:01 AM AST,113
26-Jul-19 7:45:01 AM AST,135
26-Jul-19 8:00:01 AM AST,147
26-Jul-19 8:15:02 AM AST,168
26-Jul-19 8:30:02 AM AST,202
26-Jul-19 8:45:02 AM AST,222
26-Jul-19 9:00:01 AM AST,256
26-Jul-19 9:15:01 AM AST,300
26-Jul-19 9:30:01 AM AST,314
26-Jul-19 9:45:02 AM AST,335
26-Jul-19 10:00:01 AM AST,344
26-Jul-19 10:15:01 AM AST,315
26-Jul-19 10:30:01 AM AST,368
26-Jul-19 10:45:01 AM AST,436
26-Jul-19 11:00:01 AM AST,419
26-Jul-19 11:15:01 AM AST,431
26-Jul-19 11:30:01 AM AST,442
26-Jul-19 11:45:01 AM AST,468
26-Jul-19 12:00:01 PM AST,476
26-Jul-19 12:15:01 PM AST,481
26-Jul-19 12:30:01 PM AST,468
26-Jul-19 12:45:02 PM AST,456
26-Jul-19 1:00:01 PM AST,484
26-Jul-19 1:15:01 PM AST,462
26-Jul-19 1:30:01 PM AST,488
26-Jul-19 1:45:01 PM AST,475
26-Jul-19 2:00:01 PM AST,458
26-Jul-19 2:15:01 PM AST,377
26-Jul-19 2:30:01 PM AST,391
26-Jul-19 2:45:02 PM AST,351
26-Jul-19 3:00:02 PM AST,356
26-Jul-19 3:15:01 PM AST,321
26-Jul-19 3:30:01 PM AST,335
26-Jul-19 3:45:01 PM AST,291
26-Jul-19 4:00:01 PM AST,286
26-Jul-19 4:15:01 PM AST,235
26-Jul-19 4:30:01 PM AST,231
26-Jul-19 4:45:02 PM AST,201
26-Jul-19 5:00:01 PM AST,175
26-Jul-19 5:15:01 PM AST,138
26-Jul-19 5:30:01 PM AST,108
26-Jul-19 5:45:01 PM AST,82
26-Jul-19 6:00:01 PM AST,55
26-Jul-19 6:15:01 PM AST,37
26-Jul-19 6:30:01 PM AST,18
26-Jul-19 6:45:01 PM AST,2
26-Jul-19 7:00:01 PM AST,3
26-Jul-19 7:15:02 PM AST,0
26-Jul-19 7:30:02 PM AST,0
26-Jul-19 7:45:01 PM AST,0
26-Jul-19 8:00:01 PM AST,0
26-Jul-19 8:15:01 PM AST,0
26-Jul-19 8:30:01 PM AST,0
26-Jul-19 8:45:01 PM AST,0
26-Jul-19 9:00:02 PM AST,0
26-Jul-19 9:15:01 PM AST,0
26-Jul-19 9:30:02 PM AST,0
26-Jul-19 9:45:01 PM AST,0
26-Jul-19 10:00:01 PM AST,0
26-Jul-19 10:15:01 PM AST,0
26-Jul-19 10:30:01 PM AST,0
26-Jul-19 10:45:01 PM AST,0
26-Jul-19 11:00:01 PM AST,0
26-Jul-19 11:15:01 PM AST,0
26-Jul-19 11:30:01 PM AST,0
26-Jul-19 11:45:01 PM AST,0
27-Jul-19 12:00:01 AM AST,0
27-Jul-19 12:15:01 AM AST,0
27-Jul-19 12:30:01 AM AST,0
27-Jul-19 12:45:01 AM AST,0
27-Jul-19 1:00:02 AM AST,0
27-Jul-19 1:15:01 AM AST,0
27-Jul-19 1:30:01 AM AST,0
27-Jul-19 1:45:02 AM AST,0
27-Jul-19 2:00:01 AM AST,0
27-Jul-19 2:15:02 AM AST,0
27-Jul-19 2:30:01 AM AST,0
27-Jul-19 2:45:01 AM AST,0
27-Jul-19 3:00:01 AM AST,0
27-Jul-19 3:15:01 AM AST,0
27-Jul-19 3:30:01 AM AST,0
27-Jul-19 3:45:01 AM AST,0
27-Jul-19 4:00:01 AM AST,0
27-Jul-19 4:15:01 AM AST,0
27-Jul-19 4:30:01 AM AST,0
27-Jul-19 4:45:01 AM AST,0
27-Jul-19 5:00:01 AM AST,0
27-Jul-19 5:15:01 AM AST,0
27-Jul-19 5:30:01 AM AST,0
27-Jul-19 5:45:01 AM AST,0
27-Jul-19 6:00:01 AM AST,0
27-Jul-19 6:15:01 AM AST,12
27-Jul-19 6:30:01 AM AST,39
27-Jul-19 6:45:01 AM AST,74
27-Jul-19 7:00:01 AM AST,102
27-Jul-19 7:15:01 AM AST,137
27-Jul-19 7:30:01 AM AST,130
27-Jul-19 7:45:01 AM AST,107
27-Jul-19 8:00:01 AM AST,134
27-Jul-19 8:15:01 AM AST,154
27-Jul-19 8:30:01 AM AST,236
27-Jul-19 8:45:02 AM AST,257
27-Jul-19 9:00:02 AM AST,283
27-Jul-19 9:15:01 AM AST,293
27-Jul-19 9:30:01 AM AST,341
27-Jul-19 9:45:01 AM AST,370
27-Jul-19 10:00:01 AM AST,396
27-Jul-19 10:15:01 AM AST,287
27-Jul-19 10:30:01 AM AST,232
27-Jul-19 10:45:01 AM AST,509
27-Jul-19 11:00:01 AM AST,365
27-Jul-19 11:15:01 AM AST,525
27-Jul-19 11:30:01 AM AST,493
27-Jul-19 11:45:01 AM AST,517
27-Jul-19 12:00:01 PM AST,512
27-Jul-19 12:15:02 PM AST,513
27-Jul-19 12:30:01 PM AST,511
27-Jul-19 12:45:01 PM AST,513
27-Jul-19 1:00:01 PM AST,511
27-Jul-19 1:15:02 PM AST,504
27-Jul-19 1:30:01 PM AST,499
27-Jul-19 1:45:01 PM AST,487
27-Jul-19 2:00:01 PM AST,475
27-Jul-19 2:15:01 PM AST,463
27-Jul-19 2:30:01 PM AST,449
27-Jul-19 2:45:01 PM AST,433
27-Jul-19 3:00:01 PM AST,411
27-Jul-19 3:15:01 PM AST,381
27-Jul-19 3:30:01 PM AST,362
27-Jul-19 3:45:01 PM AST,330
27-Jul-19 4:00:01 PM AST,300
27-Jul-19 4:15:01 PM AST,267
27-Jul-19 4:30:01 PM AST,246
27-Jul-19 4:45:02 PM AST,208
27-Jul-19 5:00:02 PM AST,189
27-Jul-19 5:15:01 PM AST,155
27-Jul-19 5:30:01 PM AST,122
27-Jul-19 5:45:01 PM AST,91
27-Jul-19 6:00:01 PM AST,62
27-Jul-19 6:15:01 PM AST,35
27-Jul-19 6:30:01 PM AST,13
27-Jul-19 6:45:01 PM AST,1
27-Jul-19 7:00:02 PM AST,0
27-Jul-19 7:15:02 PM AST,0
27-Jul-19 7:30:01 PM AST,0
27-Jul-19 7:45:01 PM AST,0
27-Jul-19 8:00:01 PM AST,0
27-Jul-19 8:15:01 PM AST,0
27-Jul-19 8:30:01 PM AST,0
27-Jul-19 8:45:01 PM AST,0
27-Jul-19 9:00:01 PM AST,0
27-Jul-19 9:15:02 PM AST,0
27-Jul-19 9:30:01 PM AST,0
27-Jul-19 9:45:01 PM AST,0
27-Jul-19 10:00:01 PM AST,0
27-Jul-19 10:15:01 PM AST,0
27-Jul-19 10:30:01 PM AST,0
27-Jul-19 10:45:01 PM AST,0
27-Jul-19 11:00:01 PM AST,0
27-Jul-19 11:15:02 PM AST,0
27-Jul-19 11:30:01 PM AST,0
27-Jul-19 11:45:03 PM AST,0
28-Jul-19 12:00:01 AM AST,0
28-Jul-19 12:15:01 AM AST,0
28-Jul-19 12:30:01 AM AST,0
28-Jul-19 12:45:01 AM AST,0
28-Jul-19 1:00:01 AM AST,0
28-Jul-19 1:15:01 AM AST,0
28-Jul-19 1:30:01 AM AST,0
28-Jul-19 1:45:01 AM AST,0
28-Jul-19 2:00:01 AM AST,0
28-Jul-19 2:15:02 AM AST,0
28-Jul-19 2:30:02 AM AST,0
28-Jul-19 2:45:01 AM AST,0
28-Jul-19 3:00:01 AM AST,0
28-Jul-19 3:15:01 AM AST,0
28-Jul-19 3:30:01 AM AST,0
28-Jul-19 3:45:01 AM AST,0
28-Jul-19 4:00:01 AM AST,0
28-Jul-19 4:15:02 AM AST,0
28-Jul-19 4:30:01 AM AST,0
28-Jul-19 4:45:01 AM AST,0
28-Jul-19 5:00:01 AM AST,0
28-Jul-19 5:15:02 AM AST,0
28-Jul-19 5:30:01 AM AST,0
28-Jul-19 5:45:01 AM AST,0
28-Jul-19 6:00:03 AM AST,0
28-Jul-19 6:15:02 AM AST,8
28-Jul-19 6:30:01 AM AST,19
28-Jul-19 6:45:02 AM AST,31
28-Jul-19 7:00:01 AM AST,48
28-Jul-19 7:15:01 AM AST,75
28-Jul-19 7:30:01 AM AST,120
28-Jul-19 7:45:01 AM AST,148
28-Jul-19 8:00:01 AM AST,171
28-Jul-19 8:15:01 AM AST,204
28-Jul-19 8:30:01 AM AST,231
28-Jul-19 8:45:01 AM AST,276
28-Jul-19 9:00:01 AM AST,292
28-Jul-19 9:15:01 AM AST,323
28-Jul-19 9:30:02 AM AST,350
28-Jul-19 9:45:01 AM AST,402
28-Jul-19 10:00:01 AM AST,330
28-Jul-19 10:15:01 AM AST,310
28-Jul-19 10:30:01 AM AST,255
28-Jul-19 10:45:01 AM AST,434
28-Jul-19 11:00:02 AM AST,276
28-Jul-19 11:15:02 AM AST,476
28-Jul-19 11:30:01 AM AST,491
28-Jul-19 11:45:01 AM AST,495
28-Jul-19 12:00:01 PM AST,499
28-Jul-19 12:15:01 PM AST,501
28-Jul-19 12:30:01 PM AST,506
28-Jul-19 12:45:01 PM AST,512
28-Jul-19 1:00:01 PM AST,511
28-Jul-19 1:15:01 PM AST,518
28-Jul-19 1:30:02 PM AST,397
28-Jul-19 1:45:01 PM AST,465
28-Jul-19 2:00:01 PM AST,494
28-Jul-19 2:15:01 PM AST,354
28-Jul-19 2:30:02 PM AST,492
28-Jul-19 2:45:02 PM AST,288
28-Jul-19 3:00:01 PM AST,291
28-Jul-19 3:15:02 PM AST,271
28-Jul-19 3:30:01 PM AST,353
28-Jul-19 3:45:01 PM AST,335
28-Jul-19 4:00:01 PM AST,304
28-Jul-19 4:15:02 PM AST,281
28-Jul-19 4:30:02 PM AST,256
28-Jul-19 4:45:01 PM AST,223
28-Jul-19 5:00:01 PM AST,186
28-Jul-19 5:15:01 PM AST,150
28-Jul-19 5:30:01 PM AST,117
28-Jul-19 5:45:01 PM AST,86
28-Jul-19 6:00:00 PM AST,56
28-Jul-19 6:15:01 PM AST,30
28-Jul-19 6:30:01 PM AST,15
28-Jul-19 6:45:01 PM AST,0
28-Jul-19 7:00:01 PM AST,0
28-Jul-19 7:15:01 PM AST,0
28-Jul-19 7:30:02 PM AST,0
28-Jul-19 7:45:01 PM AST,0
28-Jul-19 8:00:01 PM AST,0
28-Jul-19 8:15:01 PM AST,0
28-Jul-19 8:30:01 PM AST,0
28-Jul-19 8:45:01 PM AST,0
28-Jul-19 9:00:01 PM AST,0
28-Jul-19 9:15:01 PM AST,0
28-Jul-19 9:30:01 PM AST,0
28-Jul-19 9:45:01 PM AST,0
28-Jul-19 10:00:01 PM AST,0
28-Jul-19 10:15:01 PM AST,0
28-Jul-19 10:30:01 PM AST,0
28-Jul-19 10:45:01 PM AST,0
28-Jul-19 11:00:01 PM AST,0
28-Jul-19 11:15:02 PM AST,0
28-Jul-19 11:30:01 PM AST,0
28-Jul-19 11:45:01 PM AST,0
29-Jul-19 12:00:02 AM AST,0
29-Jul-19 12:15:01 AM AST,0
29-Jul-19 12:30:01 AM AST,0
29-Jul-19 12:45:01 AM AST,0
29-Jul-19 1:00:02 AM AST,0
29-Jul-19 1:15:02 AM AST,0
29-Jul-19 1:30:01 AM AST,0
29-Jul-19 1:45:01 AM AST,0
29-Jul-19 2:00:01 AM AST,0
29-Jul-19 2:15:01 AM AST,0
29-Jul-19 2:30:01 AM AST,0
29-Jul-19 2:45:02 AM AST,0
29-Jul-19 3:00:01 AM AST,0
29-Jul-19 3:15:01 AM AST,0
29-Jul-19 3:30:01 AM AST,0
29-Jul-19 3:45:02 AM AST,0
29-Jul-19 4:00:01 AM AST,0
29-Jul-19 4:15:01 AM AST,0
29-Jul-19 4:30:01 AM AST,0
29-Jul-19 4:45:01 AM AST,0
29-Jul-19 5:00:01 AM AST,0
29-Jul-19 5:15:01 AM AST,0
29-Jul-19 5:30:01 AM AST,0
29-Jul-19 5:45:02 AM AST,0
29-Jul-19 6:00:01 AM AST,0
29-Jul-19 6:15:02 AM AST,7
29-Jul-19 6:30:02 AM AST,26
29-Jul-19 6:45:01 AM AST,43
29-Jul-19 7:00:01 AM AST,69
29-Jul-19 7:15:01 AM AST,94
29-Jul-19 7:30:01 AM AST,122
29-Jul-19 7:45:01 AM AST,146
29-Jul-19 8:00:01 AM AST,176
29-Jul-19 8:15:01 AM AST,204
29-Jul-19 8:30:01 AM AST,227
29-Jul-19 8:45:01 AM AST,259
29-Jul-19 9:00:01 AM AST,286
29-Jul-19 9:15:01 AM AST,321
29-Jul-19 9:30:01 AM AST,356
29-Jul-19 9:45:01 AM AST,382
29-Jul-19 10:00:01 AM AST,403
29-Jul-19 10:15:01 AM AST,428
29-Jul-19 10:30:01 AM AST,449
29-Jul-19 10:45:01 AM AST,466
29-Jul-19 11:00:01 AM AST,478
29-Jul-19 11:15:02 AM AST,495
29-Jul-19 11:30:01 AM AST,505
29-Jul-19 11:45:01 AM AST,510
29-Jul-19 12:00:01 PM AST,524
29-Jul-19 12:15:01 PM AST,526
29-Jul-19 12:30:01 PM AST,528
29-Jul-19 12:45:01 PM AST,531
29-Jul-19 1:00:01 PM AST,521
29-Jul-19 1:15:01 PM AST,514
29-Jul-19 1:30:01 PM AST,505
29-Jul-19 1:45:01 PM AST,501
29-Jul-19 2:00:01 PM AST,489
29-Jul-19 2:15:01 PM AST,480
29-Jul-19 2:30:02 PM AST,464
29-Jul-19 2:45:02 PM AST,443
29-Jul-19 3:00:01 PM AST,423
29-Jul-19 3:15:01 PM AST,401
29-Jul-19 3:30:02 PM AST,374
29-Jul-19 3:45:01 PM AST,348
29-Jul-19 4:00:01 PM AST,321
29-Jul-19 4:15:01 PM AST,295
29-Jul-19 4:30:01 PM AST,266
29-Jul-19 4:45:01 PM AST,232
29-Jul-19 5:00:01 PM AST,196
29-Jul-19 5:15:01 PM AST,161
29-Jul-19 5:30:01 PM AST,124
29-Jul-19 5:45:01 PM AST,92
29-Jul-19 6:00:02 PM AST,68
29-Jul-19 6:15:01 PM AST,40
29-Jul-19 6:30:01 PM AST,21
29-Jul-19 6:45:01 PM AST,2
29-Jul-19 7:00:02 PM AST,0
29-Jul-19 7:15:01 PM AST,0
29-Jul-19 7:30:01 PM AST,0
29-Jul-19 7:45:01 PM AST,0
29-Jul-19 8:00:02 PM AST,0
29-Jul-19 8:15:01 PM AST,0
29-Jul-19 8:30:01 PM AST,0
29-Jul-19 8:45:01 PM AST,0
29-Jul-19 9:00:01 PM AST,0
29-Jul-19 9:15:01 PM AST,0
29-Jul-19 9:30:01 PM AST,0
29-Jul-19 9:45:02 PM AST,0
29-Jul-19 10:00:01 PM AST,0
29-Jul-19 10:15:01 PM AST,0
29-Jul-19 10:30:01 PM AST,0
29-Jul-19 10:45:01 PM AST,0
29-Jul-19 11:00:01 PM AST,0
29-Jul-19 11:15:01 PM AST,0
29-Jul-19 11:30:01 PM AST,0
29-Jul-19 11:45:01 PM AST,0
30-Jul-19 12:00:01 AM AST,0
30-Jul-19 12:15:02 AM AST,0
30-Jul-19 12:30:01 AM AST,0
30-Jul-19 12:45:02 AM AST,0
30-Jul-19 1:00:01 AM AST,0
30-Jul-19 1:15:02 AM AST,0
30-Jul-19 1:30:01 AM AST,0
30-Jul-19 1:45:01 AM AST,0
30-Jul-19 2:00:01 AM AST,0
30-Jul-19 2:15:01 AM AST,0
30-Jul-19 2:30:01 AM AST,0
30-Jul-19 2:45:01 AM AST,0
30-Jul-19 3:00:01 AM AST,0
30-Jul-19 3:15:01 AM AST,0
30-Jul-19 3:30:01 AM AST,0
30-Jul-19 3:45:01 AM AST,0
30-Jul-19 4:00:01 AM AST,0
30-Jul-19 4:15:01 AM AST,0
30-Jul-19 4:30:01 AM AST,0
30-Jul-19 4:45:01 AM AST,0
30-Jul-19 5:00:01 AM AST,0
30-Jul-19 5:15:01 AM AST,0
30-Jul-19 5:30:01 AM AST,0
30-Jul-19 5:45:02 AM AST,0
30-Jul-19 6:00:01 AM AST,0
30-Jul-19 6:15:01 AM AST,0
30-Jul-19 6:30:02 AM AST,12
30-Jul-19 6:45:02 AM AST,39
30-Jul-19 7:00:01 AM AST,68
30-Jul-19 7:15:01 AM AST,91
30-Jul-19 7:30:02 AM AST,124
30-Jul-19 7:45:01 AM AST,162
30-Jul-19 8:00:01 AM AST,186
30-Jul-19 8:15:01 AM AST,205
30-Jul-19 8:30:02 AM AST,171.5
30-Jul-19 8:45:01 AM AST,257
30-Jul-19 9:00:02 AM AST,284
30-Jul-19 9:15:01 AM AST,323
30-Jul-19 9:30:01 AM AST,359
30-Jul-19 9:45:01 AM AST,378
30-Jul-19 10:00:02 AM AST,401
30-Jul-19 10:15:02 AM AST,416
30-Jul-19 10:30:01 AM AST,449
30-Jul-19 10:45:01 AM AST,460
30-Jul-19 11:00:01 AM AST,488
30-Jul-19 11:15:01 AM AST,501
30-Jul-19 11:30:01 AM AST,514
30-Jul-19 11:45:01 AM AST,515
30-Jul-19 12:00:01 PM AST,523
30-Jul-19 12:15:02 PM AST,531
30-Jul-19 12:30:01 PM AST,520
30-Jul-19 12:45:01 PM AST,542
30-Jul-19 1:00:02 PM AST,494
30-Jul-19 1:15:01 PM AST,467
30-Jul-19 1:30:02 PM AST,350
30-Jul-19 1:45:02 PM AST,478
30-Jul-19 2:00:01 PM AST,471
30-Jul-19 2:15:01 PM AST,453
30-Jul-19 2:30:01 PM AST,492
30-Jul-19 2:45:01 PM AST,419
30-Jul-19 3:00:01 PM AST,238
30-Jul-19 3:15:02 PM AST,347
30-Jul-19 3:30:01 PM AST,216
30-Jul-19 3:45:01 PM AST,324
30-Jul-19 4:00:01 PM AST,335
30-Jul-19 4:15:01 PM AST,301
30-Jul-19 4:30:01 PM AST,250
30-Jul-19 4:45:01 PM AST,248
30-Jul-19 5:00:01 PM AST,207
30-Jul-19 5:15:02 PM AST,174
30-Jul-19 5:30:01 PM AST,156
30-Jul-19 5:45:01 PM AST,95
30-Jul-19 6:00:01 PM AST,52
30-Jul-19 6:15:01 PM AST,43
30-Jul-19 6:30:02 PM AST,17
30-Jul-19 6:45:01 PM AST,3
30-Jul-19 7:00:01 PM AST,1
30-Jul-19 7:15:01 PM AST,0
30-Jul-19 7:30:01 PM AST,0
30-Jul-19 7:45:01 PM AST,0
30-Jul-19 8:00:02 PM AST,0
30-Jul-19 8:15:01 PM AST,0
30-Jul-19 8:30:01 PM AST,0
30-Jul-19 8:45:01 PM AST,0
30-Jul-19 9:00:02 PM AST,0
30-Jul-19 9:15:01 PM AST,0
30-Jul-19 9:30:01 PM AST,0
30-Jul-19 9:45:01 PM AST,0
30-Jul-19 10:00:01 PM AST,0
30-Jul-19 10:15:01 PM AST,0
30-Jul-19 10:30:01 PM AST,0
30-Jul-19 10:45:01 PM AST,0
30-Jul-19 11:00:02 PM AST,0
30-Jul-19 11:15:01 PM AST,0
30-Jul-19 11:30:01 PM AST,0
30-Jul-19 11:45:02 PM AST,0
31-Jul-19 12:00:01 AM AST,0
31-Jul-19 12:15:01 AM AST,0
31-Jul-19 12:30:01 AM AST,0
31-Jul-19 12:45:01 AM AST,0
31-Jul-19 1:00:01 AM AST,0
31-Jul-19 1:15:01 AM AST,0
31-Jul-19 1:30:01 AM AST,0
31-Jul-19 1:45:01 AM AST,0
31-Jul-19 2:00:01 AM AST,0
31-Jul-19 2:15:01 AM AST,0
31-Jul-19 2:30:02 AM AST,0
31-Jul-19 2:45:01 AM AST,0
31-Jul-19 3:00:02 AM AST,0
31-Jul-19 3:15:01 AM AST,0
31-Jul-19 3:30:01 AM AST,0
31-Jul-19 3:45:01 AM AST,0
31-Jul-19 4:00:01 AM AST,0
31-Jul-19 4:15:01 AM AST,0
31-Jul-19 4:30:01 AM AST,0
31-Jul-19 4:45:01 AM AST,0
31-Jul-19 5:00:01 AM AST,0
31-Jul-19 5:15:01 AM AST,0
31-Jul-19 5:30:01 AM AST,0
31-Jul-19 5:45:01 AM AST,0
31-Jul-19 6:00:01 AM AST,0
31-Jul-19 6:15:02 AM AST,9
31-Jul-19 6:30:02 AM AST,25
31-Jul-19 6:45:02 AM AST,55
31-Jul-19 7:00:02 AM AST,82
31-Jul-19 7:15:01 AM AST,119
31-Jul-19 7:30:01 AM AST,153
31-Jul-19 7:45:01 AM AST,75
31-Jul-19 8:00:01 AM AST,102
31-Jul-19 8:15:01 AM AST,129
31-Jul-19 8:30:01 AM AST,104
31-Jul-19 8:45:01 AM AST,143
31-Jul-19 9:00:01 AM AST,142
31-Jul-19 9:15:01 AM AST,199
31-Jul-19 9:30:01 AM AST,333
31-Jul-19 9:45:01 AM AST,406
31-Jul-19 10:00:01 AM AST,412
31-Jul-19 10:15:01 AM AST,436
31-Jul-19 10:30:02 AM AST,448
31-Jul-19 10:45:02 AM AST,445
31-Jul-19 11:00:01 AM AST,473
31-Jul-19 11:15:01 AM AST,480
31-Jul-19 11:30:01 AM AST,495
31-Jul-19 11:45:02 AM AST,505
31-Jul-19 12:00:02 PM AST,523
31-Jul-19 12:15:01 PM AST,529
31-Jul-19 12:30:01 PM AST,433
31-Jul-19 12:45:02 PM AST,406
31-Jul-19 1:00:01 PM AST,562
31-Jul-19 1:15:01 PM AST,521
31-Jul-19 1:30:01 PM AST,518
31-Jul-19 1:45:01 PM AST,503
31-Jul-19 2:00:01 PM AST,483
31-Jul-19 2:15:02 PM AST,467
31-Jul-19 2:30:01 PM AST,431
31-Jul-19 2:45:02 PM AST,447
31-Jul-19 3:00:01 PM AST,401
31-Jul-19 3:15:01 PM AST,397
31-Jul-19 3:30:01 PM AST,373
31-Jul-19 3:45:01 PM AST,318
31-Jul-19 4:00:01 PM AST,263
31-Jul-19 4:15:01 PM AST,251
31-Jul-19 4:30:01 PM AST,243
31-Jul-19 4:45:02 PM AST,228
31-Jul-19 5:00:01 PM AST,200
31-Jul-19 5:15:02 PM AST,167
31-Jul-19 5:30:01 PM AST,125
31-Jul-19 5:45:01 PM AST,117
31-Jul-19 6:00:01 PM AST,91
31-Jul-19 6:15:01 PM AST,59
31-Jul-19 6:30:01 PM AST,27
31-Jul-19 6:45:01 PM AST,3
31-Jul-19 7:00:03 PM AST,2
31-Jul-19 7:15:01 PM AST,0
31-Jul-19 7:30:01 PM AST,0
31-Jul-19 7:45:01 PM AST,0
31-Jul-19 8:00:01 PM AST,0
31-Jul-19 8:15:01 PM AST,0
31-Jul-19 8:30:01 PM AST,0
31-Jul-19 8:45:01 PM AST,0
31-Jul-19 9:00:02 PM AST,0
31-Jul-19 9:15:01 PM AST,0
31-Jul-19 9:30:01 PM AST,0
31-Jul-19 9:45:01 PM AST,0
31-Jul-19 10:00:02 PM AST,0
31-Jul-19 10:15:02 PM AST,0
31-Jul-19 10:30:01 PM AST,0
31-Jul-19 10:45:01 PM AST,0
31-Jul-19 11:00:01 PM AST,0
31-Jul-19 11:15:01 PM AST,0
31-Jul-19 11:30:01 PM AST,0
31-Jul-19 11:45:01 PM AST,0
01-Aug-19 12:00:01 AM AST,0
01-Aug-19 12:15:01 AM AST,0
01-Aug-19 12:30:01 AM AST,0
01-Aug-19 12:45:02 AM AST,0
01-Aug-19 1:00:01 AM AST,0
01-Aug-19 1:15:01 AM AST,0
01-Aug-19 1:30:01 AM AST,0
01-Aug-19 1:45:01 AM AST,0
01-Aug-19 2:00:01 AM AST,0
01-Aug-19 2:15:01 AM AST,0
01-Aug-19 2:30:01 AM AST,0
01-Aug-19 2:45:01 AM AST,0
01-Aug-19 3:00:01 AM AST,0
01-Aug-19 3:15:01 AM AST,0
01-Aug-19 3:30:01 AM AST,0
01-Aug-19 3:45:02 AM AST,0
01-Aug-19 4:00:01 AM AST,0
01-Aug-19 4:15:01 AM AST,0
01-Aug-19 4:30:02 AM AST,0
01-Aug-19 4:45:01 AM AST,0
01-Aug-19 5:00:01 AM AST,0
01-Aug-19 5:15:01 AM AST,0
01-Aug-19 5:30:01 AM AST,0
01-Aug-19 5:45:02 AM AST,0
01-Aug-19 6:00:01 AM AST,2
01-Aug-19 6:15:01 AM AST,4
01-Aug-19 6:30:01 AM AST,25
01-Aug-19 6:45:01 AM AST,50
01-Aug-19 7:00:01 AM AST,72
01-Aug-19 7:15:01 AM AST,92
01-Aug-19 7:30:01 AM AST,115
01-Aug-19 7:45:01 AM AST,135
01-Aug-19 8:00:01 AM AST,159
01-Aug-19 8:15:01 AM AST,189
01-Aug-19 8:30:01 AM AST,159
01-Aug-19 8:45:01 AM AST,176
01-Aug-19 9:00:02 AM AST,280
01-Aug-19 9:15:01 AM AST,311
01-Aug-19 9:30:01 AM AST,337
01-Aug-19 9:45:01 AM AST,365
01-Aug-19 10:00:01 AM AST,379
01-Aug-19 10:15:01 AM AST,396
01-Aug-19 10:30:02 AM AST,412
01-Aug-19 10:45:01 AM AST,437
01-Aug-19 11:00:01 AM AST,462
01-Aug-19 11:15:01 AM AST,476
01-Aug-19 11:30:01 AM AST,490
01-Aug-19 11:45:01 AM AST,498
01-Aug-19 12:00:02 PM AST,503
01-Aug-19 12:15:02 PM AST,503
01-Aug-19 12:30:01 PM AST,511
01-Aug-19 12:45:01 PM AST,508
01-Aug-19 1:00:01 PM AST,506
01-Aug-19 1:15:01 PM AST,503
01-Aug-19 1:30:01 PM AST,493
01-Aug-19 1:45:01 PM AST,491
01-Aug-19 2:00:01 PM AST,481
01-Aug-19 2:15:01 PM AST,473
01-Aug-19 2:30:01 PM AST,454
01-Aug-19 2:45:01 PM AST,442
01-Aug-19 3:00:01 PM AST,421
01-Aug-19 3:15:01 PM AST,398
01-Aug-19 3:30:01 PM AST,370
01-Aug-19 3:45:01 PM AST,337
01-Aug-19 4:00:01 PM AST,312
01-Aug-19 4:15:01 PM AST,284
01-Aug-19 4:30:01 PM AST,251
01-Aug-19 4:45:02 PM AST,226
01-Aug-19 5:00:01 PM AST,189
01-Aug-19 5:15:01 PM AST,164
01-Aug-19 5:30:01 PM AST,129
01-Aug-19 5:45:02 PM AST,96
01-Aug-19 6:00:01 PM AST,65
01-Aug-19 6:15:02 PM AST,38
01-Aug-19 6:30:02 PM AST,14
01-Aug-19 6:45:01 PM AST,1
01-Aug-19 7:00:01 PM AST,1
01-Aug-19 7:15:02 PM AST,0
01-Aug-19 7:30:01 PM AST,0
01-Aug-19 7:45:01 PM AST,0
01-Aug-19 8:00:01 PM AST,0
01-Aug-19 8:15:01 PM AST,0
01-Aug-19 8:30:02 PM AST,0
01-Aug-19 8:45:01 PM AST,0
01-Aug-19 9:00:01 PM AST,0
01-Aug-19 9:15:01 PM AST,0
01-Aug-19 9:30:01 PM AST,0
01-Aug-19 9:45:01 PM AST,0
01-Aug-19 10:00:01 PM AST,0
01-Aug-19 10:15:02 PM AST,0
01-Aug-19 10:30:02 PM AST,0
01-Aug-19 10:45:01 PM AST,0
01-Aug-19 11:00:01 PM AST,0
01-Aug-19 11:15:01 PM AST,0
01-Aug-19 11:30:01 PM AST,0
01-Aug-19 11:45:01 PM AST,0
02-Aug-19 12:00:02 AM AST,0
02-Aug-19 12:15:01 AM AST,0
02-Aug-19 12:30:01 AM AST,0
02-Aug-19 12:45:01 AM AST,0
02-Aug-19 1:00:01 AM AST,0
02-Aug-19 1:15:01 AM AST,0
02-Aug-19 1:30:01 AM AST,0
02-Aug-19 1:45:02 AM AST,0
02-Aug-19 2:00:01 AM AST,0
02-Aug-19 2:15:02 AM AST,0
02-Aug-19 2:30:02 AM AST,0
02-Aug-19 2:45:01 AM AST,0
02-Aug-19 3:00:01 AM AST,0
02-Aug-19 3:15:01 AM AST,0
02-Aug-19 3:30:02 AM AST,0
02-Aug-19 3:45:01 AM AST,0
02-Aug-19 4:00:01 AM AST,0
02-Aug-19 4:15:01 AM AST,0
02-Aug-19 4:30:02 AM AST,0
02-Aug-19 4:45:02 AM AST,0
02-Aug-19 5:00:01 AM AST,0
02-Aug-19 5:15:02 AM AST,0
02-Aug-19 5:30:01 AM AST,0
02-Aug-19 5:45:01 AM AST,0
02-Aug-19 6:00:01 AM AST,1
02-Aug-19 6:15:01 AM AST,6
02-Aug-19 6:30:01 AM AST,20
02-Aug-19 6:45:01 AM AST,43
02-Aug-19 7:00:01 AM AST,70
02-Aug-19 7:15:01 AM AST,90
02-Aug-19 7:30:01 AM AST,120
02-Aug-19 7:45:01 AM AST,150
02-Aug-19 8:00:02 AM AST,185
02-Aug-19 8:15:02 AM AST,217
02-Aug-19 8:30:01 AM AST,247
02-Aug-19 8:45:02 AM AST,292
02-Aug-19 9:00:01 AM AST,330
02-Aug-19 9:15:01 AM AST,369
02-Aug-19 9:30:01 AM AST,387
02-Aug-19 9:45:01 AM AST,391
02-Aug-19 10:00:01 AM AST,409
02-Aug-19 10:15:01 AM AST,432
02-Aug-19 10:30:01 AM AST,456
02-Aug-19 10:45:02 AM AST,470
02-Aug-19 11:00:02 AM AST,485
02-Aug-19 11:15:01 AM AST,501
02-Aug-19 11:30:02 AM AST,505
02-Aug-19 11:45:01 AM AST,517
02-Aug-19 12:00:01 PM AST,522
02-Aug-19 12:15:01 PM AST,525
02-Aug-19 12:30:01 PM AST,527
02-Aug-19 12:45:01 PM AST,530
02-Aug-19 1:00:01 PM AST,529
02-Aug-19 1:15:01 PM AST,527
02-Aug-19 1:30:01 PM AST,521
02-Aug-19 1:45:01 PM AST,509
02-Aug-19 2:00:01 PM AST,497
02-Aug-19 2:15:01 PM AST,488
02-Aug-19 2:30:02 PM AST,478
02-Aug-19 2:45:02 PM AST,458
02-Aug-19 3:00:01 PM AST,433
02-Aug-19 3:15:02 PM AST,413
02-Aug-19 3:30:01 PM AST,382
02-Aug-19 3:45:01 PM AST,346
02-Aug-19 4:00:01 PM AST,319
02-Aug-19 4:15:01 PM AST,294
02-Aug-19 4:30:01 PM AST,259
02-Aug-19 4:45:01 PM AST,230
02-Aug-19 5:00:01 PM AST,198
02-Aug-19 5:15:01 PM AST,160
02-Aug-19 5:30:01 PM AST,124
02-Aug-19 5:45:01 PM AST,92
02-Aug-19 6:00:01 PM AST,62
02-Aug-19 6:15:01 PM AST,33
02-Aug-19 6:30:01 PM AST,9
02-Aug-19 6:45:01 PM AST,0
02-Aug-19 7:00:01 PM AST,0
02-Aug-19 7:15:01 PM AST,0
02-Aug-19 7:30:01 PM AST,0
02-Aug-19 7:45:01 PM AST,0
02-Aug-19 8:00:01 PM AST,0
02-Aug-19 8:15:02 PM AST,0
02-Aug-19 8:30:01 PM AST,0
02-Aug-19 8:45:01 PM AST,0
02-Aug-19 9:00:01 PM AST,0
02-Aug-19 9:15:01 PM AST,0
02-Aug-19 9:30:02 PM AST,0
02-Aug-19 9:45:01 PM AST,0
02-Aug-19 10:00:01 PM AST,0
02-Aug-19 10:15:01 PM AST,0
02-Aug-19 10:30:01 PM AST,0
02-Aug-19 10:45:01 PM AST,0
02-Aug-19 11:00:01 PM AST,0
02-Aug-19 11:15:01 PM AST,0
02-Aug-19 11:30:01 PM AST,0
02-Aug-19 11:45:01 PM AST,0
03-Aug-19 12:00:01 AM AST,0
03-Aug-19 12:15:01 AM AST,0
03-Aug-19 12:30:02 AM AST,0
03-Aug-19 12:45:01 AM AST,0
03-Aug-19 1:00:01 AM AST,0
03-Aug-19 1:15:01 AM AST,0
03-Aug-19 1:30:01 AM AST,0
03-Aug-19 1:45:02 AM AST,0
03-Aug-19 2:00:01 AM AST,0
03-Aug-19 2:15:01 AM AST,0
03-Aug-19 2:30:01 AM AST,0
03-Aug-19 2:45:01 AM AST,0
03-Aug-19 3:00:01 AM AST,0
03-Aug-19 3:15:01 AM AST,0
03-Aug-19 3:30:01 AM AST,0
03-Aug-19 3:45:02 AM AST,0
03-Aug-19 4:00:01 AM AST,0
03-Aug-19 4:15:01 AM AST,0
03-Aug-19 4:30:01 AM AST,0
03-Aug-19 4:45:01 AM AST,0
03-Aug-19 5:00:01 AM AST,0
03-Aug-19 5:15:02 AM AST,0
03-Aug-19 5:30:02 AM AST,0
03-Aug-19 5:45:01 AM AST,0
03-Aug-19 6:00:02 AM AST,0
03-Aug-19 6:15:02 AM AST,0
03-Aug-19 6:30:01 AM AST,21
03-Aug-19 6:45:01 AM AST,45
03-Aug-19 7:00:01 AM AST,65
03-Aug-19 7:15:01 AM AST,93
03-Aug-19 7:30:02 AM AST,116
03-Aug-19 7:45:01 AM AST,132
03-Aug-19 8:00:01 AM AST,164
03-Aug-19 8:15:01 AM AST,192
03-Aug-19 8:30:01 AM AST,238
03-Aug-19 8:45:02 AM AST,257
03-Aug-19 9:00:02 AM AST,292
03-Aug-19 9:15:01 AM AST,305
03-Aug-19 9:30:01 AM AST,336
03-Aug-19 9:45:01 AM AST,376
03-Aug-19 10:00:01 AM AST,391
03-Aug-19 10:15:01 AM AST,406
03-Aug-19 10:30:01 AM AST,444
03-Aug-19 10:45:01 AM AST,461
03-Aug-19 11:00:01 AM AST,486
03-Aug-19 11:15:01 AM AST,495
03-Aug-19 11:30:01 AM AST,499
03-Aug-19 11:45:01 AM AST,501
03-Aug-19 12:00:01 PM AST,519
03-Aug-19 12:15:01 PM AST,524
03-Aug-19 12:30:01 PM AST,523
03-Aug-19 12:45:01 PM AST,530
03-Aug-19 1:00:01 PM AST,526
03-Aug-19 1:15:01 PM AST,525
03-Aug-19 1:30:02 PM AST,522
03-Aug-19 1:45:01 PM AST,511
03-Aug-19 2:00:01 PM AST,501
03-Aug-19 2:15:01 PM AST,466
03-Aug-19 2:30:01 PM AST,470
03-Aug-19 2:45:02 PM AST,435
03-Aug-19 3:00:01 PM AST,412
03-Aug-19 3:15:01 PM AST,396
03-Aug-19 3:30:02 PM AST,372
03-Aug-19 3:45:01 PM AST,344
03-Aug-19 4:00:02 PM AST,319
03-Aug-19 4:15:02 PM AST,290
03-Aug-19 4:30:01 PM AST,261
03-Aug-19 4:45:01 PM AST,225
03-Aug-19 5:00:01 PM AST,192
03-Aug-19 5:15:01 PM AST,156
03-Aug-19 5:30:02 PM AST,117
03-Aug-19 5:45:01 PM AST,84
03-Aug-19 6:00:01 PM AST,55
03-Aug-19 6:15:01 PM AST,35
03-Aug-19 6:30:02 PM AST,12
03-Aug-19 6:45:01 PM AST,2
03-Aug-19 7:00:01 PM AST,0
03-Aug-19 7:15:01 PM AST,0
03-Aug-19 7:30:01 PM AST,0
03-Aug-19 7:45:01 PM AST,0
03-Aug-19 8:00:01 PM AST,0
03-Aug-19 8:15:01 PM AST,0
03-Aug-19 8:30:01 PM AST,0
03-Aug-19 8:45:01 PM AST,0
03-Aug-19 9:00:01 PM AST,0
03-Aug-19 9:15:01 PM AST,0
03-Aug-19 9:30:01 PM AST,0
03-Aug-19 9:45:01 PM AST,0
03-Aug-19 10:00:02 PM AST,0
03-Aug-19 10:15:01 PM AST,0
03-Aug-19 10:30:01 PM AST,0
03-Aug-19 10:45:01 PM AST,0
03-Aug-19 11:00:01 PM AST,0
03-Aug-19 11:15:02 PM AST,0
03-Aug-19 11:30:02 PM AST,0
03-Aug-19 11:45:01 PM AST,0
04-Aug-19 12:00:01 AM AST,0
04-Aug-19 12:15:01 AM AST,0
04-Aug-19 12:30:01 AM AST,0
04-Aug-19 12:45:01 AM AST,0
04-Aug-19 1:00:02 AM AST,0
04-Aug-19 1:15:01 AM AST,0
04-Aug-19 1:30:01 AM AST,0
04-Aug-19 1:45:02 AM AST,0
04-Aug-19 2:00:02 AM AST,0
04-Aug-19 2:15:01 AM AST,0
04-Aug-19 2:30:01 AM AST,0
04-Aug-19 2:45:01 AM AST,0
04-Aug-19 3:00:01 AM AST,0
04-Aug-19 3:15:02 AM AST,0
04-Aug-19 3:30:01 AM AST,0
04-Aug-19 3:45:01 AM AST,0
04-Aug-19 4:00:01 AM AST,0
04-Aug-19 4:15:01 AM AST,0
04-Aug-19 4:30:01 AM AST,0
04-Aug-19 4:45:01 AM AST,0
04-Aug-19 5:00:01 AM AST,0
04-Aug-19 5:15:01 AM AST,0
04-Aug-19 5:30:02 AM AST,0
04-Aug-19 5:45:01 AM AST,0
04-Aug-19 6:00:01 AM AST,0
04-Aug-19 6:15:01 AM AST,5
04-Aug-19 6:30:01 AM AST,15
04-Aug-19 6:45:02 AM AST,39
04-Aug-19 7:00:01 AM AST,67
04-Aug-19 7:15:01 AM AST,95
04-Aug-19 7:30:01 AM AST,124
04-Aug-19 7:45:01 AM AST,157
04-Aug-19 8:00:02 AM AST,187
04-Aug-19 8:15:02 AM AST,225
04-Aug-19 8:30:01 AM AST,251
04-Aug-19 8:45:01 AM AST,271
04-Aug-19 9:00:01 AM AST,310
04-Aug-19 9:15:01 AM AST,342
04-Aug-19 9:30:02 AM AST,374
04-Aug-19 9:45:01 AM AST,400
04-Aug-19 10:00:01 AM AST,422
04-Aug-19 10:15:02 AM AST,442
04-Aug-19 10:30:02 AM AST,462
04-Aug-19 10:45:02 AM AST,474
04-Aug-19 11:00:01 AM AST,493
04-Aug-19 11:15:01 AM AST,505
04-Aug-19 11:30:01 AM AST,510
04-Aug-19 11:45:01 AM AST,523
04-Aug-19 12:00:01 PM AST,529
04-Aug-19 12:15:01 PM AST,533
04-Aug-19 12:30:01 PM AST,535
04-Aug-19 12:45:02 PM AST,535
04-Aug-19 1:00:01 PM AST,535
04-Aug-19 1:15:01 PM AST,530
04-Aug-19 1:30:01 PM AST,524
04-Aug-19 1:45:02 PM AST,515
04-Aug-19 2:00:02 PM AST,504
04-Aug-19 2:15:01 PM AST,487
04-Aug-19 2:30:01 PM AST,471
04-Aug-19 2:45:01 PM AST,449
04-Aug-19 3:00:01 PM AST,429
04-Aug-19 3:15:01 PM AST,403
04-Aug-19 3:30:01 PM AST,370
04-Aug-19 3:45:01 PM AST,350
04-Aug-19 4:00:01 PM AST,329
04-Aug-19 4:15:01 PM AST,299
04-Aug-19 4:30:01 PM AST,260
04-Aug-19 4:45:01 PM AST,223
04-Aug-19 5:00:01 PM AST,187
04-Aug-19 5:15:01 PM AST,148
04-Aug-19 5:30:01 PM AST,115
04-Aug-19 5:45:01 PM AST,89
04-Aug-19 6:00:01 PM AST,59
04-Aug-19 6:15:01 PM AST,41
04-Aug-19 6:30:01 PM AST,16
04-Aug-19 6:45:01 PM AST,0
04-Aug-19 7:00:02 PM AST,0
04-Aug-19 7:15:02 PM AST,0
04-Aug-19 7:30:01 PM AST,0
04-Aug-19 7:45:01 PM AST,0
04-Aug-19 8:00:01 PM AST,0
04-Aug-19 8:15:01 PM AST,0
04-Aug-19 8:30:01 PM AST,0
04-Aug-19 8:45:02 PM AST,0
04-Aug-19 9:00:01 PM AST,0
04-Aug-19 9:15:01 PM AST,0
04-Aug-19 9:30:01 PM AST,0
04-Aug-19 9:45:01 PM AST,0
04-Aug-19 10:00:02 PM AST,0
04-Aug-19 10:15:01 PM AST,0
04-Aug-19 10:30:02 PM AST,0
04-Aug-19 10:45:01 PM AST,0
04-Aug-19 11:00:01 PM AST,0
04-Aug-19 11:15:01 PM AST,0
04-Aug-19 11:30:01 PM AST,0
04-Aug-19 11:45:01 PM AST,0
05-Aug-19 12:00:01 AM AST,0
05-Aug-19 12:15:02 AM AST,0
05-Aug-19 12:30:02 AM AST,0
05-Aug-19 12:45:01 AM AST,0
05-Aug-19 1:00:01 AM AST,0
05-Aug-19 1:15:01 AM AST,0
05-Aug-19 1:30:01 AM AST,0
05-Aug-19 1:45:01 AM AST,0
05-Aug-19 2:00:01 AM AST,0
05-Aug-19 2:15:01 AM AST,0
05-Aug-19 2:30:01 AM AST,0
05-Aug-19 2:45:01 AM AST,0
05-Aug-19 3:00:01 AM AST,0
05-Aug-19 3:15:01 AM AST,0
05-Aug-19 3:30:01 AM AST,0
05-Aug-19 3:45:01 AM AST,0
05-Aug-19 4:00:01 AM AST,0
05-Aug-19 4:15:01 AM AST,0
05-Aug-19 4:30:01 AM AST,0
05-Aug-19 4:45:01 AM AST,0
05-Aug-19 5:00:02 AM AST,0
05-Aug-19 5:15:01 AM AST,0
05-Aug-19 5:30:01 AM AST,0
05-Aug-19 5:45:01 AM AST,0
05-Aug-19 6:00:02 AM AST,3
05-Aug-19 6:15:01 AM AST,2
05-Aug-19 6:30:01 AM AST,16
05-Aug-19 6:45:01 AM AST,39
05-Aug-19 7:00:01 AM AST,66
05-Aug-19 7:15:02 AM AST,94
05-Aug-19 7:30:02 AM AST,125
05-Aug-19 7:45:02 AM AST,152
05-Aug-19 8:00:01 AM AST,178
05-Aug-19 8:15:01 AM AST,209
05-Aug-19 8:30:01 AM AST,227
05-Aug-19 8:45:01 AM AST,260
05-Aug-19 9:00:01 AM AST,296
05-Aug-19 9:15:01 AM AST,333
05-Aug-19 9:30:01 AM AST,366
05-Aug-19 9:45:01 AM AST,396
05-Aug-19 10:00:01 AM AST,421
05-Aug-19 10:15:01 AM AST,437
05-Aug-19 10:30:01 AM AST,459
05-Aug-19 10:45:02 AM AST,468
05-Aug-19 11:00:01 AM AST,487
05-Aug-19 11:15:01 AM AST,487
05-Aug-19 11:30:01 AM AST,506
05-Aug-19 11:45:01 AM AST,519
05-Aug-19 12:00:01 PM AST,532
05-Aug-19 12:15:01 PM AST,532
05-Aug-19 12:30:01 PM AST,534
05-Aug-19 12:45:01 PM AST,529
05-Aug-19 1:00:01 PM AST,514
05-Aug-19 1:15:01 PM AST,515
05-Aug-19 1:30:01 PM AST,495
05-Aug-19 1:45:01 PM AST,477
05-Aug-19 2:00:02 PM AST,475
05-Aug-19 2:15:01 PM AST,460
05-Aug-19 2:30:01 PM AST,442
05-Aug-19 2:45:01 PM AST,423
05-Aug-19 3:00:01 PM AST,401
05-Aug-19 3:15:01 PM AST,378
05-Aug-19 3:30:01 PM AST,363
05-Aug-19 3:45:01 PM AST,314
05-Aug-19 4:00:01 PM AST,292
05-Aug-19 4:15:01 PM AST,255
05-Aug-19 4:30:01 PM AST,229
05-Aug-19 4:45:02 PM AST,189
05-Aug-19 5:00:02 PM AST,147
05-Aug-19 5:15:02 PM AST,130
05-Aug-19 5:30:02 PM AST,92
05-Aug-19 5:45:01 PM AST,77
05-Aug-19 6:00:01 PM AST,55
05-Aug-19 6:15:01 PM AST,30
05-Aug-19 6:30:01 PM AST,11
05-Aug-19 6:45:02 PM AST,0
05-Aug-19 7:00:01 PM AST,0
05-Aug-19 7:15:01 PM AST,0
05-Aug-19 7:30:01 PM AST,0
05-Aug-19 7:45:01 PM AST,0
05-Aug-19 8:00:02 PM AST,0
05-Aug-19 8:15:01 PM AST,0
05-Aug-19 8:30:01 PM AST,0
05-Aug-19 8:45:01 PM AST,0
05-Aug-19 9:00:02 PM AST,0
05-Aug-19 9:15:01 PM AST,0
05-Aug-19 9:30:01 PM AST,0
05-Aug-19 9:45:01 PM AST,0
05-Aug-19 10:00:01 PM AST,0
05-Aug-19 10:15:01 PM AST,0
05-Aug-19 10:30:01 PM AST,0
05-Aug-19 10:45:01 PM AST,0
05-Aug-19 11:00:01 PM AST,0
05-Aug-19 11:15:01 PM AST,0
05-Aug-19 11:30:01 PM AST,0
05-Aug-19 11:45:02 PM AST,0
06-Aug-19 12:00:01 AM AST,0
06-Aug-19 12:15:01 AM AST,0
06-Aug-19 12:30:02 AM AST,0
06-Aug-19 12:45:01 AM AST,0
06-Aug-19 1:00:01 AM AST,0
06-Aug-19 1:15:02 AM AST,0
06-Aug-19 1:30:01 AM AST,0
06-Aug-19 1:45:02 AM AST,0
06-Aug-19 2:00:01 AM AST,0
06-Aug-19 2:15:01 AM AST,0
06-Aug-19 2:30:01 AM AST,0
06-Aug-19 2:45:01 AM AST,0
06-Aug-19 3:00:01 AM AST,0
06-Aug-19 3:15:02 AM AST,0
06-Aug-19 3:30:02 AM AST,0
06-Aug-19 3:45:01 AM AST,0
06-Aug-19 4:00:01 AM AST,0
06-Aug-19 4:15:01 AM AST,0
06-Aug-19 4:30:01 AM AST,0
06-Aug-19 4:45:01 AM AST,0
06-Aug-19 5:00:01 AM AST,0
06-Aug-19 5:15:01 AM AST,0
06-Aug-19 5:30:01 AM AST,0
06-Aug-19 5:45:01 AM AST,0
06-Aug-19 6:00:01 AM AST,0
06-Aug-19 6:15:01 AM AST,0
06-Aug-19 6:30:01 AM AST,1
06-Aug-19 6:45:01 AM AST,13
06-Aug-19 7:00:01 AM AST,30
06-Aug-19 7:15:01 AM AST,50
06-Aug-19 7:30:01 AM AST,63
06-Aug-19 7:45:01 AM AST,79
06-Aug-19 8:00:01 AM AST,91
06-Aug-19 8:15:01 AM AST,112
06-Aug-19 8:30:01 AM AST,130
06-Aug-19 8:45:02 AM AST,151
06-Aug-19 9:00:01 AM AST,175
06-Aug-19 9:15:02 AM AST,206
06-Aug-19 9:30:02 AM AST,226
06-Aug-19 9:45:01 AM AST,253
06-Aug-19 10:00:01 AM AST,266
06-Aug-19 10:15:01 AM AST,291
06-Aug-19 10:30:01 AM AST,291
06-Aug-19 10:45:02 AM AST,314
06-Aug-19 11:00:01 AM AST,326
06-Aug-19 11:15:02 AM AST,331
06-Aug-19 11:30:01 AM AST,347
06-Aug-19 11:45:01 AM AST,367
06-Aug-19 12:00:01 PM AST,347
06-Aug-19 12:15:02 PM AST,379
06-Aug-19 12:30:01 PM AST,379
06-Aug-19 12:45:01 PM AST,374
06-Aug-19 1:00:01 PM AST,362
06-Aug-19 1:15:01 PM AST,367
06-Aug-19 1:30:02 PM AST,367
06-Aug-19 1:45:01 PM AST,384
06-Aug-19 2:00:02 PM AST,366
06-Aug-19 2:15:01 PM AST,354
06-Aug-19 2:30:01 PM AST,369
06-Aug-19 2:45:01 PM AST,356
06-Aug-19 3:00:01 PM AST,359
06-Aug-19 3:15:01 PM AST,347
06-Aug-19 3:30:01 PM AST,309
06-Aug-19 3:45:01 PM AST,295
06-Aug-19 4:00:01 PM AST,268
06-Aug-19 4:15:02 PM AST,261
06-Aug-19 4:30:01 PM AST,233
06-Aug-19 4:45:02 PM AST,207
06-Aug-19 5:00:01 PM AST,181
06-Aug-19 5:15:01 PM AST,145
06-Aug-19 5:30:01 PM AST,119
06-Aug-19 5:45:02 PM AST,85
06-Aug-19 6:00:02 PM AST,61
06-Aug-19 6:15:02 PM AST,24
06-Aug-19 6:30:01 PM AST,3
06-Aug-19 6:45:01 PM AST,0
06-Aug-19 7:00:01 PM AST,0
06-Aug-19 7:15:01 PM AST,0
06-Aug-19 7:30:02 PM AST,0
06-Aug-19 7:45:01 PM AST,0
06-Aug-19 8:00:02 PM AST,0
06-Aug-19 8:15:01 PM AST,0
06-Aug-19 8:30:01 PM AST,0
06-Aug-19 8:45:01 PM AST,0
06-Aug-19 9:00:01 PM AST,0
06-Aug-19 9:15:01 PM AST,0
06-Aug-19 9:30:01 PM AST,0
06-Aug-19 9:45:01 PM AST,0
06-Aug-19 10:00:01 PM AST,0
06-Aug-19 10:15:01 PM AST,0
06-Aug-19 10:30:01 PM AST,0
06-Aug-19 10:45:01 PM AST,0
06-Aug-19 11:00:02 PM AST,0
06-Aug-19 11:15:01 PM AST,0
06-Aug-19 11:30:01 PM AST,0
06-Aug-19 11:45:01 PM AST,0
07-Aug-19 12:00:01 AM AST,0
07-Aug-19 12:15:02 AM AST,0
07-Aug-19 12:30:01 AM AST,0
07-Aug-19 12:45:01 AM AST,0
07-Aug-19 1:00:01 AM AST,0
07-Aug-19 1:15:01 AM AST,0
07-Aug-19 1:30:01 AM AST,0
07-Aug-19 1:45:01 AM AST,0
07-Aug-19 2:00:02 AM AST,0
07-Aug-19 2:15:01 AM AST,0
07-Aug-19 2:30:01 AM AST,0
07-Aug-19 2:45:01 AM AST,0
07-Aug-19 3:00:02 AM AST,0
07-Aug-19 3:15:01 AM AST,0
07-Aug-19 3:30:01 AM AST,0
07-Aug-19 3:45:01 AM AST,0
07-Aug-19 4:00:02 AM AST,0
07-Aug-19 4:15:02 AM AST,0
07-Aug-19 4:30:01 AM AST,0
07-Aug-19 4:45:01 AM AST,0
07-Aug-19 5:00:01 AM AST,0
07-Aug-19 5:15:01 AM AST,0
07-Aug-19 5:30:01 AM AST,0
07-Aug-19 5:45:01 AM AST,0
07-Aug-19 6:00:01 AM AST,6
07-Aug-19 6:15:01 AM AST,1
07-Aug-19 6:30:01 AM AST,14
07-Aug-19 6:45:02 AM AST,40
07-Aug-19 7:00:01 AM AST,58
07-Aug-19 7:15:01 AM AST,82
07-Aug-19 7:30:01 AM AST,101
07-Aug-19 7:45:01 AM AST,131
07-Aug-19 8:00:01 AM AST,152
07-Aug-19 8:15:01 AM AST,171
07-Aug-19 8:30:01 AM AST,233
07-Aug-19 8:45:01 AM AST,236
07-Aug-19 9:00:01 AM AST,137
07-Aug-19 9:15:02 AM AST,113
07-Aug-19 9:30:01 AM AST,326
07-Aug-19 9:45:01 AM AST,309
07-Aug-19 10:00:01 AM AST,357
07-Aug-19 10:15:01 AM AST,351
07-Aug-19 10:30:01 AM AST,407
07-Aug-19 10:45:01 AM AST,234
07-Aug-19 11:00:01 AM AST,395
07-Aug-19 11:15:02 AM AST,374
07-Aug-19 11:30:01 AM AST,431
07-Aug-19 11:45:01 AM AST,461
07-Aug-19 12:00:01 PM AST,462
07-Aug-19 12:15:01 PM AST,459
07-Aug-19 12:30:01 PM AST,472
07-Aug-19 12:45:02 PM AST,474
07-Aug-19 1:00:01 PM AST,473
07-Aug-19 1:15:02 PM AST,473
07-Aug-19 1:30:01 PM AST,465
07-Aug-19 1:45:01 PM AST,457
07-Aug-19 2:00:01 PM AST,438
07-Aug-19 2:15:02 PM AST,430
07-Aug-19 2:30:01 PM AST,415
07-Aug-19 2:45:02 PM AST,400
07-Aug-19 3:00:01 PM AST,384
07-Aug-19 3:15:01 PM AST,360
07-Aug-19 3:30:01 PM AST,337
07-Aug-19 3:45:01 PM AST,312
07-Aug-19 4:00:01 PM AST,277
07-Aug-19 4:15:02 PM AST,248
07-Aug-19 4:30:01 PM AST,226
07-Aug-19 4:45:01 PM AST,192
07-Aug-19 5:00:02 PM AST,171
07-Aug-19 5:15:01 PM AST,136
07-Aug-19 5:30:01 PM AST,106
07-Aug-19 5:45:02 PM AST,77
07-Aug-19 6:00:01 PM AST,49
07-Aug-19 6:15:01 PM AST,26
07-Aug-19 6:30:01 PM AST,7
07-Aug-19 6:45:01 PM AST,0
07-Aug-19 7:00:01 PM AST,0
07-Aug-19 7:15:01 PM AST,0
07-Aug-19 7:30:01 PM AST,0
07-Aug-19 7:45:01 PM AST,0
07-Aug-19 8:00:01 PM AST,0
07-Aug-19 8:15:01 PM AST,0
07-Aug-19 8:30:01 PM AST,0
07-Aug-19 8:45:01 PM AST,0
07-Aug-19 9:00:02 PM AST,0
07-Aug-19 9:15:01 PM AST,0
07-Aug-19 9:30:01 PM AST,0
07-Aug-19 9:45:01 PM AST,0
07-Aug-19 10:00:01 PM AST,0
07-Aug-19 10:15:01 PM AST,0
07-Aug-19 10:30:01 PM AST,0
07-Aug-19 10:45:01 PM AST,0
07-Aug-19 11:00:01 PM AST,0
07-Aug-19 11:15:01 PM AST,0
07-Aug-19 11:30:02 PM AST,0
07-Aug-19 11:45:02 PM AST,0
08-Aug-19 12:00:02 AM AST,0
08-Aug-19 12:15:01 AM AST,0
08-Aug-19 12:30:01 AM AST,0
08-Aug-19 12:45:01 AM AST,0
08-Aug-19 1:00:01 AM AST,0
08-Aug-19 1:15:02 AM AST,0
08-Aug-19 1:30:01 AM AST,0
08-Aug-19 1:45:01 AM AST,0
08-Aug-19 2:00:01 AM AST,0
08-Aug-19 2:15:01 AM AST,0
08-Aug-19 2:30:01 AM AST,0
08-Aug-19 2:45:01 AM AST,0
08-Aug-19 3:00:01 AM AST,0
08-Aug-19 3:15:02 AM AST,0
08-Aug-19 3:30:01 AM AST,0
08-Aug-19 3:45:02 AM AST,0
08-Aug-19 4:00:01 AM AST,0
08-Aug-19 4:15:02 AM AST,0
08-Aug-19 4:30:01 AM AST,0
08-Aug-19 4:45:01 AM AST,0
08-Aug-19 5:00:01 AM AST,0
08-Aug-19 5:15:01 AM AST,0
08-Aug-19 5:30:01 AM AST,0
08-Aug-19 5:45:01 AM AST,0
08-Aug-19 6:00:02 AM AST,2
08-Aug-19 6:15:01 AM AST,4
08-Aug-19 6:30:02 AM AST,21
08-Aug-19 6:45:01 AM AST,42
08-Aug-19 7:00:01 AM AST,73
08-Aug-19 7:15:01 AM AST,91
08-Aug-19 7:30:01 AM AST,77
08-Aug-19 7:45:02 AM AST,135
08-Aug-19 8:00:02 AM AST,107
08-Aug-19 8:15:01 AM AST,97
08-Aug-19 8:30:01 AM AST,258
08-Aug-19 8:45:01 AM AST,259
08-Aug-19 9:00:01 AM AST,284
08-Aug-19 9:15:01 AM AST,310
08-Aug-19 9:30:01 AM AST,325
08-Aug-19 9:45:02 AM AST,342
08-Aug-19 10:00:02 AM AST,372
08-Aug-19 10:15:01 AM AST,396
08-Aug-19 10:30:01 AM AST,413
08-Aug-19 10:45:02 AM AST,439
08-Aug-19 11:00:01 AM AST,452
08-Aug-19 11:15:01 AM AST,465
08-Aug-19 11:30:01 AM AST,481
08-Aug-19 11:45:01 AM AST,491
08-Aug-19 12:00:01 PM AST,495
08-Aug-19 12:15:01 PM AST,498
08-Aug-19 12:30:01 PM AST,502
08-Aug-19 12:45:01 PM AST,508
08-Aug-19 1:00:02 PM AST,501
08-Aug-19 1:15:01 PM AST,497
08-Aug-19 1:30:01 PM AST,489
08-Aug-19 1:45:01 PM AST,485
08-Aug-19 2:00:01 PM AST,474
08-Aug-19 2:15:02 PM AST,462
08-Aug-19 2:30:01 PM AST,444
08-Aug-19 2:45:01 PM AST,428
08-Aug-19 3:00:02 PM AST,404
08-Aug-19 3:15:01 PM AST,384
08-Aug-19 3:30:01 PM AST,361
08-Aug-19 3:45:01 PM AST,330
08-Aug-19 4:00:01 PM AST,306
08-Aug-19 4:15:01 PM AST,274
08-Aug-19 4:30:01 PM AST,255
08-Aug-19 4:45:01 PM AST,216
08-Aug-19 5:00:02 PM AST,186
08-Aug-19 5:15:01 PM AST,151
08-Aug-19 5:30:01 PM AST,106
08-Aug-19 5:45:01 PM AST,80
08-Aug-19 6:00:01 PM AST,50
08-Aug-19 6:15:01 PM AST,24
08-Aug-19 6:30:01 PM AST,6
08-Aug-19 6:45:01 PM AST,0
08-Aug-19 7:00:02 PM AST,0
08-Aug-19 7:15:01 PM AST,0
08-Aug-19 7:30:01 PM AST,0
08-Aug-19 7:45:01 PM AST,0
08-Aug-19 8:00:01 PM AST,0
08-Aug-19 8:15:02 PM AST,0
08-Aug-19 8:30:01 PM AST,0
08-Aug-19 8:45:01 PM AST,0
08-Aug-19 9:00:01 PM AST,0
08-Aug-19 9:15:02 PM AST,0
08-Aug-19 9:30:01 PM AST,0
08-Aug-19 9:45:01 PM AST,0
08-Aug-19 10:00:01 PM AST,0
08-Aug-19 10:15:01 PM AST,0
08-Aug-19 10:30:02 PM AST,0
08-Aug-19 10:45:01 PM AST,0
08-Aug-19 11:00:02 PM AST,0
08-Aug-19 11:15:01 PM AST,0
08-Aug-19 11:30:01 PM AST,0
08-Aug-19 11:45:01 PM AST,0
09-Aug-19 12:00:01 AM AST,0
09-Aug-19 12:15:02 AM AST,0
09-Aug-19 12:30:01 AM AST,0
09-Aug-19 12:45:02 AM AST,0
09-Aug-19 1:00:01 AM AST,0
09-Aug-19 1:15:02 AM AST,0
09-Aug-19 1:30:02 AM AST,0
09-Aug-19 1:45:01 AM AST,0
09-Aug-19 2:00:01 AM AST,0
09-Aug-19 2:15:01 AM AST,0
09-Aug-19 2:30:01 AM AST,0
09-Aug-19 2:45:02 AM AST,0
09-Aug-19 3:00:01 AM AST,0
09-Aug-19 3:15:01 AM AST,0
09-Aug-19 3:30:01 AM AST,0
09-Aug-19 3:45:02 AM AST,0
09-Aug-19 4:00:01 AM AST,0
09-Aug-19 4:15:01 AM AST,0
09-Aug-19 4:30:02 AM AST,0
09-Aug-19 4:45:01 AM AST,0
09-Aug-19 5:00:01 AM AST,0
09-Aug-19 5:15:01 AM AST,0
09-Aug-19 5:30:01 AM AST,0
09-Aug-19 5:45:01 AM AST,0
09-Aug-19 6:00:02 AM AST,2
09-Aug-19 6:15:01 AM AST,5
09-Aug-19 6:30:02 AM AST,19
09-Aug-19 6:45:01 AM AST,36
09-Aug-19 7:00:01 AM AST,66
09-Aug-19 7:15:01 AM AST,91
09-Aug-19 7:30:01 AM AST,118
09-Aug-19 7:45:01 AM AST,144
09-Aug-19 8:00:01 AM AST,171
09-Aug-19 8:15:02 AM AST,206
09-Aug-19 8:30:01 AM AST,228
09-Aug-19 8:45:01 AM AST,252
09-Aug-19 9:00:02 AM AST,278
09-Aug-19 9:15:01 AM AST,306
09-Aug-19 9:30:01 AM AST,333
09-Aug-19 9:45:01 AM AST,350
09-Aug-19 10:00:01 AM AST,373
09-Aug-19 10:15:01 AM AST,398
09-Aug-19 10:30:01 AM AST,418
09-Aug-19 10:45:01 AM AST,438
09-Aug-19 11:00:01 AM AST,445
09-Aug-19 11:15:01 AM AST,463
09-Aug-19 11:30:01 AM AST,471
09-Aug-19 11:45:01 AM AST,481
09-Aug-19 12:00:01 PM AST,489
09-Aug-19 12:15:01 PM AST,493
09-Aug-19 12:30:01 PM AST,497
09-Aug-19 12:45:03 PM AST,506
09-Aug-19 1:00:01 PM AST,507
09-Aug-19 1:15:01 PM AST,500
09-Aug-19 1:30:02 PM AST,495
09-Aug-19 1:45:01 PM AST,493
09-Aug-19 2:00:01 PM AST,471
09-Aug-19 2:15:01 PM AST,458
09-Aug-19 2:30:02 PM AST,450
09-Aug-19 2:45:01 PM AST,429
09-Aug-19 3:00:01 PM AST,404
09-Aug-19 3:15:01 PM AST,385
09-Aug-19 3:30:01 PM AST,344
09-Aug-19 3:45:01 PM AST,333
09-Aug-19 4:00:01 PM AST,289
09-Aug-19 4:15:02 PM AST,206
09-Aug-19 4:30:01 PM AST,223
09-Aug-19 4:45:01 PM AST,180
09-Aug-19 5:00:01 PM AST,174
09-Aug-19 5:15:01 PM AST,137
09-Aug-19 5:30:01 PM AST,97
09-Aug-19 5:45:01 PM AST,70
09-Aug-19 6:00:01 PM AST,54
09-Aug-19 6:15:01 PM AST,31
09-Aug-19 6:30:01 PM AST,16
09-Aug-19 6:45:01 PM AST,0
09-Aug-19 7:00:01 PM AST,0
09-Aug-19 7:15:01 PM AST,0
09-Aug-19 7:30:01 PM AST,0
09-Aug-19 7:45:01 PM AST,0
09-Aug-19 8:00:01 PM AST,0
09-Aug-19 8:15:01 PM AST,0
09-Aug-19 8:30:01 PM AST,0
09-Aug-19 8:45:01 PM AST,0
09-Aug-19 9:00:01 PM AST,0
09-Aug-19 9:15:01 PM AST,0
09-Aug-19 9:30:01 PM AST,0
09-Aug-19 9:45:01 PM AST,0
09-Aug-19 10:00:01 PM AST,0
09-Aug-19 10:15:01 PM AST,0
09-Aug-19 10:30:02 PM AST,0
09-Aug-19 10:45:01 PM AST,0
09-Aug-19 11:00:01 PM AST,0
09-Aug-19 11:15:02 PM AST,0
09-Aug-19 11:30:01 PM AST,0
09-Aug-19 11:45:02 PM AST,0
10-Aug-19 12:00:01 AM AST,0
10-Aug-19 12:15:01 AM AST,0
10-Aug-19 12:30:01 AM AST,0
10-Aug-19 12:45:01 AM AST,0
10-Aug-19 1:00:01 AM AST,0
10-Aug-19 1:15:01 AM AST,0
10-Aug-19 1:30:02 AM AST,0
10-Aug-19 1:45:01 AM AST,0
10-Aug-19 2:00:02 AM AST,0
10-Aug-19 2:15:01 AM AST,0
10-Aug-19 2:30:01 AM AST,0
10-Aug-19 2:45:01 AM AST,0
10-Aug-19 3:00:01 AM AST,0
10-Aug-19 3:15:01 AM AST,0
10-Aug-19 3:30:01 AM AST,0
10-Aug-19 3:45:01 AM AST,0
10-Aug-19 4:00:01 AM AST,0
10-Aug-19 4:15:01 AM AST,0
10-Aug-19 4:30:01 AM AST,0
10-Aug-19 4:45:01 AM AST,0
10-Aug-19 5:00:01 AM AST,0
10-Aug-19 5:15:01 AM AST,0
10-Aug-19 5:30:01 AM AST,0
10-Aug-19 5:45:01 AM AST,0
10-Aug-19 6:00:01 AM AST,0
10-Aug-19 6:15:01 AM AST,0
10-Aug-19 6:30:01 AM AST,13
10-Aug-19 6:45:01 AM AST,40
10-Aug-19 7:00:01 AM AST,63
10-Aug-19 7:15:01 AM AST,89
10-Aug-19 7:30:01 AM AST,131
10-Aug-19 7:45:01 AM AST,81
10-Aug-19 8:00:02 AM AST,146
10-Aug-19 8:15:01 AM AST,209
10-Aug-19 8:30:02 AM AST,230
10-Aug-19 8:45:01 AM AST,262
10-Aug-19 9:00:01 AM AST,250
10-Aug-19 9:15:01 AM AST,317
10-Aug-19 9:30:01 AM AST,339
10-Aug-19 9:45:01 AM AST,368
10-Aug-19 10:00:01 AM AST,396
10-Aug-19 10:15:02 AM AST,417
10-Aug-19 10:30:01 AM AST,432
10-Aug-19 10:45:01 AM AST,450
10-Aug-19 11:00:02 AM AST,464
10-Aug-19 11:15:01 AM AST,479
10-Aug-19 11:30:01 AM AST,493
10-Aug-19 11:45:01 AM AST,505
10-Aug-19 12:00:01 PM AST,507
10-Aug-19 12:15:01 PM AST,504
10-Aug-19 12:30:01 PM AST,510
10-Aug-19 12:45:01 PM AST,510
10-Aug-19 1:00:02 PM AST,507
10-Aug-19 1:15:01 PM AST,504
10-Aug-19 1:30:01 PM AST,500
10-Aug-19 1:45:02 PM AST,493
10-Aug-19 2:00:01 PM AST,476
10-Aug-19 2:15:02 PM AST,463
10-Aug-19 2:30:01 PM AST,448
10-Aug-19 2:45:01 PM AST,424
10-Aug-19 3:00:01 PM AST,403
10-Aug-19 3:15:01 PM AST,385
10-Aug-19 3:30:01 PM AST,357
10-Aug-19 3:45:01 PM AST,338
10-Aug-19 4:00:01 PM AST,305
10-Aug-19 4:15:01 PM AST,276
10-Aug-19 4:30:01 PM AST,241
10-Aug-19 4:45:01 PM AST,205
10-Aug-19 5:00:01 PM AST,172
10-Aug-19 5:15:01 PM AST,135
10-Aug-19 5:30:01 PM AST,111
10-Aug-19 5:45:02 PM AST,78
10-Aug-19 6:00:01 PM AST,56
10-Aug-19 6:15:01 PM AST,35
10-Aug-19 6:30:02 PM AST,13
10-Aug-19 6:45:01 PM AST,1
10-Aug-19 7:00:01 PM AST,0
10-Aug-19 7:15:02 PM AST,0
10-Aug-19 7:30:01 PM AST,0
10-Aug-19 7:45:01 PM AST,0
10-Aug-19 8:00:01 PM AST,0
10-Aug-19 8:15:02 PM AST,0
10-Aug-19 8:30:01 PM AST,0
10-Aug-19 8:45:01 PM AST,0
10-Aug-19 9:00:01 PM AST,0
10-Aug-19 9:15:01 PM AST,0
10-Aug-19 9:30:01 PM AST,0
10-Aug-19 9:45:01 PM AST,0
10-Aug-19 10:00:01 PM AST,0
10-Aug-19 10:15:01 PM AST,0
10-Aug-19 10:30:01 PM AST,0
10-Aug-19 10:45:01 PM AST,0
10-Aug-19 11:00:01 PM AST,0
10-Aug-19 11:15:01 PM AST,0
10-Aug-19 11:30:01 PM AST,0
10-Aug-19 11:45:01 PM AST,0
11-Aug-19 12:00:01 AM AST,0
11-Aug-19 12:15:01 AM AST,0
11-Aug-19 12:30:01 AM AST,0
11-Aug-19 12:45:01 AM AST,0
11-Aug-19 1:00:01 AM AST,0
11-Aug-19 1:15:01 AM AST,0
11-Aug-19 1:30:02 AM AST,0
11-Aug-19 1:45:01 AM AST,0
11-Aug-19 2:00:01 AM AST,0
11-Aug-19 2:15:02 AM AST,0
11-Aug-19 2:30:01 AM AST,0
11-Aug-19 2:45:01 AM AST,0
11-Aug-19 3:00:01 AM AST,0
11-Aug-19 3:15:01 AM AST,0
11-Aug-19 3:30:01 AM AST,0
11-Aug-19 3:45:03 AM AST,0
11-Aug-19 4:00:03 AM AST,0
11-Aug-19 4:15:01 AM AST,0
11-Aug-19 4:30:01 AM AST,0
11-Aug-19 4:45:01 AM AST,0
11-Aug-19 5:00:01 AM AST,0
11-Aug-19 5:15:01 AM AST,0
11-Aug-19 5:30:01 AM AST,0
11-Aug-19 5:45:02 AM AST,0
11-Aug-19 6:00:01 AM AST,0
11-Aug-19 6:15:01 AM AST,0
11-Aug-19 6:30:02 AM AST,13
11-Aug-19 6:45:01 AM AST,35
11-Aug-19 7:00:01 AM AST,59
11-Aug-19 7:15:01 AM AST,89
11-Aug-19 7:30:02 AM AST,116
11-Aug-19 7:45:01 AM AST,134
11-Aug-19 8:00:01 AM AST,169
11-Aug-19 8:15:01 AM AST,190
11-Aug-19 8:30:01 AM AST,226
11-Aug-19 8:45:01 AM AST,251
11-Aug-19 9:00:01 AM AST,282
11-Aug-19 9:15:01 AM AST,318
11-Aug-19 9:30:01 AM AST,351
11-Aug-19 9:45:01 AM AST,358
11-Aug-19 10:00:02 AM AST,389
11-Aug-19 10:15:01 AM AST,402
11-Aug-19 10:30:01 AM AST,411
11-Aug-19 10:45:01 AM AST,439
11-Aug-19 11:00:01 AM AST,461
11-Aug-19 11:15:01 AM AST,472
11-Aug-19 11:30:02 AM AST,486
11-Aug-19 11:45:01 AM AST,496
11-Aug-19 12:00:01 PM AST,504
11-Aug-19 12:15:01 PM AST,513
11-Aug-19 12:30:01 PM AST,507
11-Aug-19 12:45:01 PM AST,513
11-Aug-19 1:00:01 PM AST,502
11-Aug-19 1:15:01 PM AST,493
11-Aug-19 1:30:02 PM AST,494
11-Aug-19 1:45:01 PM AST,501
11-Aug-19 2:00:01 PM AST,471
11-Aug-19 2:15:01 PM AST,461
11-Aug-19 2:30:01 PM AST,425
11-Aug-19 2:45:01 PM AST,427
11-Aug-19 3:00:01 PM AST,364
11-Aug-19 3:15:01 PM AST,174
11-Aug-19 3:30:01 PM AST,361
11-Aug-19 3:45:01 PM AST,315
11-Aug-19 4:00:01 PM AST,289
11-Aug-19 4:15:01 PM AST,253
11-Aug-19 4:30:01 PM AST,232
11-Aug-19 4:45:01 PM AST,211
11-Aug-19 5:00:01 PM AST,183
11-Aug-19 5:15:01 PM AST,150
11-Aug-19 5:30:02 PM AST,120
11-Aug-19 5:45:02 PM AST,85
11-Aug-19 6:00:01 PM AST,56
11-Aug-19 6:15:01 PM AST,30
11-Aug-19 6:30:01 PM AST,8
11-Aug-19 6:45:01 PM AST,0
11-Aug-19 7:00:01 PM AST,1
11-Aug-19 7:15:01 PM AST,0
11-Aug-19 7:30:01 PM AST,0
11-Aug-19 7:45:01 PM AST,0
11-Aug-19 8:00:01 PM AST,0
11-Aug-19 8:15:01 PM AST,0
11-Aug-19 8:30:01 PM AST,0
11-Aug-19 8:45:01 PM AST,0
11-Aug-19 9:00:01 PM AST,0
11-Aug-19 9:15:02 PM AST,0
11-Aug-19 9:30:01 PM AST,0
11-Aug-19 9:45:01 PM AST,0
11-Aug-19 10:00:01 PM AST,0
11-Aug-19 10:15:01 PM AST,0
11-Aug-19 10:30:01 PM AST,0
11-Aug-19 10:45:01 PM AST,0
11-Aug-19 11:00:01 PM AST,0
11-Aug-19 11:15:01 PM AST,0
11-Aug-19 11:30:02 PM AST,0
11-Aug-19 11:45:01 PM AST,0
12-Aug-19 12:00:01 AM AST,0
12-Aug-19 12:15:01 AM AST,0
12-Aug-19 12:30:01 AM AST,0
12-Aug-19 12:45:02 AM AST,0
12-Aug-19 1:00:01 AM AST,0
12-Aug-19 1:15:01 AM AST,0
12-Aug-19 1:30:01 AM AST,0
12-Aug-19 1:45:01 AM AST,0
12-Aug-19 2:00:01 AM AST,0
12-Aug-19 2:15:01 AM AST,0
12-Aug-19 2:30:02 AM AST,0
12-Aug-19 2:45:02 AM AST,0
12-Aug-19 3:00:01 AM AST,0
12-Aug-19 3:15:01 AM AST,0
12-Aug-19 3:30:01 AM AST,0
12-Aug-19 3:45:01 AM AST,0
12-Aug-19 4:00:01 AM AST,0
12-Aug-19 4:15:01 AM AST,0
12-Aug-19 4:30:01 AM AST,0
12-Aug-19 4:45:01 AM AST,0
12-Aug-19 5:00:01 AM AST,0
12-Aug-19 5:15:01 AM AST,0
12-Aug-19 5:30:01 AM AST,0
12-Aug-19 5:45:02 AM AST,0
12-Aug-19 6:00:02 AM AST,0
12-Aug-19 6:15:02 AM AST,0
12-Aug-19 6:30:02 AM AST,16
12-Aug-19 6:45:01 AM AST,43
12-Aug-19 7:00:01 AM AST,70
12-Aug-19 7:15:01 AM AST,92
12-Aug-19 7:30:01 AM AST,115
12-Aug-19 7:45:01 AM AST,131
12-Aug-19 8:00:01 AM AST,161
12-Aug-19 8:15:01 AM AST,189
12-Aug-19 8:30:01 AM AST,226
12-Aug-19 8:45:01 AM AST,257
12-Aug-19 9:00:02 AM AST,278
12-Aug-19 9:15:01 AM AST,321
12-Aug-19 9:30:01 AM AST,345
12-Aug-19 9:45:01 AM AST,364
12-Aug-19 10:00:01 AM AST,349
12-Aug-19 10:15:01 AM AST,216
12-Aug-19 10:30:02 AM AST,387
12-Aug-19 10:45:01 AM AST,407
12-Aug-19 11:00:01 AM AST,456
12-Aug-19 11:15:01 AM AST,481
12-Aug-19 11:30:01 AM AST,480
12-Aug-19 11:45:01 AM AST,482
12-Aug-19 12:00:01 PM AST,491
12-Aug-19 12:15:01 PM AST,490
12-Aug-19 12:30:01 PM AST,519
12-Aug-19 12:45:01 PM AST,515
12-Aug-19 1:00:01 PM AST,514
12-Aug-19 1:15:01 PM AST,485
12-Aug-19 1:30:01 PM AST,497
12-Aug-19 1:45:02 PM AST,483
12-Aug-19 2:00:01 PM AST,480
12-Aug-19 2:15:02 PM AST,461
12-Aug-19 2:30:01 PM AST,437
12-Aug-19 2:45:01 PM AST,429
12-Aug-19 3:00:01 PM AST,415
12-Aug-19 3:15:01 PM AST,386
12-Aug-19 3:30:01 PM AST,357
12-Aug-19 3:45:01 PM AST,325
12-Aug-19 4:00:01 PM AST,297
12-Aug-19 4:15:01 PM AST,266
12-Aug-19 4:30:01 PM AST,230
12-Aug-19 4:45:02 PM AST,200
12-Aug-19 5:00:02 PM AST,162
12-Aug-19 5:15:01 PM AST,137
12-Aug-19 5:30:01 PM AST,104
12-Aug-19 5:45:01 PM AST,69
12-Aug-19 6:00:01 PM AST,45
12-Aug-19 6:15:01 PM AST,19
12-Aug-19 6:30:01 PM AST,1
12-Aug-19 6:45:01 PM AST,0
12-Aug-19 7:00:02 PM AST,0
12-Aug-19 7:15:01 PM AST,0
12-Aug-19 7:30:03 PM AST,0
12-Aug-19 7:45:01 PM AST,0
12-Aug-19 8:00:01 PM AST,0
12-Aug-19 8:15:01 PM AST,0
12-Aug-19 8:30:01 PM AST,0
12-Aug-19 8:45:01 PM AST,0
12-Aug-19 9:00:01 PM AST,0
12-Aug-19 9:15:01 PM AST,0
12-Aug-19 9:30:01 PM AST,0
12-Aug-19 9:45:01 PM AST,0
12-Aug-19 10:00:02 PM AST,0
12-Aug-19 10:15:02 PM AST,0
12-Aug-19 10:30:01 PM AST,0
12-Aug-19 10:45:01 PM AST,0
12-Aug-19 11:00:01 PM AST,0
12-Aug-19 11:15:01 PM AST,0
12-Aug-19 11:30:01 PM AST,0
12-Aug-19 11:45:02 PM AST,0
13-Aug-19 12:00:01 AM AST,0
13-Aug-19 12:15:01 AM AST,0
13-Aug-19 12:30:01 AM AST,0
13-Aug-19 12:45:01 AM AST,0
13-Aug-19 1:00:01 AM AST,0
13-Aug-19 1:15:02 AM AST,0
13-Aug-19 1:30:01 AM AST,0
13-Aug-19 1:45:02 AM AST,0
13-Aug-19 2:00:01 AM AST,0
13-Aug-19 2:15:02 AM AST,0
13-Aug-19 2:30:02 AM AST,0
13-Aug-19 2:45:01 AM AST,0
13-Aug-19 3:00:01 AM AST,0
13-Aug-19 3:15:01 AM AST,0
13-Aug-19 3:30:02 AM AST,0
13-Aug-19 3:45:01 AM AST,0
13-Aug-19 4:00:01 AM AST,0
13-Aug-19 4:15:01 AM AST,0
13-Aug-19 4:30:01 AM AST,0
13-Aug-19 4:45:01 AM AST,0
13-Aug-19 5:00:01 AM AST,0
13-Aug-19 5:15:02 AM AST,0
13-Aug-19 5:30:01 AM AST,0
13-Aug-19 5:45:01 AM AST,0
13-Aug-19 6:00:02 AM AST,2
13-Aug-19 6:15:01 AM AST,3
13-Aug-19 6:30:01 AM AST,16
13-Aug-19 6:45:01 AM AST,40
13-Aug-19 7:00:01 AM AST,59
13-Aug-19 7:15:01 AM AST,87
13-Aug-19 7:30:01 AM AST,108
13-Aug-19 7:45:01 AM AST,134
13-Aug-19 8:00:01 AM AST,167
13-Aug-19 8:15:01 AM AST,197
13-Aug-19 8:30:01 AM AST,241
13-Aug-19 8:45:01 AM AST,273
13-Aug-19 9:00:02 AM AST,298
13-Aug-19 9:15:01 AM AST,323
13-Aug-19 9:30:01 AM AST,355
13-Aug-19 9:45:01 AM AST,379
13-Aug-19 10:00:01 AM AST,403
13-Aug-19 10:15:01 AM AST,405
13-Aug-19 10:30:01 AM AST,324
13-Aug-19 10:45:01 AM AST,468
13-Aug-19 11:00:02 AM AST,474
13-Aug-19 11:15:01 AM AST,355
13-Aug-19 11:30:01 AM AST,503
13-Aug-19 11:45:02 AM AST,511
13-Aug-19 12:00:01 PM AST,509
13-Aug-19 12:15:02 PM AST,527
13-Aug-19 12:30:01 PM AST,344
13-Aug-19 12:45:01 PM AST,515
13-Aug-19 1:00:01 PM AST,528
13-Aug-19 1:15:01 PM AST,516
13-Aug-19 1:30:01 PM AST,542
13-Aug-19 1:45:01 PM AST,429
13-Aug-19 2:00:01 PM AST,489
13-Aug-19 2:15:01 PM AST,459
13-Aug-19 2:30:01 PM AST,452
13-Aug-19 2:45:01 PM AST,443
13-Aug-19 3:00:01 PM AST,404
13-Aug-19 3:15:01 PM AST,413
13-Aug-19 3:30:01 PM AST,424
13-Aug-19 3:45:01 PM AST,210
13-Aug-19 4:00:01 PM AST,103
13-Aug-19 4:15:01 PM AST,127
13-Aug-19 4:30:01 PM AST,224
13-Aug-19 4:45:01 PM AST,253
13-Aug-19 5:00:01 PM AST,173
13-Aug-19 5:15:01 PM AST,126
13-Aug-19 5:30:01 PM AST,106
13-Aug-19 5:45:01 PM AST,77
13-Aug-19 6:00:02 PM AST,48
13-Aug-19 6:15:01 PM AST,14
13-Aug-19 6:30:01 PM AST,4
13-Aug-19 6:45:01 PM AST,0
13-Aug-19 7:00:02 PM AST,0
13-Aug-19 7:15:02 PM AST,0
13-Aug-19 7:30:01 PM AST,0
13-Aug-19 7:45:01 PM AST,0
13-Aug-19 8:00:02 PM AST,0
13-Aug-19 8:15:01 PM AST,0
13-Aug-19 8:30:01 PM AST,0
13-Aug-19 8:45:01 PM AST,0
13-Aug-19 9:00:01 PM AST,0
13-Aug-19 9:15:02 PM AST,0
13-Aug-19 9:30:01 PM AST,0
13-Aug-19 9:45:01 PM AST,0
13-Aug-19 10:00:01 PM AST,0
13-Aug-19 10:15:01 PM AST,0
13-Aug-19 10:30:01 PM AST,0
13-Aug-19 10:45:02 PM AST,0
13-Aug-19 11:00:01 PM AST,0
13-Aug-19 11:15:01 PM AST,0
13-Aug-19 11:30:01 PM AST,0
13-Aug-19 11:45:02 PM AST,0
14-Aug-19 12:00:01 AM AST,0
14-Aug-19 12:15:01 AM AST,0
14-Aug-19 12:30:01 AM AST,0
14-Aug-19 12:45:01 AM AST,0
14-Aug-19 1:00:01 AM AST,0
14-Aug-19 1:15:01 AM AST,0
14-Aug-19 1:30:01 AM AST,0
14-Aug-19 1:45:01 AM AST,0
14-Aug-19 2:00:01 AM AST,0
14-Aug-19 2:15:02 AM AST,0
14-Aug-19 2:30:01 AM AST,0
14-Aug-19 2:45:02 AM AST,0
14-Aug-19 3:00:01 AM AST,0
14-Aug-19 3:15:01 AM AST,0
14-Aug-19 3:30:01 AM AST,0
14-Aug-19 3:45:01 AM AST,0
14-Aug-19 4:00:02 AM AST,0
14-Aug-19 4:15:01 AM AST,0
14-Aug-19 4:30:01 AM AST,0
14-Aug-19 4:45:01 AM AST,0
14-Aug-19 5:00:01 AM AST,0
14-Aug-19 5:15:01 AM AST,0
14-Aug-19 5:30:01 AM AST,0
14-Aug-19 5:45:01 AM AST,0
14-Aug-19 6:00:01 AM AST,2
14-Aug-19 6:15:01 AM AST,1
14-Aug-19 6:30:01 AM AST,9
14-Aug-19 6:45:02 AM AST,33
14-Aug-19 7:00:02 AM AST,52
14-Aug-19 7:15:01 AM AST,80
14-Aug-19 7:30:01 AM AST,107
14-Aug-19 7:45:01 AM AST,136
14-Aug-19 8:00:01 AM AST,164
14-Aug-19 8:15:01 AM AST,195
14-Aug-19 8:30:02 AM AST,230
14-Aug-19 8:45:01 AM AST,254
14-Aug-19 9:00:01 AM AST,288
14-Aug-19 9:15:01 AM AST,303
14-Aug-19 9:30:02 AM AST,341
14-Aug-19 9:45:02 AM AST,360
14-Aug-19 10:00:01 AM AST,382
14-Aug-19 10:15:02 AM AST,415
14-Aug-19 10:30:02 AM AST,433
14-Aug-19 10:45:01 AM AST,454
14-Aug-19 11:00:01 AM AST,468
14-Aug-19 11:15:01 AM AST,476
14-Aug-19 11:30:01 AM AST,489
14-Aug-19 11:45:02 AM AST,499
14-Aug-19 12:00:02 PM AST,509
14-Aug-19 12:15:01 PM AST,508
14-Aug-19 12:30:02 PM AST,514
14-Aug-19 12:45:01 PM AST,513
14-Aug-19 1:00:01 PM AST,517
14-Aug-19 1:15:01 PM AST,510
14-Aug-19 1:30:01 PM AST,502
14-Aug-19 1:45:01 PM AST,494
14-Aug-19 2:00:01 PM AST,482
14-Aug-19 2:15:01 PM AST,467
14-Aug-19 2:30:01 PM AST,451
14-Aug-19 2:45:01 PM AST,431
14-Aug-19 3:00:01 PM AST,406
14-Aug-19 3:15:01 PM AST,381
14-Aug-19 3:30:02 PM AST,350
14-Aug-19 3:45:01 PM AST,321
14-Aug-19 4:00:01 PM AST,298
14-Aug-19 4:15:01 PM AST,268
14-Aug-19 4:30:02 PM AST,240
14-Aug-19 4:45:02 PM AST,208
14-Aug-19 5:00:01 PM AST,173
14-Aug-19 5:15:02 PM AST,138
14-Aug-19 5:30:01 PM AST,103
14-Aug-19 5:45:01 PM AST,71
14-Aug-19 6:00:01 PM AST,43
14-Aug-19 6:15:01 PM AST,23
14-Aug-19 6:30:01 PM AST,6
14-Aug-19 6:45:01 PM AST,0
14-Aug-19 7:00:01 PM AST,0
14-Aug-19 7:15:01 PM AST,0
14-Aug-19 7:30:01 PM AST,0
14-Aug-19 7:45:01 PM AST,0
14-Aug-19 8:00:01 PM AST,0
14-Aug-19 8:15:01 PM AST,0
14-Aug-19 8:30:01 PM AST,0
14-Aug-19 8:45:02 PM AST,0
14-Aug-19 9:00:01 PM AST,0
14-Aug-19 9:15:01 PM AST,0
14-Aug-19 9:30:01 PM AST,0
14-Aug-19 9:45:01 PM AST,0
14-Aug-19 10:00:01 PM AST,0
14-Aug-19 10:15:01 PM AST,0
14-Aug-19 10:30:01 PM AST,0
14-Aug-19 10:45:02 PM AST,0
14-Aug-19 11:00:02 PM AST,0
14-Aug-19 11:15:01 PM AST,0
14-Aug-19 11:30:01 PM AST,0
14-Aug-19 11:45:01 PM AST,0
15-Aug-19 12:00:01 AM AST,0
15-Aug-19 12:15:02 AM AST,0
15-Aug-19 12:30:01 AM AST,0
15-Aug-19 12:45:01 AM AST,0
15-Aug-19 1:00:01 AM AST,0
15-Aug-19 1:15:02 AM AST,0
15-Aug-19 1:30:01 AM AST,0
15-Aug-19 1:45:01 AM AST,0
15-Aug-19 2:00:02 AM AST,0
15-Aug-19 2:15:01 AM AST,0
15-Aug-19 2:30:01 AM AST,0
15-Aug-19 2:45:01 AM AST,0
15-Aug-19 3:00:01 AM AST,0
15-Aug-19 3:15:01 AM AST,0
15-Aug-19 3:30:01 AM AST,0
15-Aug-19 3:45:02 AM AST,0
15-Aug-19 4:00:01 AM AST,0
15-Aug-19 4:15:01 AM AST,0
15-Aug-19 4:30:01 AM AST,0
15-Aug-19 4:45:01 AM AST,0
15-Aug-19 5:00:01 AM AST,0
15-Aug-19 5:15:01 AM AST,0
15-Aug-19 5:30:01 AM AST,0
15-Aug-19 5:45:01 AM AST,0
15-Aug-19 6:00:01 AM AST,2
15-Aug-19 6:15:01 AM AST,3
15-Aug-19 6:30:01 AM AST,9
15-Aug-19 6:45:01 AM AST,28
15-Aug-19 7:00:01 AM AST,53
15-Aug-19 7:15:01 AM AST,82
15-Aug-19 7:30:02 AM AST,105
15-Aug-19 7:45:01 AM AST,129
15-Aug-19 8:00:01 AM AST,154
15-Aug-19 8:15:01 AM AST,180
15-Aug-19 8:30:01 AM AST,198
15-Aug-19 8:45:01 AM AST,231
15-Aug-19 9:00:01 AM AST,259
15-Aug-19 9:15:02 AM AST,288
15-Aug-19 9:30:01 AM AST,328
15-Aug-19 9:45:01 AM AST,353
15-Aug-19 10:00:01 AM AST,378
15-Aug-19 10:15:01 AM AST,400
15-Aug-19 10:30:01 AM AST,424
15-Aug-19 10:45:01 AM AST,436
15-Aug-19 11:00:01 AM AST,455
15-Aug-19 11:15:01 AM AST,465
15-Aug-19 11:30:01 AM AST,474
15-Aug-19 11:45:02 AM AST,485
15-Aug-19 12:00:01 PM AST,492
15-Aug-19 12:15:01 PM AST,496
15-Aug-19 12:30:01 PM AST,502
15-Aug-19 12:45:01 PM AST,504
15-Aug-19 1:00:01 PM AST,500
15-Aug-19 1:15:01 PM AST,501
15-Aug-19 1:30:02 PM AST,493
15-Aug-19 1:45:01 PM AST,486
15-Aug-19 2:00:01 PM AST,470
15-Aug-19 2:15:01 PM AST,457
15-Aug-19 2:30:01 PM AST,441
15-Aug-19 2:45:01 PM AST,423
15-Aug-19 3:00:01 PM AST,397
15-Aug-19 3:15:01 PM AST,374
15-Aug-19 3:30:01 PM AST,353
15-Aug-19 3:45:01 PM AST,324
15-Aug-19 4:00:01 PM AST,299
15-Aug-19 4:15:01 PM AST,269
15-Aug-19 4:30:01 PM AST,236
15-Aug-19 4:45:01 PM AST,199
15-Aug-19 5:00:01 PM AST,164
15-Aug-19 5:15:02 PM AST,128
15-Aug-19 5:30:02 PM AST,95
15-Aug-19 5:45:01 PM AST,67
15-Aug-19 6:00:01 PM AST,46
15-Aug-19 6:15:01 PM AST,28
15-Aug-19 6:30:01 PM AST,8
15-Aug-19 6:45:01 PM AST,0
15-Aug-19 7:00:01 PM AST,0
15-Aug-19 7:15:02 PM AST,0
15-Aug-19 7:30:01 PM AST,0
15-Aug-19 7:45:02 PM AST,0
15-Aug-19 8:00:01 PM AST,0
15-Aug-19 8:15:02 PM AST,0
15-Aug-19 8:30:01 PM AST,0
15-Aug-19 8:45:01 PM AST,0
15-Aug-19 9:00:01 PM AST,0
15-Aug-19 9:15:01 PM AST,0
15-Aug-19 9:30:01 PM AST,0
15-Aug-19 9:45:01 PM AST,0
15-Aug-19 10:00:02 PM AST,0
15-Aug-19 10:15:01 PM AST,0
15-Aug-19 10:30:01 PM AST,0
15-Aug-19 10:45:01 PM AST,0
15-Aug-19 11:00:01 PM AST,0
15-Aug-19 11:15:01 PM AST,0
15-Aug-19 11:30:01 PM AST,0
15-Aug-19 11:45:01 PM AST,0
16-Aug-19 12:00:02 AM AST,0
16-Aug-19 12:15:01 AM AST,0
16-Aug-19 12:30:01 AM AST,0
16-Aug-19 12:45:01 AM AST,0
16-Aug-19 1:00:01 AM AST,0
16-Aug-19 1:15:02 AM AST,0
16-Aug-19 1:30:01 AM AST,0
16-Aug-19 1:45:01 AM AST,0
16-Aug-19 2:00:01 AM AST,0
16-Aug-19 2:15:01 AM AST,0
16-Aug-19 2:30:01 AM AST,0
16-Aug-19 2:45:01 AM AST,0
16-Aug-19 3:00:01 AM AST,0
16-Aug-19 3:15:01 AM AST,0
16-Aug-19 3:30:01 AM AST,0
16-Aug-19 3:45:01 AM AST,0
16-Aug-19 4:00:01 AM AST,0
16-Aug-19 4:15:01 AM AST,0
16-Aug-19 4:30:01 AM AST,0
16-Aug-19 4:45:01 AM AST,0
16-Aug-19 5:00:01 AM AST,0
16-Aug-19 5:15:01 AM AST,0
16-Aug-19 5:30:01 AM AST,0
16-Aug-19 5:45:01 AM AST,0
16-Aug-19 6:00:01 AM AST,0
16-Aug-19 6:15:01 AM AST,0
16-Aug-19 6:30:01 AM AST,14
16-Aug-19 6:45:02 AM AST,36
16-Aug-19 7:00:02 AM AST,61
16-Aug-19 7:15:01 AM AST,89
16-Aug-19 7:30:01 AM AST,113
16-Aug-19 7:45:02 AM AST,139
16-Aug-19 8:00:02 AM AST,163
16-Aug-19 8:15:01 AM AST,189
16-Aug-19 8:30:02 AM AST,212
16-Aug-19 8:45:01 AM AST,244
16-Aug-19 9:00:01 AM AST,275
16-Aug-19 9:15:01 AM AST,303
16-Aug-19 9:30:01 AM AST,331
16-Aug-19 9:45:01 AM AST,350
16-Aug-19 10:00:02 AM AST,381
16-Aug-19 10:15:01 AM AST,402
16-Aug-19 10:30:01 AM AST,424
16-Aug-19 10:45:01 AM AST,440
16-Aug-19 11:00:01 AM AST,447
16-Aug-19 11:15:01 AM AST,458
16-Aug-19 11:30:01 AM AST,454
16-Aug-19 11:45:01 AM AST,487
16-Aug-19 12:00:01 PM AST,501
16-Aug-19 12:15:01 PM AST,509
16-Aug-19 12:30:01 PM AST,509
16-Aug-19 12:45:01 PM AST,514
16-Aug-19 1:00:01 PM AST,509
16-Aug-19 1:15:01 PM AST,505
16-Aug-19 1:30:01 PM AST,498
16-Aug-19 1:45:01 PM AST,493
16-Aug-19 2:00:01 PM AST,476
16-Aug-19 2:15:01 PM AST,466
16-Aug-19 2:30:01 PM AST,444
16-Aug-19 2:45:02 PM AST,425
16-Aug-19 3:00:01 PM AST,406
16-Aug-19 3:15:01 PM AST,377
16-Aug-19 3:30:02 PM AST,364
16-Aug-19 3:45:01 PM AST,335
16-Aug-19 4:00:01 PM AST,306
16-Aug-19 4:15:01 PM AST,273
16-Aug-19 4:30:01 PM AST,244
16-Aug-19 4:45:01 PM AST,205
16-Aug-19 5:00:01 PM AST,171
16-Aug-19 5:15:01 PM AST,139
16-Aug-19 5:30:02 PM AST,108
16-Aug-19 5:45:01 PM AST,76
16-Aug-19 6:00:01 PM AST,54
16-Aug-19 6:15:02 PM AST,26
16-Aug-19 6:30:01 PM AST,4
16-Aug-19 6:45:02 PM AST,1
16-Aug-19 7:00:01 PM AST,0
16-Aug-19 7:15:01 PM AST,0
16-Aug-19 7:30:01 PM AST,0
16-Aug-19 7:45:01 PM AST,0
16-Aug-19 8:00:01 PM AST,0
16-Aug-19 8:15:01 PM AST,0
16-Aug-19 8:30:01 PM AST,0
16-Aug-19 8:45:01 PM AST,0
16-Aug-19 9:00:01 PM AST,0
16-Aug-19 9:15:01 PM AST,0
16-Aug-19 9:30:01 PM AST,0
16-Aug-19 9:45:01 PM AST,0
16-Aug-19 10:00:01 PM AST,0
16-Aug-19 10:15:01 PM AST,0
16-Aug-19 10:30:01 PM AST,0
16-Aug-19 10:45:01 PM AST,0
16-Aug-19 11:00:02 PM AST,0
16-Aug-19 11:15:02 PM AST,0
16-Aug-19 11:30:01 PM AST,0
16-Aug-19 11:45:01 PM AST,0
17-Aug-19 12:00:01 AM AST,0
17-Aug-19 12:15:01 AM AST,0
17-Aug-19 12:30:01 AM AST,0
17-Aug-19 12:45:01 AM AST,0
17-Aug-19 1:00:02 AM AST,0
17-Aug-19 1:15:02 AM AST,0
17-Aug-19 1:30:01 AM AST,0
17-Aug-19 1:45:02 AM AST,0
17-Aug-19 2:00:01 AM AST,0
17-Aug-19 2:15:01 AM AST,0
17-Aug-19 2:30:01 AM AST,0
17-Aug-19 2:45:01 AM AST,0
17-Aug-19 3:00:02 AM AST,0
17-Aug-19 3:15:01 AM AST,0
17-Aug-19 3:30:01 AM AST,0
17-Aug-19 3:45:01 AM AST,0
17-Aug-19 4:00:01 AM AST,0
17-Aug-19 4:15:02 AM AST,0
17-Aug-19 4:30:01 AM AST,0
17-Aug-19 4:45:01 AM AST,0
17-Aug-19 5:00:02 AM AST,0
17-Aug-19 5:15:02 AM AST,0
17-Aug-19 5:30:02 AM AST,0
17-Aug-19 5:45:01 AM AST,0
17-Aug-19 6:00:01 AM AST,0
17-Aug-19 6:15:01 AM AST,0
17-Aug-19 6:30:01 AM AST,15
17-Aug-19 6:45:01 AM AST,38
17-Aug-19 7:00:01 AM AST,64
17-Aug-19 7:15:01 AM AST,90
17-Aug-19 7:30:02 AM AST,112
17-Aug-19 7:45:01 AM AST,140
17-Aug-19 8:00:01 AM AST,156
17-Aug-19 8:15:02 AM AST,186
17-Aug-19 8:30:01 AM AST,215
17-Aug-19 8:45:02 AM AST,249
17-Aug-19 9:00:01 AM AST,281
17-Aug-19 9:15:01 AM AST,312
17-Aug-19 9:30:01 AM AST,347
17-Aug-19 9:45:01 AM AST,375
17-Aug-19 10:00:01 AM AST,386
17-Aug-19 10:15:01 AM AST,395
17-Aug-19 10:30:01 AM AST,405
17-Aug-19 10:45:02 AM AST,427
17-Aug-19 11:00:01 AM AST,444
17-Aug-19 11:15:01 AM AST,456
17-Aug-19 11:30:02 AM AST,466
17-Aug-19 11:45:01 AM AST,479
17-Aug-19 12:00:01 PM AST,485
17-Aug-19 12:15:01 PM AST,493
17-Aug-19 12:30:01 PM AST,500
17-Aug-19 12:45:01 PM AST,499
17-Aug-19 1:00:02 PM AST,496
17-Aug-19 1:15:01 PM AST,490
17-Aug-19 1:30:01 PM AST,485
17-Aug-19 1:45:02 PM AST,476
17-Aug-19 2:00:01 PM AST,462
17-Aug-19 2:15:01 PM AST,451
17-Aug-19 2:30:01 PM AST,432
17-Aug-19 2:45:01 PM AST,414
17-Aug-19 3:00:01 PM AST,391
17-Aug-19 3:15:01 PM AST,379
17-Aug-19 3:30:01 PM AST,351
17-Aug-19 3:45:01 PM AST,319
17-Aug-19 4:00:02 PM AST,290
17-Aug-19 4:15:01 PM AST,260
17-Aug-19 4:30:01 PM AST,223
17-Aug-19 4:45:01 PM AST,190
17-Aug-19 5:00:02 PM AST,164
17-Aug-19 5:15:02 PM AST,126
17-Aug-19 5:30:01 PM AST,103
17-Aug-19 5:45:01 PM AST,69
17-Aug-19 6:00:01 PM AST,45
17-Aug-19 6:15:01 PM AST,19
17-Aug-19 6:30:01 PM AST,2
17-Aug-19 6:45:01 PM AST,0
17-Aug-19 7:00:01 PM AST,0
17-Aug-19 7:15:01 PM AST,0
17-Aug-19 7:30:02 PM AST,0
17-Aug-19 7:45:01 PM AST,0
17-Aug-19 8:00:01 PM AST,0
17-Aug-19 8:15:01 PM AST,0
17-Aug-19 8:30:01 PM AST,0
17-Aug-19 8:45:01 PM AST,0
17-Aug-19 9:00:01 PM AST,0
17-Aug-19 9:15:01 PM AST,0
17-Aug-19 9:30:01 PM AST,0
17-Aug-19 9:45:02 PM AST,0
17-Aug-19 10:00:01 PM AST,0
17-Aug-19 10:15:01 PM AST,0
17-Aug-19 10:30:01 PM AST,0
17-Aug-19 10:45:01 PM AST,0
17-Aug-19 11:00:01 PM AST,0
17-Aug-19 11:15:01 PM AST,0
17-Aug-19 11:30:02 PM AST,0
17-Aug-19 11:45:01 PM AST,0
18-Aug-19 12:00:01 AM AST,0
18-Aug-19 12:15:01 AM AST,0
18-Aug-19 12:30:01 AM AST,0
18-Aug-19 12:45:01 AM AST,0
18-Aug-19 1:00:02 AM AST,0
18-Aug-19 1:15:01 AM AST,0
18-Aug-19 1:30:01 AM AST,0
18-Aug-19 1:45:01 AM AST,0
18-Aug-19 2:00:02 AM AST,0
18-Aug-19 2:15:01 AM AST,0
18-Aug-19 2:30:01 AM AST,0
18-Aug-19 2:45:01 AM AST,0
18-Aug-19 3:00:01 AM AST,0
18-Aug-19 3:15:01 AM AST,0
18-Aug-19 3:30:01 AM AST,0
18-Aug-19 3:45:01 AM AST,0
18-Aug-19 4:00:01 AM AST,0
18-Aug-19 4:15:01 AM AST,0
18-Aug-19 4:30:01 AM AST,0
18-Aug-19 4:45:01 AM AST,0
18-Aug-19 5:00:02 AM AST,0
18-Aug-19 5:15:01 AM AST,0
18-Aug-19 5:30:01 AM AST,0
18-Aug-19 5:45:03 AM AST,0
18-Aug-19 6:00:01 AM AST,0
18-Aug-19 6:15:01 AM AST,0
18-Aug-19 6:30:02 AM AST,11
18-Aug-19 6:45:02 AM AST,36
18-Aug-19 7:00:01 AM AST,60
18-Aug-19 7:15:01 AM AST,83
18-Aug-19 7:30:01 AM AST,113
18-Aug-19 7:45:02 AM AST,130
18-Aug-19 8:00:01 AM AST,154
18-Aug-19 8:15:01 AM AST,180
18-Aug-19 8:30:01 AM AST,207
18-Aug-19 8:45:01 AM AST,239
18-Aug-19 9:00:01 AM AST,277
18-Aug-19 9:15:01 AM AST,305
18-Aug-19 9:30:01 AM AST,327
18-Aug-19 9:45:01 AM AST,357
18-Aug-19 10:00:01 AM AST,377
18-Aug-19 10:15:01 AM AST,400
18-Aug-19 10:30:01 AM AST,419
18-Aug-19 10:45:02 AM AST,441
18-Aug-19 11:00:01 AM AST,456
18-Aug-19 11:15:01 AM AST,471
18-Aug-19 11:30:01 AM AST,476
18-Aug-19 11:45:01 AM AST,482
18-Aug-19 12:00:02 PM AST,486
18-Aug-19 12:15:01 PM AST,489
18-Aug-19 12:30:01 PM AST,493
18-Aug-19 12:45:01 PM AST,496
18-Aug-19 1:00:01 PM AST,491
18-Aug-19 1:15:01 PM AST,494
18-Aug-19 1:30:01 PM AST,486
18-Aug-19 1:45:01 PM AST,475
18-Aug-19 2:00:01 PM AST,462
18-Aug-19 2:15:01 PM AST,452
18-Aug-19 2:30:01 PM AST,435
18-Aug-19 2:45:01 PM AST,421
18-Aug-19 3:00:01 PM AST,402
18-Aug-19 3:15:01 PM AST,371
18-Aug-19 3:30:01 PM AST,347
18-Aug-19 3:45:02 PM AST,316
18-Aug-19 4:00:01 PM AST,281
18-Aug-19 4:15:01 PM AST,258
18-Aug-19 4:30:01 PM AST,229
18-Aug-19 4:45:01 PM AST,192
18-Aug-19 5:00:01 PM AST,168
18-Aug-19 5:15:02 PM AST,129
18-Aug-19 5:30:02 PM AST,95
18-Aug-19 5:45:01 PM AST,65
18-Aug-19 6:00:01 PM AST,37
18-Aug-19 6:15:01 PM AST,16
18-Aug-19 6:30:01 PM AST,0
18-Aug-19 6:45:02 PM AST,1
18-Aug-19 7:00:01 PM AST,1
18-Aug-19 7:15:01 PM AST,0
18-Aug-19 7:30:01 PM AST,0
18-Aug-19 7:45:01 PM AST,0
18-Aug-19 8:00:01 PM AST,0
18-Aug-19 8:15:01 PM AST,0
18-Aug-19 8:30:01 PM AST,0
18-Aug-19 8:45:01 PM AST,0
18-Aug-19 9:00:01 PM AST,0
18-Aug-19 9:15:01 PM AST,0
18-Aug-19 9:30:02 PM AST,0
18-Aug-19 9:45:02 PM AST,0
18-Aug-19 10:00:01 PM AST,0
18-Aug-19 10:15:01 PM AST,0
18-Aug-19 10:30:02 PM AST,0
18-Aug-19 10:45:01 PM AST,0
18-Aug-19 11:00:02 PM AST,0
18-Aug-19 11:15:01 PM AST,0
18-Aug-19 11:30:02 PM AST,0
18-Aug-19 11:45:01 PM AST,0
19-Aug-19 12:00:01 AM AST,0
19-Aug-19 12:15:01 AM AST,0
19-Aug-19 12:30:01 AM AST,0
19-Aug-19 12:45:02 AM AST,0
19-Aug-19 1:00:01 AM AST,0
19-Aug-19 1:15:01 AM AST,0
19-Aug-19 1:30:01 AM AST,0
19-Aug-19 1:45:01 AM AST,0
19-Aug-19 2:00:01 AM AST,0
19-Aug-19 2:15:01 AM AST,0
19-Aug-19 2:30:01 AM AST,0
19-Aug-19 2:45:01 AM AST,0
19-Aug-19 3:00:01 AM AST,0
19-Aug-19 3:15:01 AM AST,0
19-Aug-19 3:30:01 AM AST,0
19-Aug-19 3:45:01 AM AST,0
19-Aug-19 4:00:01 AM AST,0
19-Aug-19 4:15:01 AM AST,0
19-Aug-19 4:30:01 AM AST,0
19-Aug-19 4:45:02 AM AST,0
19-Aug-19 5:00:01 AM AST,0
19-Aug-19 5:15:01 AM AST,0
19-Aug-19 5:30:01 AM AST,0
19-Aug-19 5:45:01 AM AST,0
19-Aug-19 6:00:01 AM AST,0
19-Aug-19 6:15:01 AM AST,2
19-Aug-19 6:30:01 AM AST,9
19-Aug-19 6:45:01 AM AST,28
19-Aug-19 7:00:01 AM AST,28
19-Aug-19 7:15:01 AM AST,65
19-Aug-19 7:30:01 AM AST,60
19-Aug-19 7:45:01 AM AST,140
19-Aug-19 8:00:01 AM AST,158
19-Aug-19 8:15:02 AM AST,187
19-Aug-19 8:30:01 AM AST,218
19-Aug-19 8:45:01 AM AST,98
19-Aug-19 9:00:01 AM AST,117
19-Aug-19 9:15:01 AM AST,188
19-Aug-19 9:30:01 AM AST,187
19-Aug-19 9:45:01 AM AST,347
19-Aug-19 10:00:01 AM AST,430
19-Aug-19 10:15:01 AM AST,426
19-Aug-19 10:30:02 AM AST,148
19-Aug-19 10:45:02 AM AST,157
19-Aug-19 11:00:01 AM AST,234
19-Aug-19 11:15:01 AM AST,499
19-Aug-19 11:30:01 AM AST,514
19-Aug-19 11:45:01 AM AST,396
19-Aug-19 12:00:01 PM AST,536
19-Aug-19 12:15:01 PM AST,524
19-Aug-19 12:30:01 PM AST,516
19-Aug-19 12:45:02 PM AST,511
19-Aug-19 1:00:01 PM AST,507
19-Aug-19 1:15:01 PM AST,500
19-Aug-19 1:30:02 PM AST,488
19-Aug-19 1:45:02 PM AST,480
19-Aug-19 2:00:01 PM AST,468
19-Aug-19 2:15:01 PM AST,456
19-Aug-19 2:30:01 PM AST,440
19-Aug-19 2:45:01 PM AST,420
19-Aug-19 3:00:01 PM AST,402
19-Aug-19 3:15:01 PM AST,378
19-Aug-19 3:30:01 PM AST,349
19-Aug-19 3:45:01 PM AST,321
19-Aug-19 4:00:01 PM AST,289
19-Aug-19 4:15:01 PM AST,261
19-Aug-19 4:30:02 PM AST,231
19-Aug-19 4:45:02 PM AST,203
19-Aug-19 5:00:02 PM AST,167
19-Aug-19 5:15:01 PM AST,133
19-Aug-19 5:30:01 PM AST,98
19-Aug-19 5:45:02 PM AST,67
19-Aug-19 6:00:01 PM AST,38
19-Aug-19 6:15:01 PM AST,15
19-Aug-19 6:30:01 PM AST,2
19-Aug-19 6:45:01 PM AST,0
19-Aug-19 7:00:01 PM AST,0
19-Aug-19 7:15:01 PM AST,0
19-Aug-19 7:30:01 PM AST,0
19-Aug-19 7:45:01 PM AST,0
19-Aug-19 8:00:01 PM AST,0
19-Aug-19 8:15:02 PM AST,0
19-Aug-19 8:30:01 PM AST,0
19-Aug-19 8:45:01 PM AST,0
19-Aug-19 9:00:01 PM AST,0
19-Aug-19 9:15:01 PM AST,0
19-Aug-19 9:30:02 PM AST,0
19-Aug-19 9:45:01 PM AST,0
19-Aug-19 10:00:01 PM AST,0
19-Aug-19 10:15:01 PM AST,0
19-Aug-19 10:30:02 PM AST,0
19-Aug-19 10:45:01 PM AST,0
19-Aug-19 11:00:01 PM AST,0
19-Aug-19 11:15:01 PM AST,0
19-Aug-19 11:30:01 PM AST,0
19-Aug-19 11:45:02 PM AST,0
20-Aug-19 12:00:01 AM AST,0
20-Aug-19 12:15:01 AM AST,0
20-Aug-19 12:30:01 AM AST,0
20-Aug-19 12:45:01 AM AST,0
20-Aug-19 1:00:01 AM AST,0
20-Aug-19 1:15:01 AM AST,0
20-Aug-19 1:30:01 AM AST,0
20-Aug-19 1:45:01 AM AST,0
20-Aug-19 2:00:01 AM AST,0
20-Aug-19 2:15:01 AM AST,0
20-Aug-19 2:30:01 AM AST,0
20-Aug-19 2:45:01 AM AST,0
20-Aug-19 3:00:01 AM AST,0
20-Aug-19 3:15:01 AM AST,0
20-Aug-19 3:30:02 AM AST,0
20-Aug-19 3:45:02 AM AST,0
20-Aug-19 4:00:02 AM AST,0
20-Aug-19 4:15:01 AM AST,0
20-Aug-19 4:30:01 AM AST,0
20-Aug-19 4:45:02 AM AST,0
20-Aug-19 5:00:01 AM AST,0
20-Aug-19 5:15:01 AM AST,0
20-Aug-19 5:30:02 AM AST,0
20-Aug-19 5:45:01 AM AST,0
20-Aug-19 6:00:01 AM AST,1
20-Aug-19 6:15:01 AM AST,2
20-Aug-19 6:30:02 AM AST,12
20-Aug-19 6:45:01 AM AST,29
20-Aug-19 7:00:01 AM AST,57
20-Aug-19 7:15:01 AM AST,84
20-Aug-19 7:30:01 AM AST,113
20-Aug-19 7:45:01 AM AST,142
20-Aug-19 8:00:01 AM AST,171
20-Aug-19 8:15:02 AM AST,201
20-Aug-19 8:30:02 AM AST,235
20-Aug-19 8:45:01 AM AST,243
20-Aug-19 9:00:02 AM AST,296
20-Aug-19 9:15:01 AM AST,321
20-Aug-19 9:30:01 AM AST,352
20-Aug-19 9:45:01 AM AST,380
20-Aug-19 10:00:01 AM AST,407
20-Aug-19 10:15:01 AM AST,430
20-Aug-19 10:30:01 AM AST,450
20-Aug-19 10:45:01 AM AST,463
20-Aug-19 11:00:01 AM AST,474
20-Aug-19 11:15:02 AM AST,494
20-Aug-19 11:30:01 AM AST,497
20-Aug-19 11:45:01 AM AST,510
20-Aug-19 12:00:02 PM AST,517
20-Aug-19 12:15:01 PM AST,517
20-Aug-19 12:30:01 PM AST,526
20-Aug-19 12:45:01 PM AST,524
20-Aug-19 1:00:01 PM AST,515
20-Aug-19 1:15:01 PM AST,513
20-Aug-19 1:30:01 PM AST,507
20-Aug-19 1:45:01 PM AST,495
20-Aug-19 2:00:02 PM AST,480
20-Aug-19 2:15:01 PM AST,470
20-Aug-19 2:30:01 PM AST,455
20-Aug-19 2:45:01 PM AST,432
20-Aug-19 3:00:01 PM AST,409
20-Aug-19 3:15:01 PM AST,384
20-Aug-19 3:30:01 PM AST,357
20-Aug-19 3:45:02 PM AST,331
20-Aug-19 4:00:01 PM AST,296
20-Aug-19 4:15:01 PM AST,273
20-Aug-19 4:30:01 PM AST,236
20-Aug-19 4:45:01 PM AST,199
20-Aug-19 5:00:01 PM AST,161
20-Aug-19 5:15:02 PM AST,125
20-Aug-19 5:30:02 PM AST,93
20-Aug-19 5:45:02 PM AST,62
20-Aug-19 6:00:01 PM AST,42
20-Aug-19 6:15:01 PM AST,17
20-Aug-19 6:30:01 PM AST,4
20-Aug-19 6:45:01 PM AST,0
20-Aug-19 7:00:02 PM AST,0
20-Aug-19 7:15:01 PM AST,0
20-Aug-19 7:30:01 PM AST,0
20-Aug-19 7:45:01 PM AST,0
20-Aug-19 8:00:01 PM AST,0
20-Aug-19 8:15:01 PM AST,0
20-Aug-19 8:30:01 PM AST,0
20-Aug-19 8:45:01 PM AST,0
20-Aug-19 9:00:01 PM AST,0
20-Aug-19 9:15:01 PM AST,0
20-Aug-19 9:30:01 PM AST,0
20-Aug-19 9:45:01 PM AST,0
20-Aug-19 10:00:01 PM AST,0
20-Aug-19 10:15:01 PM AST,0
20-Aug-19 10:30:01 PM AST,0
20-Aug-19 10:45:01 PM AST,0
20-Aug-19 11:00:01 PM AST,0
20-Aug-19 11:15:01 PM AST,0
20-Aug-19 11:30:01 PM AST,0
20-Aug-19 11:45:02 PM AST,0
21-Aug-19 12:00:02 AM AST,0
21-Aug-19 12:15:01 AM AST,0
21-Aug-19 12:30:01 AM AST,0
21-Aug-19 12:45:02 AM AST,0
21-Aug-19 1:00:01 AM AST,0
21-Aug-19 1:15:02 AM AST,0
21-Aug-19 1:30:02 AM AST,0
21-Aug-19 1:45:01 AM AST,0
21-Aug-19 2:00:01 AM AST,0
21-Aug-19 2:15:01 AM AST,0
21-Aug-19 2:30:01 AM AST,0
21-Aug-19 2:45:01 AM AST,0
21-Aug-19 3:00:01 AM AST,0
21-Aug-19 3:15:01 AM AST,0
21-Aug-19 3:30:01 AM AST,0
21-Aug-19 3:45:01 AM AST,0
21-Aug-19 4:00:02 AM AST,0
21-Aug-19 4:15:01 AM AST,0
21-Aug-19 4:30:02 AM AST,0
21-Aug-19 4:45:02 AM AST,0
21-Aug-19 5:00:01 AM AST,0
21-Aug-19 5:15:01 AM AST,0
21-Aug-19 5:30:01 AM AST,0
21-Aug-19 5:45:01 AM AST,0
21-Aug-19 6:00:01 AM AST,3
21-Aug-19 6:15:01 AM AST,0
21-Aug-19 6:30:01 AM AST,0
21-Aug-19 6:45:01 AM AST,11
21-Aug-19 7:00:01 AM AST,34
21-Aug-19 7:15:01 AM AST,59
21-Aug-19 7:30:01 AM AST,37
21-Aug-19 7:45:01 AM AST,56
21-Aug-19 8:00:01 AM AST,143
21-Aug-19 8:15:02 AM AST,206
21-Aug-19 8:30:01 AM AST,234
21-Aug-19 8:45:01 AM AST,262
21-Aug-19 9:00:01 AM AST,293
21-Aug-19 9:15:01 AM AST,331
21-Aug-19 9:30:01 AM AST,365
21-Aug-19 9:45:01 AM AST,395
21-Aug-19 10:00:02 AM AST,424
21-Aug-19 10:15:01 AM AST,442
21-Aug-19 10:30:01 AM AST,454
21-Aug-19 10:45:02 AM AST,474
21-Aug-19 11:00:01 AM AST,485
21-Aug-19 11:15:01 AM AST,498
21-Aug-19 11:30:01 AM AST,511
21-Aug-19 11:45:01 AM AST,522
21-Aug-19 12:00:01 PM AST,519
21-Aug-19 12:15:01 PM AST,529
21-Aug-19 12:30:02 PM AST,530
21-Aug-19 12:45:01 PM AST,531
21-Aug-19 1:00:01 PM AST,528
21-Aug-19 1:15:01 PM AST,526
21-Aug-19 1:30:01 PM AST,517
21-Aug-19 1:45:01 PM AST,507
21-Aug-19 2:00:01 PM AST,494
21-Aug-19 2:15:01 PM AST,472
21-Aug-19 2:30:01 PM AST,461
21-Aug-19 2:45:01 PM AST,443
21-Aug-19 3:00:01 PM AST,418
21-Aug-19 3:15:01 PM AST,395
21-Aug-19 3:30:01 PM AST,365
21-Aug-19 3:45:01 PM AST,343
21-Aug-19 4:00:01 PM AST,312
21-Aug-19 4:15:01 PM AST,282
21-Aug-19 4:30:01 PM AST,246
21-Aug-19 4:45:01 PM AST,215
21-Aug-19 5:00:01 PM AST,184
21-Aug-19 5:15:01 PM AST,153
21-Aug-19 5:30:01 PM AST,132
21-Aug-19 5:45:01 PM AST,108
21-Aug-19 6:00:02 PM AST,85
21-Aug-19 6:15:01 PM AST,42
21-Aug-19 6:30:02 PM AST,11
21-Aug-19 6:45:02 PM AST,1
21-Aug-19 7:00:01 PM AST,0
21-Aug-19 7:15:01 PM AST,0
21-Aug-19 7:30:02 PM AST,0
21-Aug-19 7:45:02 PM AST,0
21-Aug-19 8:00:01 PM AST,0
21-Aug-19 8:15:02 PM AST,0
21-Aug-19 8:30:01 PM AST,0
21-Aug-19 8:45:01 PM AST,0
21-Aug-19 9:00:01 PM AST,0
21-Aug-19 9:15:01 PM AST,0
21-Aug-19 9:30:01 PM AST,0
21-Aug-19 9:45:01 PM AST,0
21-Aug-19 10:00:01 PM AST,0
21-Aug-19 10:15:01 PM AST,0
21-Aug-19 10:30:01 PM AST,0
21-Aug-19 10:45:01 PM AST,0
21-Aug-19 11:00:01 PM AST,0
21-Aug-19 11:15:02 PM AST,0
21-Aug-19 11:30:01 PM AST,0
21-Aug-19 11:45:01 PM AST,0
22-Aug-19 12:00:01 AM AST,0
22-Aug-19 12:15:01 AM AST,0
22-Aug-19 12:30:01 AM AST,0
22-Aug-19 12:45:01 AM AST,0
22-Aug-19 1:00:02 AM AST,0
22-Aug-19 1:15:01 AM AST,0
22-Aug-19 1:30:02 AM AST,0
22-Aug-19 1:45:01 AM AST,0
22-Aug-19 2:00:01 AM AST,0
22-Aug-19 2:15:01 AM AST,0
22-Aug-19 2:30:01 AM AST,0
22-Aug-19 2:45:01 AM AST,0
22-Aug-19 3:00:01 AM AST,0
22-Aug-19 3:15:01 AM AST,0
22-Aug-19 3:30:01 AM AST,0
22-Aug-19 3:45:01 AM AST,0
22-Aug-19 4:00:01 AM AST,0
22-Aug-19 4:15:01 AM AST,0
22-Aug-19 4:30:01 AM AST,0
22-Aug-19 4:45:01 AM AST,0
22-Aug-19 5:00:01 AM AST,0
22-Aug-19 5:15:02 AM AST,0
22-Aug-19 5:30:01 AM AST,0
22-Aug-19 5:45:01 AM AST,0
22-Aug-19 6:00:01 AM AST,0
22-Aug-19 6:15:01 AM AST,0
22-Aug-19 6:30:01 AM AST,13
22-Aug-19 6:45:01 AM AST,39
22-Aug-19 7:00:01 AM AST,64
22-Aug-19 7:15:01 AM AST,90
22-Aug-19 7:30:01 AM AST,117
22-Aug-19 7:45:02 AM AST,137
22-Aug-19 8:00:01 AM AST,157
22-Aug-19 8:15:01 AM AST,179
22-Aug-19 8:30:01 AM AST,214
22-Aug-19 8:45:01 AM AST,247
22-Aug-19 9:00:02 AM AST,280
22-Aug-19 9:15:01 AM AST,311
22-Aug-19 9:30:01 AM AST,342
22-Aug-19 9:45:01 AM AST,371
22-Aug-19 10:00:01 AM AST,390
22-Aug-19 10:15:01 AM AST,414
22-Aug-19 10:30:01 AM AST,424
22-Aug-19 10:45:01 AM AST,451
22-Aug-19 11:00:01 AM AST,468
22-Aug-19 11:15:01 AM AST,480
22-Aug-19 11:30:01 AM AST,495
22-Aug-19 11:45:01 AM AST,501
22-Aug-19 12:00:01 PM AST,512
22-Aug-19 12:15:01 PM AST,515
22-Aug-19 12:30:01 PM AST,512
22-Aug-19 12:45:01 PM AST,516
22-Aug-19 1:00:01 PM AST,511
22-Aug-19 1:15:01 PM AST,503
22-Aug-19 1:30:01 PM AST,500
22-Aug-19 1:45:01 PM AST,485
22-Aug-19 2:00:02 PM AST,473
22-Aug-19 2:15:01 PM AST,454
22-Aug-19 2:30:01 PM AST,436
22-Aug-19 2:45:01 PM AST,419
22-Aug-19 3:00:01 PM AST,397
22-Aug-19 3:15:02 PM AST,381
22-Aug-19 3:30:01 PM AST,352
22-Aug-19 3:45:01 PM AST,320
22-Aug-19 4:00:02 PM AST,289
22-Aug-19 4:15:02 PM AST,254
22-Aug-19 4:30:01 PM AST,224
22-Aug-19 4:45:01 PM AST,188
22-Aug-19 5:00:01 PM AST,150
22-Aug-19 5:15:01 PM AST,123
22-Aug-19 5:30:02 PM AST,102
22-Aug-19 5:45:01 PM AST,70
22-Aug-19 6:00:01 PM AST,42
22-Aug-19 6:15:01 PM AST,22
22-Aug-19 6:30:01 PM AST,6
22-Aug-19 6:45:01 PM AST,0
22-Aug-19 7:00:01 PM AST,0
22-Aug-19 7:15:01 PM AST,0
22-Aug-19 7:30:01 PM AST,0
22-Aug-19 7:45:01 PM AST,0
22-Aug-19 8:00:01 PM AST,0
22-Aug-19 8:15:01 PM AST,0
22-Aug-19 8:30:01 PM AST,0
22-Aug-19 8:45:01 PM AST,0
22-Aug-19 9:00:02 PM AST,0
22-Aug-19 9:15:02 PM AST,0
22-Aug-19 9:30:01 PM AST,0
22-Aug-19 9:45:01 PM AST,0
22-Aug-19 10:00:01 PM AST,0
22-Aug-19 10:15:02 PM AST,0
22-Aug-19 10:30:01 PM AST,0
22-Aug-19 10:45:02 PM AST,0
22-Aug-19 11:00:01 PM AST,0
22-Aug-19 11:15:01 PM AST,0
22-Aug-19 11:30:01 PM AST,0
22-Aug-19 11:45:01 PM AST,0
23-Aug-19 12:00:01 AM AST,0
23-Aug-19 12:15:01 AM AST,0
23-Aug-19 12:30:01 AM AST,0
23-Aug-19 12:45:01 AM AST,0
23-Aug-19 1:00:01 AM AST,0
23-Aug-19 1:15:02 AM AST,0
23-Aug-19 1:30:02 AM AST,0
23-Aug-19 1:45:02 AM AST,0
23-Aug-19 2:00:02 AM AST,0
23-Aug-19 2:15:02 AM AST,0
23-Aug-19 2:30:02 AM AST,0
23-Aug-19 2:45:02 AM AST,0
23-Aug-19 3:00:01 AM AST,0
23-Aug-19 3:15:01 AM AST,0
23-Aug-19 3:30:01 AM AST,0
23-Aug-19 3:45:01 AM AST,0
23-Aug-19 4:00:01 AM AST,0
23-Aug-19 4:15:01 AM AST,0
23-Aug-19 4:30:02 AM AST,0
23-Aug-19 4:45:02 AM AST,0
23-Aug-19 5:00:01 AM AST,0
23-Aug-19 5:15:02 AM AST,0
23-Aug-19 5:30:02 AM AST,0
23-Aug-19 5:45:02 AM AST,0
23-Aug-19 6:00:01 AM AST,0
23-Aug-19 6:15:01 AM AST,0
23-Aug-19 6:30:01 AM AST,11
23-Aug-19 6:45:01 AM AST,35
23-Aug-19 7:00:01 AM AST,65
23-Aug-19 7:15:01 AM AST,89
23-Aug-19 7:30:01 AM AST,81
23-Aug-19 7:45:01 AM AST,128
23-Aug-19 8:00:01 AM AST,120
23-Aug-19 8:15:01 AM AST,124
23-Aug-19 8:30:01 AM AST,216
23-Aug-19 8:45:01 AM AST,181
23-Aug-19 9:00:01 AM AST,194
23-Aug-19 9:15:02 AM AST,144
23-Aug-19 9:30:01 AM AST,303
23-Aug-19 9:45:01 AM AST,376
23-Aug-19 10:00:01 AM AST,410
23-Aug-19 10:15:01 AM AST,363
23-Aug-19 10:30:02 AM AST,464
23-Aug-19 10:45:01 AM AST,409
23-Aug-19 11:00:01 AM AST,297
23-Aug-19 11:15:01 AM AST,497
23-Aug-19 11:30:01 AM AST,517
23-Aug-19 11:45:02 AM AST,529
23-Aug-19 12:00:01 PM AST,348
23-Aug-19 12:15:01 PM AST,522
23-Aug-19 12:30:01 PM AST,507
23-Aug-19 12:45:01 PM AST,501
23-Aug-19 1:00:01 PM AST,494
23-Aug-19 1:15:02 PM AST,492
23-Aug-19 1:30:01 PM AST,485
23-Aug-19 1:45:01 PM AST,475
23-Aug-19 2:00:01 PM AST,462
23-Aug-19 2:15:01 PM AST,454
23-Aug-19 2:30:01 PM AST,437
23-Aug-19 2:45:01 PM AST,422
23-Aug-19 3:00:01 PM AST,401
23-Aug-19 3:15:01 PM AST,373
23-Aug-19 3:30:01 PM AST,352
23-Aug-19 3:45:01 PM AST,326
23-Aug-19 4:00:02 PM AST,296
23-Aug-19 4:15:02 PM AST,257
23-Aug-19 4:30:02 PM AST,224
23-Aug-19 4:45:02 PM AST,196
23-Aug-19 5:00:01 PM AST,162
23-Aug-19 5:15:01 PM AST,133
23-Aug-19 5:30:01 PM AST,98
23-Aug-19 5:45:02 PM AST,65
23-Aug-19 6:00:01 PM AST,41
23-Aug-19 6:15:02 PM AST,14
23-Aug-19 6:30:01 PM AST,0
23-Aug-19 6:45:01 PM AST,0
23-Aug-19 7:00:01 PM AST,0
23-Aug-19 7:15:01 PM AST,0
23-Aug-19 7:30:01 PM AST,0
23-Aug-19 7:45:01 PM AST,0
23-Aug-19 8:00:01 PM AST,0
23-Aug-19 8:15:02 PM AST,0
23-Aug-19 8:30:01 PM AST,0
23-Aug-19 8:45:01 PM AST,0
23-Aug-19 9:00:01 PM AST,0
23-Aug-19 9:15:01 PM AST,0
23-Aug-19 9:30:01 PM AST,0
23-Aug-19 9:45:02 PM AST,0
23-Aug-19 10:00:01 PM AST,0
23-Aug-19 10:15:01 PM AST,0
23-Aug-19 10:30:01 PM AST,0
23-Aug-19 10:45:01 PM AST,0
23-Aug-19 11:00:02 PM AST,0
23-Aug-19 11:15:02 PM AST,0
23-Aug-19 11:30:01 PM AST,0
23-Aug-19 11:45:01 PM AST,0
24-Aug-19 12:00:02 AM AST,0
24-Aug-19 12:15:02 AM AST,0
24-Aug-19 12:30:01 AM AST,0
24-Aug-19 12:45:01 AM AST,0
24-Aug-19 1:00:01 AM AST,0
24-Aug-19 1:15:02 AM AST,0
24-Aug-19 1:30:01 AM AST,0
24-Aug-19 1:45:01 AM AST,0
24-Aug-19 2:00:01 AM AST,0
24-Aug-19 2:15:02 AM AST,0
24-Aug-19 2:30:01 AM AST,0
24-Aug-19 2:45:01 AM AST,0
24-Aug-19 3:00:01 AM AST,0
24-Aug-19 3:15:01 AM AST,0
24-Aug-19 3:30:01 AM AST,0
24-Aug-19 3:45:01 AM AST,0
24-Aug-19 4:00:01 AM AST,0
24-Aug-19 4:15:01 AM AST,0
24-Aug-19 4:30:01 AM AST,0
24-Aug-19 4:45:01 AM AST,0
24-Aug-19 5:00:02 AM AST,0
24-Aug-19 5:15:02 AM AST,0
24-Aug-19 5:30:01 AM AST,0
24-Aug-19 5:45:01 AM AST,0
24-Aug-19 6:00:02 AM AST,0
24-Aug-19 6:15:01 AM AST,0
24-Aug-19 6:30:01 AM AST,18
24-Aug-19 6:45:01 AM AST,38
24-Aug-19 7:00:01 AM AST,60
24-Aug-19 7:15:02 AM AST,62
24-Aug-19 7:30:01 AM AST,107
24-Aug-19 7:45:01 AM AST,133
24-Aug-19 8:00:02 AM AST,161
24-Aug-19 8:15:01 AM AST,193
24-Aug-19 8:30:01 AM AST,227
24-Aug-19 8:45:01 AM AST,263
24-Aug-19 9:00:01 AM AST,296
24-Aug-19 9:15:01 AM AST,318
24-Aug-19 9:30:02 AM AST,350
24-Aug-19 9:45:02 AM AST,374
24-Aug-19 10:00:01 AM AST,397
24-Aug-19 10:15:01 AM AST,417
24-Aug-19 10:30:01 AM AST,438
24-Aug-19 10:45:01 AM AST,459
24-Aug-19 11:00:01 AM AST,475
24-Aug-19 11:15:01 AM AST,490
24-Aug-19 11:30:01 AM AST,497
24-Aug-19 11:45:02 AM AST,503
24-Aug-19 12:00:01 PM AST,511
24-Aug-19 12:15:01 PM AST,515
24-Aug-19 12:30:01 PM AST,520
24-Aug-19 12:45:01 PM AST,517
24-Aug-19 1:00:01 PM AST,489
24-Aug-19 1:15:01 PM AST,517
24-Aug-19 1:30:01 PM AST,507
24-Aug-19 1:45:02 PM AST,496
24-Aug-19 2:00:01 PM AST,487
24-Aug-19 2:15:01 PM AST,477
24-Aug-19 2:30:01 PM AST,459
24-Aug-19 2:45:01 PM AST,438
24-Aug-19 3:00:01 PM AST,416
24-Aug-19 3:15:01 PM AST,391
24-Aug-19 3:30:01 PM AST,364
24-Aug-19 3:45:01 PM AST,337
24-Aug-19 4:00:01 PM AST,313
24-Aug-19 4:15:02 PM AST,300
24-Aug-19 4:30:01 PM AST,234
24-Aug-19 4:45:01 PM AST,222
24-Aug-19 5:00:01 PM AST,184
24-Aug-19 5:15:01 PM AST,125
24-Aug-19 5:30:01 PM AST,73
24-Aug-19 5:45:01 PM AST,45
24-Aug-19 6:00:01 PM AST,51
24-Aug-19 6:15:01 PM AST,25
24-Aug-19 6:30:02 PM AST,5
24-Aug-19 6:45:01 PM AST,3
24-Aug-19 7:00:01 PM AST,0
24-Aug-19 7:15:01 PM AST,0
24-Aug-19 7:30:01 PM AST,0
24-Aug-19 7:45:01 PM AST,0
24-Aug-19 8:00:01 PM AST,0
24-Aug-19 8:15:01 PM AST,0
24-Aug-19 8:30:02 PM AST,0
24-Aug-19 8:45:01 PM AST,0
24-Aug-19 9:00:01 PM AST,0
24-Aug-19 9:15:01 PM AST,0
24-Aug-19 9:30:01 PM AST,0
24-Aug-19 9:45:01 PM AST,0
24-Aug-19 10:00:01 PM AST,0
24-Aug-19 10:15:01 PM AST,0
24-Aug-19 10:30:01 PM AST,0
24-Aug-19 10:45:01 PM AST,0
24-Aug-19 11:00:01 PM AST,0
24-Aug-19 11:15:01 PM AST,0
24-Aug-19 11:30:01 PM AST,0
24-Aug-19 11:45:01 PM AST,0
25-Aug-19 12:00:01 AM AST,0
25-Aug-19 12:15:01 AM AST,0
25-Aug-19 12:30:01 AM AST,0
25-Aug-19 12:45:01 AM AST,0
25-Aug-19 1:00:01 AM AST,0
25-Aug-19 1:15:02 AM AST,0
25-Aug-19 1:30:02 AM AST,0
25-Aug-19 1:45:01 AM AST,0
25-Aug-19 2:00:02 AM AST,0
25-Aug-19 2:15:01 AM AST,0
25-Aug-19 2:30:01 AM AST,0
25-Aug-19 2:45:01 AM AST,0
25-Aug-19 3:00:02 AM AST,0
25-Aug-19 3:15:01 AM AST,0
25-Aug-19 3:30:01 AM AST,0
25-Aug-19 3:45:01 AM AST,0
25-Aug-19 4:00:02 AM AST,0
25-Aug-19 4:15:01 AM AST,0
25-Aug-19 4:30:01 AM AST,0
25-Aug-19 4:45:01 AM AST,0
25-Aug-19 5:00:01 AM AST,0
25-Aug-19 5:15:01 AM AST,0
25-Aug-19 5:30:01 AM AST,0
25-Aug-19 5:45:01 AM AST,0
25-Aug-19 6:00:01 AM AST,0
25-Aug-19 6:15:01 AM AST,2
25-Aug-19 6:30:01 AM AST,13
25-Aug-19 6:45:02 AM AST,34
25-Aug-19 7:00:01 AM AST,59
25-Aug-19 7:15:01 AM AST,83
25-Aug-19 7:30:01 AM AST,87
25-Aug-19 7:45:03 AM AST,151
25-Aug-19 8:00:01 AM AST,161
25-Aug-19 8:15:01 AM AST,191
25-Aug-19 8:30:01 AM AST,225
25-Aug-19 8:45:01 AM AST,175
25-Aug-19 9:00:01 AM AST,274
25-Aug-19 9:15:01 AM AST,304
25-Aug-19 9:30:01 AM AST,241
25-Aug-19 9:45:01 AM AST,391
25-Aug-19 10:00:01 AM AST,378
25-Aug-19 10:15:01 AM AST,408
25-Aug-19 10:30:01 AM AST,426
25-Aug-19 10:45:02 AM AST,447
25-Aug-19 11:00:02 AM AST,463
25-Aug-19 11:15:01 AM AST,475
25-Aug-19 11:30:01 AM AST,479
25-Aug-19 11:45:01 AM AST,495
25-Aug-19 12:00:01 PM AST,507
25-Aug-19 12:15:02 PM AST,510
25-Aug-19 12:30:02 PM AST,508
25-Aug-19 12:45:01 PM AST,510
25-Aug-19 1:00:01 PM AST,508
25-Aug-19 1:15:01 PM AST,503
25-Aug-19 1:30:01 PM AST,496
25-Aug-19 1:45:01 PM AST,485
25-Aug-19 2:00:02 PM AST,476
25-Aug-19 2:15:02 PM AST,466
25-Aug-19 2:30:01 PM AST,446
25-Aug-19 2:45:01 PM AST,425
25-Aug-19 3:00:01 PM AST,403
25-Aug-19 3:15:01 PM AST,373
25-Aug-19 3:30:01 PM AST,344
25-Aug-19 3:45:01 PM AST,321
25-Aug-19 4:00:01 PM AST,289
25-Aug-19 4:15:02 PM AST,262
25-Aug-19 4:30:01 PM AST,229
25-Aug-19 4:45:01 PM AST,187
25-Aug-19 5:00:02 PM AST,155
25-Aug-19 5:15:01 PM AST,122
25-Aug-19 5:30:01 PM AST,96
25-Aug-19 5:45:01 PM AST,74
25-Aug-19 6:00:01 PM AST,53
25-Aug-19 6:15:01 PM AST,27
25-Aug-19 6:30:01 PM AST,4
25-Aug-19 6:45:02 PM AST,0
25-Aug-19 7:00:01 PM AST,0
25-Aug-19 7:15:02 PM AST,0
25-Aug-19 7:30:02 PM AST,0
25-Aug-19 7:45:01 PM AST,0
25-Aug-19 8:00:01 PM AST,0
25-Aug-19 8:15:01 PM AST,0
25-Aug-19 8:30:02 PM AST,0
25-Aug-19 8:45:01 PM AST,0
25-Aug-19 9:00:01 PM AST,0
25-Aug-19 9:15:01 PM AST,0
25-Aug-19 9:30:01 PM AST,0
25-Aug-19 9:45:01 PM AST,0
25-Aug-19 10:00:01 PM AST,0
25-Aug-19 10:15:01 PM AST,0
25-Aug-19 10:30:01 PM AST,0
25-Aug-19 10:45:01 PM AST,0
25-Aug-19 11:00:01 PM AST,0
25-Aug-19 11:15:01 PM AST,0
25-Aug-19 11:30:01 PM AST,0
25-Aug-19 11:45:01 PM AST,0
26-Aug-19 12:00:01 AM AST,0
26-Aug-19 12:15:01 AM AST,0
26-Aug-19 12:30:01 AM AST,0
26-Aug-19 12:45:02 AM AST,0
26-Aug-19 1:00:02 AM AST,0
26-Aug-19 1:15:01 AM AST,0
26-Aug-19 1:30:01 AM AST,0
26-Aug-19 1:45:01 AM AST,0
26-Aug-19 2:00:01 AM AST,0
26-Aug-19 2:15:01 AM AST,0
26-Aug-19 2:30:01 AM AST,0
26-Aug-19 2:45:01 AM AST,0
26-Aug-19 3:00:01 AM AST,0
26-Aug-19 3:15:02 AM AST,0
26-Aug-19 3:30:01 AM AST,0
26-Aug-19 3:45:01 AM AST,0
26-Aug-19 4:00:01 AM AST,0
26-Aug-19 4:15:01 AM AST,0
26-Aug-19 4:30:02 AM AST,0
26-Aug-19 4:45:01 AM AST,0
26-Aug-19 5:00:01 AM AST,0
26-Aug-19 5:15:01 AM AST,0
26-Aug-19 5:30:01 AM AST,0
26-Aug-19 5:45:01 AM AST,0
26-Aug-19 6:00:01 AM AST,0
26-Aug-19 6:15:01 AM AST,1
26-Aug-19 6:30:01 AM AST,6
26-Aug-19 6:45:02 AM AST,28
26-Aug-19 7:00:01 AM AST,47
26-Aug-19 7:15:01 AM AST,84
26-Aug-19 7:30:01 AM AST,73
26-Aug-19 7:45:01 AM AST,71
26-Aug-19 8:00:01 AM AST,127
26-Aug-19 8:15:01 AM AST,166
26-Aug-19 8:30:02 AM AST,203
26-Aug-19 8:45:01 AM AST,235
26-Aug-19 9:00:01 AM AST,267
26-Aug-19 9:15:01 AM AST,294
26-Aug-19 9:30:01 AM AST,325
26-Aug-19 9:45:02 AM AST,132
26-Aug-19 10:00:01 AM AST,367
26-Aug-19 10:15:01 AM AST,391
26-Aug-19 10:30:01 AM AST,431
26-Aug-19 10:45:01 AM AST,436
26-Aug-19 11:00:01 AM AST,456
26-Aug-19 11:15:02 AM AST,465
26-Aug-19 11:30:01 AM AST,471
26-Aug-19 11:45:01 AM AST,485
26-Aug-19 12:00:01 PM AST,495
26-Aug-19 12:15:02 PM AST,499
26-Aug-19 12:30:02 PM AST,501
26-Aug-19 12:45:01 PM AST,500
26-Aug-19 1:00:01 PM AST,470
26-Aug-19 1:15:01 PM AST,433
26-Aug-19 1:30:01 PM AST,540
26-Aug-19 1:45:02 PM AST,482
26-Aug-19 2:00:01 PM AST,363
26-Aug-19 2:15:01 PM AST,322
26-Aug-19 2:30:01 PM AST,463
26-Aug-19 2:45:02 PM AST,437
26-Aug-19 3:00:01 PM AST,437
26-Aug-19 3:15:01 PM AST,307
26-Aug-19 3:30:01 PM AST,339
26-Aug-19 3:45:01 PM AST,313
26-Aug-19 4:00:01 PM AST,280
26-Aug-19 4:15:01 PM AST,246
26-Aug-19 4:30:01 PM AST,208
26-Aug-19 4:45:01 PM AST,175
26-Aug-19 5:00:01 PM AST,142
26-Aug-19 5:15:01 PM AST,109
26-Aug-19 5:30:00 PM AST,82
26-Aug-19 5:45:01 PM AST,64
26-Aug-19 6:00:01 PM AST,28
26-Aug-19 6:15:01 PM AST,15
26-Aug-19 6:30:01 PM AST,0
26-Aug-19 6:45:01 PM AST,1
26-Aug-19 7:00:01 PM AST,0
26-Aug-19 7:15:01 PM AST,0
26-Aug-19 7:30:01 PM AST,0
26-Aug-19 7:45:02 PM AST,0
26-Aug-19 8:00:02 PM AST,0
26-Aug-19 8:15:01 PM AST,0
26-Aug-19 8:30:01 PM AST,0
26-Aug-19 8:45:01 PM AST,0
26-Aug-19 9:00:02 PM AST,0
26-Aug-19 9:15:01 PM AST,0
26-Aug-19 9:30:01 PM AST,0
26-Aug-19 9:45:01 PM AST,0
26-Aug-19 10:00:01 PM AST,0
26-Aug-19 10:15:01 PM AST,0
26-Aug-19 10:30:01 PM AST,0
26-Aug-19 10:45:01 PM AST,0
26-Aug-19 11:00:01 PM AST,0
26-Aug-19 11:15:01 PM AST,0
26-Aug-19 11:30:02 PM AST,0
26-Aug-19 11:45:01 PM AST,0
27-Aug-19 12:00:01 AM AST,0
27-Aug-19 12:15:01 AM AST,0
27-Aug-19 12:30:01 AM AST,0
27-Aug-19 12:45:01 AM AST,0
27-Aug-19 1:00:02 AM AST,0
27-Aug-19 1:15:01 AM AST,0
27-Aug-19 1:30:01 AM AST,0
27-Aug-19 1:45:01 AM AST,0
27-Aug-19 2:00:02 AM AST,0
27-Aug-19 2:15:01 AM AST,0
27-Aug-19 2:30:01 AM AST,0
27-Aug-19 2:45:01 AM AST,0
27-Aug-19 3:00:01 AM AST,0
27-Aug-19 3:15:01 AM AST,0
27-Aug-19 3:30:01 AM AST,0
27-Aug-19 3:45:01 AM AST,0
27-Aug-19 4:00:01 AM AST,0
27-Aug-19 4:15:01 AM AST,0
27-Aug-19 4:30:01 AM AST,0
27-Aug-19 4:45:01 AM AST,0
27-Aug-19 5:00:01 AM AST,0
27-Aug-19 5:15:01 AM AST,0
27-Aug-19 5:30:01 AM AST,0
27-Aug-19 5:45:02 AM AST,0
27-Aug-19 6:00:01 AM AST,0
27-Aug-19 6:15:01 AM AST,0
27-Aug-19 6:30:02 AM AST,11
27-Aug-19 6:45:01 AM AST,36
27-Aug-19 7:00:01 AM AST,63
27-Aug-19 7:15:01 AM AST,88
27-Aug-19 7:30:02 AM AST,116
27-Aug-19 7:45:01 AM AST,139
27-Aug-19 8:00:01 AM AST,148
27-Aug-19 8:15:01 AM AST,192
27-Aug-19 8:30:01 AM AST,203
27-Aug-19 8:45:01 AM AST,235
27-Aug-19 9:00:02 AM AST,267
27-Aug-19 9:15:02 AM AST,304
27-Aug-19 9:30:01 AM AST,331
27-Aug-19 9:45:01 AM AST,362
27-Aug-19 10:00:02 AM AST,385
27-Aug-19 10:15:01 AM AST,399
27-Aug-19 10:30:02 AM AST,427
27-Aug-19 10:45:01 AM AST,440
27-Aug-19 11:00:01 AM AST,461
27-Aug-19 11:15:02 AM AST,473
27-Aug-19 11:30:01 AM AST,483
27-Aug-19 11:45:02 AM AST,495
27-Aug-19 12:00:01 PM AST,497
27-Aug-19 12:15:01 PM AST,500
27-Aug-19 12:30:01 PM AST,496
27-Aug-19 12:45:01 PM AST,490
27-Aug-19 1:00:02 PM AST,491
27-Aug-19 1:15:02 PM AST,480
27-Aug-19 1:30:01 PM AST,479
27-Aug-19 1:45:01 PM AST,475
27-Aug-19 2:00:01 PM AST,460
27-Aug-19 2:15:02 PM AST,440
27-Aug-19 2:30:01 PM AST,429
27-Aug-19 2:45:01 PM AST,405
27-Aug-19 3:00:02 PM AST,386
27-Aug-19 3:15:01 PM AST,363
27-Aug-19 3:30:02 PM AST,344
27-Aug-19 3:45:01 PM AST,309
27-Aug-19 4:00:02 PM AST,281
27-Aug-19 4:15:01 PM AST,249
27-Aug-19 4:30:01 PM AST,214
27-Aug-19 4:45:01 PM AST,177
27-Aug-19 5:00:01 PM AST,142
27-Aug-19 5:15:02 PM AST,117
27-Aug-19 5:30:01 PM AST,82
27-Aug-19 5:45:01 PM AST,62
27-Aug-19 6:00:01 PM AST,32
27-Aug-19 6:15:01 PM AST,12
27-Aug-19 6:30:01 PM AST,0
27-Aug-19 6:45:01 PM AST,0
27-Aug-19 7:00:01 PM AST,0
27-Aug-19 7:15:01 PM AST,0
27-Aug-19 7:30:01 PM AST,0
27-Aug-19 7:45:01 PM AST,0
27-Aug-19 8:00:01 PM AST,0
27-Aug-19 8:15:01 PM AST,0
27-Aug-19 8:30:01 PM AST,0
27-Aug-19 8:45:02 PM AST,0
27-Aug-19 9:00:01 PM AST,0
27-Aug-19 9:15:01 PM AST,0
27-Aug-19 9:30:01 PM AST,0
27-Aug-19 9:45:01 PM AST,0
27-Aug-19 10:00:02 PM AST,0
27-Aug-19 10:15:02 PM AST,0
27-Aug-19 10:30:01 PM AST,0
27-Aug-19 10:45:01 PM AST,0
27-Aug-19 11:00:02 PM AST,0
27-Aug-19 11:15:02 PM AST,0
27-Aug-19 11:30:01 PM AST,0
27-Aug-19 11:45:01 PM AST,0
28-Aug-19 12:00:02 AM AST,0
28-Aug-19 12:15:01 AM AST,0
28-Aug-19 12:30:01 AM AST,0
28-Aug-19 12:45:01 AM AST,0
28-Aug-19 1:00:01 AM AST,0
28-Aug-19 1:15:01 AM AST,0
28-Aug-19 1:30:01 AM AST,0
28-Aug-19 1:45:01 AM AST,0
28-Aug-19 2:00:01 AM AST,0
28-Aug-19 2:15:01 AM AST,0
28-Aug-19 2:30:02 AM AST,0
28-Aug-19 2:45:01 AM AST,0
28-Aug-19 3:00:01 AM AST,0
28-Aug-19 3:15:01 AM AST,0
28-Aug-19 3:30:01 AM AST,0
28-Aug-19 3:45:02 AM AST,0
28-Aug-19 4:00:02 AM AST,0
28-Aug-19 4:15:01 AM AST,0
28-Aug-19 4:30:02 AM AST,0
28-Aug-19 4:45:02 AM AST,0
28-Aug-19 5:00:02 AM AST,0
28-Aug-19 5:15:02 AM AST,0
28-Aug-19 5:30:01 AM AST,0
28-Aug-19 5:45:02 AM AST,0
28-Aug-19 6:00:01 AM AST,0
28-Aug-19 6:15:02 AM AST,0
28-Aug-19 6:30:01 AM AST,5
28-Aug-19 6:45:01 AM AST,31
28-Aug-19 7:00:01 AM AST,52
28-Aug-19 7:15:01 AM AST,90
28-Aug-19 7:30:01 AM AST,109
28-Aug-19 7:45:02 AM AST,136
28-Aug-19 8:00:01 AM AST,157
28-Aug-19 8:15:02 AM AST,148
28-Aug-19 8:30:01 AM AST,201
28-Aug-19 8:45:02 AM AST,246
28-Aug-19 9:00:01 AM AST,282
28-Aug-19 9:15:01 AM AST,310
28-Aug-19 9:30:01 AM AST,331
28-Aug-19 9:45:01 AM AST,355
28-Aug-19 10:00:01 AM AST,384
28-Aug-19 10:15:01 AM AST,404
28-Aug-19 10:30:01 AM AST,424
28-Aug-19 10:45:01 AM AST,439
28-Aug-19 11:00:02 AM AST,461
28-Aug-19 11:15:01 AM AST,480
28-Aug-19 11:30:02 AM AST,488
28-Aug-19 11:45:01 AM AST,499
28-Aug-19 12:00:02 PM AST,521
28-Aug-19 12:15:01 PM AST,526
28-Aug-19 12:30:01 PM AST,505
28-Aug-19 12:45:01 PM AST,519
28-Aug-19 1:00:01 PM AST,478
28-Aug-19 1:15:01 PM AST,525
28-Aug-19 1:30:01 PM AST,407
28-Aug-19 1:45:01 PM AST,482
28-Aug-19 2:00:02 PM AST,474
28-Aug-19 2:15:01 PM AST,451
28-Aug-19 2:30:01 PM AST,438
28-Aug-19 2:45:01 PM AST,422
28-Aug-19 3:00:01 PM AST,371
28-Aug-19 3:15:01 PM AST,446
28-Aug-19 3:30:01 PM AST,302
28-Aug-19 3:45:01 PM AST,190
28-Aug-19 4:00:01 PM AST,170
28-Aug-19 4:15:01 PM AST,153
28-Aug-19 4:30:01 PM AST,146
28-Aug-19 4:45:01 PM AST,96
28-Aug-19 5:00:02 PM AST,102
28-Aug-19 5:15:01 PM AST,103
28-Aug-19 5:30:01 PM AST,89
28-Aug-19 5:45:01 PM AST,58
28-Aug-19 6:00:02 PM AST,28
28-Aug-19 6:15:01 PM AST,8
28-Aug-19 6:30:01 PM AST,0
28-Aug-19 6:45:01 PM AST,0
28-Aug-19 7:00:01 PM AST,0
28-Aug-19 7:15:01 PM AST,0
28-Aug-19 7:30:01 PM AST,0
28-Aug-19 7:45:01 PM AST,0
28-Aug-19 8:00:01 PM AST,0
28-Aug-19 8:15:01 PM AST,0
28-Aug-19 8:30:01 PM AST,0
28-Aug-19 8:45:02 PM AST,0
28-Aug-19 9:00:01 PM AST,0
28-Aug-19 9:15:01 PM AST,0
28-Aug-19 9:30:01 PM AST,0
28-Aug-19 9:45:01 PM AST,0
28-Aug-19 10:00:01 PM AST,0
28-Aug-19 10:15:01 PM AST,0
28-Aug-19 10:30:01 PM AST,0
28-Aug-19 10:45:01 PM AST,0
28-Aug-19 11:00:01 PM AST,0
28-Aug-19 11:15:01 PM AST,0
28-Aug-19 11:30:01 PM AST,0
28-Aug-19 11:45:01 PM AST,0
29-Aug-19 12:00:01 AM AST,0
29-Aug-19 12:15:01 AM AST,0
29-Aug-19 12:30:01 AM AST,0
29-Aug-19 12:45:01 AM AST,0
29-Aug-19 1:00:01 AM AST,0
29-Aug-19 1:15:01 AM AST,0
29-Aug-19 1:30:02 AM AST,0
29-Aug-19 1:45:02 AM AST,0
29-Aug-19 2:00:02 AM AST,0
29-Aug-19 2:15:01 AM AST,0
29-Aug-19 2:30:01 AM AST,0
29-Aug-19 2:45:01 AM AST,0
29-Aug-19 3:00:02 AM AST,0
29-Aug-19 3:15:02 AM AST,0
29-Aug-19 3:30:01 AM AST,0
29-Aug-19 3:45:01 AM AST,0
29-Aug-19 4:00:01 AM AST,0
29-Aug-19 4:15:01 AM AST,0
29-Aug-19 4:30:02 AM AST,0
29-Aug-19 4:45:02 AM AST,0
29-Aug-19 5:00:01 AM AST,0
29-Aug-19 5:15:01 AM AST,0
29-Aug-19 5:30:01 AM AST,0
29-Aug-19 5:45:01 AM AST,0
29-Aug-19 6:00:01 AM AST,0
29-Aug-19 6:15:01 AM AST,0
29-Aug-19 6:30:02 AM AST,10
29-Aug-19 6:45:01 AM AST,26
29-Aug-19 7:00:01 AM AST,33
29-Aug-19 7:15:01 AM AST,57
29-Aug-19 7:30:02 AM AST,66
29-Aug-19 7:45:01 AM AST,78
29-Aug-19 8:00:01 AM AST,105
29-Aug-19 8:15:01 AM AST,120
29-Aug-19 8:30:01 AM AST,128
29-Aug-19 8:45:02 AM AST,123
29-Aug-19 9:00:01 AM AST,317
29-Aug-19 9:15:01 AM AST,336
29-Aug-19 9:30:01 AM AST,329
29-Aug-19 9:45:01 AM AST,380
29-Aug-19 10:00:01 AM AST,400
29-Aug-19 10:15:01 AM AST,407
29-Aug-19 10:30:01 AM AST,426
29-Aug-19 10:45:01 AM AST,453
29-Aug-19 11:00:01 AM AST,463
29-Aug-19 11:15:01 AM AST,475
29-Aug-19 11:30:01 AM AST,495
29-Aug-19 11:45:02 AM AST,438
29-Aug-19 12:00:01 PM AST,503
29-Aug-19 12:15:01 PM AST,506
29-Aug-19 12:30:02 PM AST,508
29-Aug-19 12:45:01 PM AST,503
29-Aug-19 1:00:01 PM AST,491
29-Aug-19 1:15:02 PM AST,494
29-Aug-19 1:30:01 PM AST,485
29-Aug-19 1:45:01 PM AST,477
29-Aug-19 2:00:01 PM AST,463
29-Aug-19 2:15:01 PM AST,448
29-Aug-19 2:30:01 PM AST,438
29-Aug-19 2:45:01 PM AST,417
29-Aug-19 3:00:01 PM AST,391
29-Aug-19 3:15:02 PM AST,364
29-Aug-19 3:30:01 PM AST,333
29-Aug-19 3:45:01 PM AST,307
29-Aug-19 4:00:01 PM AST,269
